300,5.000,0.322,1.614,0.000
500,5.000,0.322,1.614,0.000
700,5.000,0.314,1.572,0.000
900,5.000,0.313,1.564,0.000
1100,5.000,0.313,1.564,0.000
1300,5.000,0.313,1.564,0.000
1500,5.000,0.313,1.568,0.000
1700,5.000,0.314,1.572,0.000
1900,5.000,0.312,1.561,0.000
2100,5.000,0.312,1.561,0.000
2300,5.000,0.313,1.568,0.000
2500,5.000,0.314,1.572,0.001
2700,5.000,0.313,1.568,0.001
2900,5.000,0.314,1.568,0.001
3100,5.000,0.314,1.568,0.001
3300,5.000,0.313,1.564,0.001
3500,5.000,0.314,1.572,0.001
3700,5.000,0.314,1.572,0.001
3900,5.000,0.313,1.564,0.001
4100,5.000,0.313,1.568,0.001
4300,5.000,0.313,1.564,0.001
4500,5.000,0.313,1.564,0.001
4700,5.000,0.313,1.568,0.002
4900,5.000,0.313,1.568,0.002
5100,5.000,0.313,1.568,0.002
5300,5.000,0.313,1.564,0.002
5500,5.000,0.314,1.568,0.002
5700,5.000,0.313,1.568,0.002
5900,5.000,0.314,1.572,0.002
6100,5.000,0.314,1.572,0.002
6300,5.000,0.313,1.564,0.002
6500,5.000,0.314,1.572,0.002
6700,5.000,0.312,1.564,0.002
6900,5.000,0.312,1.564,0.003
7100,5.000,0.313,1.564,0.003
7300,5.000,0.314,1.572,0.003
7500,5.000,0.313,1.568,0.003
7700,5.000,0.313,1.568,0.003
7900,5.000,0.313,1.568,0.003
8100,5.000,0.313,1.564,0.003
8300,5.000,0.313,1.564,0.003
8500,5.000,0.314,1.572,0.003
8700,5.000,0.312,1.561,0.003
8900,5.000,0.313,1.568,0.003
9100,5.000,0.313,1.568,0.003
9300,5.000,0.313,1.564,0.004
9500,5.000,0.314,1.572,0.004
9700,5.000,0.313,1.568,0.004
9900,5.000,0.313,1.568,0.004
10100,5.000,0.313,1.568,0.004
10300,5.000,0.314,1.572,0.004
10500,5.000,0.312,1.564,0.004
10700,5.000,0.314,1.572,0.004
10900,5.000,0.314,1.572,0.004
11100,5.000,0.313,1.564,0.004
11300,5.000,0.314,1.572,0.004
11500,5.000,0.314,1.572,0.005
11700,5.000,0.313,1.568,0.005
11900,5.000,0.313,1.568,0.005
12100,5.000,0.314,1.568,0.005
12300,5.000,0.314,1.568,0.005
12500,5.000,0.313,1.568,0.005
12700,5.000,0.314,1.568,0.005
12900,5.000,0.313,1.568,0.005
13100,5.000,0.314,1.572,0.005
13300,5.000,0.314,1.572,0.005
13500,5.000,0.313,1.564,0.005
13700,5.000,0.314,1.572,0.006
13900,5.000,0.313,1.564,0.006
14100,5.000,0.313,1.564,0.006
14300,5.000,0.314,1.568,0.006
14500,5.000,0.314,1.568,0.006
14700,5.000,0.314,1.568,0.006
14900,5.000,0.313,1.564,0.006
15100,5.000,0.314,1.572,0.006
15300,5.000,0.312,1.564,0.006
15500,5.000,0.312,1.564,0.006
15700,5.000,0.313,1.568,0.006
15900,5.000,0.313,1.564,0.007
16100,5.000,0.313,1.564,0.007
16300,5.000,0.314,1.572,0.007
16500,5.000,0.313,1.568,0.007
16700,5.000,0.314,1.568,0.007
16900,5.000,0.314,1.572,0.007
17100,5.000,0.314,1.572,0.007
17300,5.000,0.313,1.568,0.007
17500,5.000,0.313,1.568,0.007
17700,5.000,0.313,1.564,0.007
17900,5.000,0.313,1.564,0.007
18100,5.000,0.314,1.572,0.008
18300,5.000,0.312,1.564,0.008
18500,5.000,0.314,1.568,0.008
18700,5.000,0.314,1.568,0.008
18900,5.000,0.313,1.564,0.008
19100,5.000,0.314,1.572,0.008
19300,5.000,0.314,1.572,0.008
19500,5.000,0.313,1.568,0.008
19700,5.000,0.312,1.564,0.008
19900,5.000,0.314,1.576,0.008
20100,5.000,0.313,1.568,0.008
20300,5.000,0.313,1.568,0.009
20500,5.000,0.313,1.568,0.009
20700,5.000,0.312,1.564,0.009
20900,5.000,0.314,1.568,0.009
21100,5.000,0.314,1.568,0.009
21300,5.000,0.313,1.568,0.009
21500,5.000,0.314,1.568,0.009
21700,5.000,0.314,1.568,0.009
21900,5.000,0.314,1.568,0.009
22100,5.000,0.313,1.564,0.009
22300,5.000,0.314,1.568,0.009
22500,5.000,0.314,1.568,0.009
22700,5.000,0.312,1.564,0.010
22900,5.000,0.314,1.572,0.010
23100,5.000,0.312,1.564,0.010
23300,5.000,0.312,1.564,0.010
23500,5.000,0.314,1.572,0.010
23700,5.000,0.313,1.568,0.010
23900,5.000,0.314,1.572,0.010
24100,5.000,0.313,1.568,0.010
24300,5.000,0.313,1.568,0.010
24500,5.000,0.312,1.564,0.010
24700,5.000,0.314,1.568,0.010
24900,5.000,0.313,1.568,0.011
25100,5.000,0.313,1.568,0.011
25300,5.000,0.314,1.572,0.011
25500,5.000,0.313,1.564,0.011
25700,5.000,0.313,1.564,0.011
25900,5.000,0.314,1.572,0.011
26100,5.000,0.313,1.564,0.011
26300,5.000,0.313,1.568,0.011
26500,5.000,0.313,1.568,0.011
26700,5.000,0.314,1.568,0.011
26900,5.000,0.313,1.568,0.011
27100,5.000,0.314,1.572,0.012
27300,5.000,0.313,1.564,0.012
27500,5.000,0.313,1.564,0.012
27700,5.000,0.314,1.572,0.012
27900,5.000,0.313,1.564,0.012
28100,5.000,0.313,1.564,0.012
28300,5.000,0.313,1.564,0.012
28500,5.000,0.313,1.568,0.012
28700,5.000,0.314,1.568,0.012
28900,5.000,0.314,1.568,0.012
29100,5.000,0.313,1.564,0.012
29300,5.000,0.313,1.564,0.013
29500,5.000,0.314,1.576,0.013
29700,5.000,0.314,1.576,0.013
29900,5.000,0.313,1.564,0.013
30100,5.000,0.314,1.572,0.013
30300,5.000,0.314,1.572,0.013
30500,5.000,0.314,1.572,0.013
30700,5.000,0.314,1.572,0.013
30900,5.000,0.313,1.568,0.013
31100,5.000,0.313,1.568,0.013
31300,5.000,0.313,1.568,0.013
31500,5.000,0.313,1.568,0.014
31700,5.000,0.313,1.568,0.014
31900,5.000,0.314,1.572,0.014
32100,5.000,0.314,1.572,0.014
32300,5.000,0.313,1.568,0.014
32500,5.000,0.314,1.568,0.014
32700,5.000,0.313,1.564,0.014
32900,5.000,0.313,1.564,0.014
33100,5.000,0.313,1.568,0.014
33300,5.000,0.313,1.568,0.014
33500,5.000,0.313,1.568,0.014
33700,5.000,0.314,1.572,0.014
33900,5.000,0.313,1.568,0.015
34100,5.000,0.313,1.564,0.015
34300,5.000,0.315,1.576,0.015
34500,5.000,0.315,1.576,0.015
34700,5.000,0.313,1.564,0.015
34900,5.000,0.314,1.572,0.015
35100,5.000,0.312,1.564,0.015
35300,5.000,0.312,1.564,0.015
35500,5.000,0.314,1.572,0.015
35700,5.000,0.313,1.568,0.015
35900,5.000,0.313,1.568,0.015
36100,5.000,0.313,1.568,0.016
36300,5.000,0.313,1.568,0.016
36500,5.000,0.320,1.599,0.016
36700,5.000,0.320,1.599,0.016
36900,5.000,0.314,1.568,0.016
37100,5.000,0.313,1.568,0.016
37300,5.000,0.314,1.572,0.016
37500,5.000,0.313,1.568,0.016
37700,5.000,0.313,1.568,0.016
37900,5.000,0.315,1.576,0.016
38100,5.000,0.313,1.568,0.017
38300,5.000,0.314,1.568,0.017
38500,5.000,0.314,1.568,0.017
38700,5.000,0.314,1.568,0.017
38900,5.000,0.313,1.568,0.017
39100,5.000,0.313,1.568,0.017
39300,5.000,0.314,1.572,0.017
39500,5.000,0.312,1.564,0.017
39700,5.000,0.314,1.572,0.017
39900,5.000,0.314,1.572,0.017
40100,5.000,0.313,1.564,0.017
40300,5.000,0.314,1.568,0.017
40500,5.000,0.314,1.568,0.018
40700,5.000,0.314,1.568,0.018
40900,5.000,0.314,1.572,0.018
41100,5.000,0.314,1.568,0.018
41300,5.000,0.313,1.568,0.018
41500,5.000,0.314,1.572,0.018
41700,5.000,0.314,1.572,0.018
41900,5.000,0.312,1.564,0.018
42100,5.000,0.314,1.572,0.018
42300,5.000,0.314,1.572,0.018
42500,5.000,0.313,1.568,0.018
42700,5.000,0.314,1.568,0.019
42900,5.000,0.313,1.564,0.019
43100,5.000,0.313,1.564,0.019
43300,5.000,0.313,1.568,0.019
43500,5.000,0.314,1.568,0.019
43700,5.000,0.312,1.561,0.019
43900,5.000,0.312,1.561,0.019
44100,5.000,0.314,1.568,0.019
44300,5.000,0.313,1.564,0.019
44500,5.000,0.314,1.572,0.019
44700,5.000,0.313,1.564,0.019
44900,5.000,0.313,1.564,0.020
45100,5.000,0.313,1.568,0.020
45300,5.000,0.333,1.667,0.020
45500,5.000,0.333,1.667,0.020
45700,5.000,0.314,1.568,0.020
45900,5.000,0.313,1.564,0.020
46100,5.000,0.314,1.572,0.020
46300,5.000,0.314,1.572,0.020
46500,5.000,0.313,1.568,0.020
46700,5.000,0.313,1.564,0.020
46900,5.000,0.312,1.564,0.020
47100,5.000,0.312,1.564,0.021
47300,5.000,0.314,1.572,0.021
47500,5.000,0.312,1.564,0.021
47700,5.000,0.312,1.564,0.021
47900,5.000,0.313,1.568,0.021
48100,5.000,0.313,1.568,0.021
48300,5.000,0.313,1.568,0.021
48500,5.000,0.314,1.568,0.021
48700,5.000,0.314,1.568,0.021
48900,5.000,0.312,1.564,0.021
49100,5.000,0.314,1.572,0.021
49300,5.000,0.313,1.564,0.022
49500,5.000,0.313,1.564,0.022
49700,5.000,0.314,1.572,0.022
49900,5.000,0.313,1.564,0.022
50100,5.000,0.313,1.564,0.022
50300,5.000,0.314,1.568,0.022
50500,5.000,0.313,1.568,0.022
50700,5.000,0.313,1.564,0.022
50900,5.000,0.313,1.564,0.022
51100,5.000,0.314,1.568,0.022
51300,5.000,0.313,1.568,0.022
51500,5.000,0.313,1.568,0.023
51700,5.000,0.313,1.564,0.023
51900,5.000,0.313,1.564,0.023
52100,5.000,0.314,1.572,0.023
52300,5.000,0.312,1.561,0.023
52500,5.000,0.313,1.568,0.023
52700,5.000,0.313,1.568,0.023
52900,5.000,0.313,1.564,0.023
53100,5.000,0.314,1.568,0.023
53300,5.000,0.314,1.568,0.023
53500,5.000,0.314,1.568,0.023
53700,5.000,0.312,1.564,0.023
53900,5.000,0.314,1.572,0.024
54100,5.000,0.314,1.572,0.024
54300,5.000,0.313,1.568,0.024
54500,5.000,0.313,1.564,0.024
54700,5.000,0.313,1.564,0.024
54900,5.000,0.314,1.576,0.024
55100,5.000,0.314,1.576,0.024
55300,5.000,0.313,1.568,0.024
55500,5.000,0.313,1.568,0.024
55700,5.000,0.313,1.568,0.024
55900,5.000,0.313,1.568,0.024
56100,5.000,0.313,1.564,0.025
56300,5.000,0.314,1.568,0.025
56500,5.000,0.314,1.568,0.025
56700,5.000,0.312,1.561,0.025
56900,5.000,0.314,1.572,0.025
57100,5.000,0.313,1.564,0.025
57300,5.000,0.313,1.564,0.025
57500,5.000,0.313,1.568,0.025
57700,5.000,0.313,1.568,0.025
57900,5.000,0.313,1.568,0.025
58100,5.000,0.313,1.568,0.025
58300,5.000,0.314,1.568,0.026
58500,5.000,0.313,1.568,0.026
58700,5.000,0.314,1.572,0.026
58900,5.000,0.313,1.568,0.026
59100,5.000,0.313,1.568,0.026
59300,5.000,0.314,1.568,0.026
59500,5.000,0.312,1.564,0.026
59700,5.000,0.312,1.564,0.026
59900,5.000,0.314,1.572,0.026
60100,5.000,0.313,1.564,0.026
60300,5.000,0.313,1.568,0.026
60500,5.000,0.313,1.568,0.027
60700,5.000,0.313,1.568,0.027
60900,5.000,0.313,1.564,0.027
61100,5.000,0.313,1.564,0.027
61300,5.000,0.314,1.572,0.027
61500,5.000,0.312,1.564,0.027
61700,5.000,0.314,1.568,0.027
61900,5.000,0.314,1.568,0.027
62100,5.000,0.314,1.568,0.027
62300,5.000,0.313,1.568,0.027
62500,5.000,0.313,1.564,0.027
62700,5.000,0.314,1.568,0.028
62900,5.000,0.314,1.568,0.028
63100,5.000,0.313,1.564,0.028
63300,5.000,0.313,1.568,0.028
63500,5.000,0.314,1.572,0.028
63700,5.000,0.314,1.572,0.028
63900,5.000,0.313,1.564,0.028
64100,5.000,0.314,1.568,0.028
64300,5.000,0.314,1.568,0.028
64500,5.000,0.312,1.561,0.028
64700,5.000,0.314,1.572,0.028
64900,5.000,0.313,1.564,0.028
65100,5.000,0.313,1.564,0.029
65300,5.000,0.313,1.564,0.029
65500,5.000,0.314,1.568,0.029
65700,5.000,0.313,1.568,0.029
65900,5.000,0.314,1.572,0.029
66100,5.000,0.314,1.572,0.029
66300,5.000,0.312,1.564,0.029
66500,5.000,0.313,1.568,0.029
66700,5.000,0.314,1.568,0.029
66900,5.000,0.314,1.568,0.029
67100,5.000,0.314,1.572,0.029
67300,5.000,0.313,1.568,0.030
67500,5.000,0.313,1.568,0.030
67700,5.000,0.313,1.568,0.030
67900,5.000,0.313,1.568,0.030
68100,5.000,0.312,1.564,0.030
68300,5.000,0.312,1.564,0.030
68500,5.000,0.314,1.572,0.030
68700,5.000,0.313,1.564,0.030
68900,5.000,0.314,1.572,0.030
69100,5.000,0.313,1.564,0.030
69300,5.000,0.313,1.564,0.030
69500,5.000,0.314,1.572,0.031
69700,5.000,0.313,1.568,0.031
69900,5.000,0.313,1.568,0.031
70100,5.000,0.313,1.568,0.031
70300,5.000,0.314,1.568,0.031
70500,5.000,0.314,1.568,0.031
70700,5.000,0.314,1.568,0.031
70900,5.000,0.314,1.568,0.031
71100,5.000,0.313,1.564,0.031
71300,5.000,0.313,1.568,0.031
71500,5.000,0.313,1.568,0.031
71700,5.000,0.313,1.564,0.032
71900,5.000,0.314,1.568,0.032
72100,5.000,0.314,1.568,0.032
72300,5.000,0.313,1.564,0.032
72500,5.000,0.314,1.568,0.032
72700,5.000,0.314,1.568,0.032
72900,5.000,0.313,1.564,0.032
73100,5.000,0.313,1.564,0.032
73300,5.000,0.314,1.572,0.032
73500,5.000,0.312,1.564,0.032
73700,5.000,0.314,1.572,0.032
73900,5.000,0.314,1.572,0.033
74100,5.000,0.313,1.568,0.033
74300,5.000,0.314,1.568,0.033
74500,5.000,0.313,1.568,0.033
74700,5.000,0.313,1.568,0.033
74900,5.000,0.313,1.568,0.033
75100,5.000,0.313,1.568,0.033
75300,5.000,0.313,1.568,0.033
75500,5.000,0.313,1.568,0.033
75700,5.000,0.313,1.568,0.033
75900,5.000,0.313,1.564,0.033
76100,5.000,0.314,1.572,0.034
76300,5.000,0.314,1.572,0.034
76500,5.000,0.313,1.568,0.034
76700,5.000,0.314,1.568,0.034
76900,5.000,0.313,1.564,0.034
77100,5.000,0.313,1.564,0.034
77300,5.000,0.314,1.572,0.034
77500,5.000,0.314,1.572,0.034
77700,5.000,0.313,1.568,0.034
77900,5.000,0.313,1.568,0.034
78100,5.000,0.314,1.572,0.034
78300,5.000,0.313,1.568,0.035
78500,5.000,0.313,1.568,0.035
78700,5.000,0.313,1.568,0.035
78900,5.000,0.313,1.564,0.035
79100,5.000,0.314,1.572,0.035
79300,5.000,0.314,1.572,0.035
79500,5.000,0.314,1.572,0.035
79700,5.000,0.313,1.568,0.035
79900,5.000,0.313,1.568,0.035
80100,5.000,0.313,1.568,0.035
80300,5.000,0.313,1.568,0.035
80500,5.000,0.314,1.572,0.036
80700,5.000,0.312,1.561,0.036
80900,5.000,0.314,1.572,0.036
81100,5.000,0.314,1.572,0.036
81300,5.000,0.314,1.568,0.036
81500,5.000,0.313,1.568,0.036
81700,5.000,0.313,1.568,0.036
81900,5.000,0.313,1.568,0.036
82100,5.000,0.313,1.568,0.036
82300,5.000,0.314,1.568,0.036
82500,5.000,0.314,1.568,0.036
82700,5.000,0.313,1.564,0.036
82900,5.000,0.314,1.572,0.037
83100,5.000,0.314,1.568,0.037
83300,5.000,0.314,1.572,0.037
83500,5.000,0.314,1.572,0.037
83700,5.000,0.313,1.568,0.037
83900,5.000,0.314,1.568,0.037
84100,5.000,0.314,1.568,0.037
84300,5.000,0.313,1.568,0.037
84500,5.000,0.313,1.568,0.037
84700,5.000,0.314,1.568,0.037
84900,5.000,0.314,1.568,0.037
85100,5.000,0.313,1.564,0.038
85300,5.000,0.314,1.568,0.038
85500,5.000,0.312,1.564,0.038
85700,5.000,0.312,1.564,0.038
85900,5.000,0.314,1.568,0.038
86100,5.000,0.314,1.572,0.038
86300,5.000,0.314,1.572,0.038
86500,5.000,0.313,1.564,0.038
86700,5.000,0.313,1.564,0.038
86900,5.000,0.313,1.568,0.038
87100,5.000,0.314,1.568,0.038
87300,5.000,0.314,1.568,0.039
87500,5.000,0.313,1.564,0.039
87700,5.000,0.313,1.568,0.039
87900,5.000,0.313,1.568,0.039
88100,5.000,0.313,1.568,0.039
88300,5.000,0.314,1.572,0.039
88500,5.000,0.312,1.564,0.039
88700,5.000,0.313,1.568,0.039
88900,5.000,0.313,1.568,0.039
89100,5.000,0.313,1.568,0.039
89300,5.000,0.313,1.564,0.039
89500,5.000,0.313,1.564,0.040
89700,5.000,0.314,1.568,0.040
89900,5.000,0.313,1.568,0.040
90100,5.000,0.314,1.572,0.040
90300,5.000,0.313,1.564,0.040
90500,5.000,0.313,1.564,0.040
90700,5.000,0.313,1.568,0.040
90900,5.000,0.313,1.564,0.040
91100,5.000,0.313,1.568,0.040
91300,5.000,0.313,1.568,0.040
91500,5.000,0.313,1.568,0.040
91700,5.000,0.313,1.568,0.041
91900,5.000,0.314,1.568,0.041
92100,5.000,0.314,1.568,0.041
92300,5.000,0.313,1.564,0.041
92500,5.000,0.313,1.568,0.041
92700,5.000,0.313,1.568,0.041
92900,5.000,0.313,1.564,0.041
93100,5.000,0.314,1.572,0.041
93300,5.000,0.313,1.564,0.041
93500,5.000,0.313,1.568,0.041
93700,5.000,0.313,1.568,0.041
93900,5.000,0.314,1.572,0.042
94100,5.000,0.313,1.564,0.042
94300,5.000,0.313,1.568,0.042
94500,5.000,0.313,1.568,0.042
94700,5.000,0.313,1.568,0.042
94900,5.000,0.314,1.572,0.042
95100,5.000,0.314,1.572,0.042
95300,5.000,0.313,1.568,0.042
95500,5.000,0.314,1.568,0.042
95700,5.000,0.314,1.568,0.042
95900,5.000,0.314,1.568,0.042
96100,5.000,0.314,1.568,0.042
96300,5.000,0.312,1.564,0.043
96500,5.000,0.313,1.564,0.043
96700,5.000,0.313,1.564,0.043
96900,5.000,0.314,1.572,0.043
97100,5.000,0.313,1.564,0.043
97300,5.000,0.314,1.572,0.043
97500,5.000,0.313,1.564,0.043
97700,5.000,0.313,1.564,0.043
97900,5.000,0.314,1.572,0.043
98100,5.000,0.313,1.568,0.043
98300,5.000,0.313,1.568,0.043
98500,5.000,0.313,1.564,0.044
98700,5.000,0.314,1.568,0.044
98900,5.000,0.313,1.568,0.044
99100,5.000,0.313,1.568,0.044
99300,5.000,0.313,1.564,0.044
99500,5.000,0.313,1.564,0.044
99700,5.000,0.313,1.568,0.044
99900,5.000,0.313,1.568,0.044
100100,5.000,0.313,1.568,0.044
100300,5.000,0.314,1.572,0.044
100500,5.000,0.314,1.568,0.044
100700,5.000,0.314,1.568,0.045
100900,5.000,0.314,1.568,0.045
101100,5.000,0.313,1.564,0.045
101300,5.000,0.313,1.568,0.045
101500,5.000,0.313,1.568,0.045
101700,5.000,0.314,1.572,0.045
101900,5.000,0.313,1.568,0.045
102100,5.000,0.314,1.572,0.045
102300,5.000,0.314,1.572,0.045
102500,5.000,0.312,1.564,0.045
102700,5.000,0.315,1.576,0.045
102900,5.000,0.313,1.568,0.046
103100,5.000,0.313,1.568,0.046
103300,5.000,0.313,1.568,0.046
103500,5.000,0.313,1.564,0.046
103700,5.000,0.313,1.564,0.046
103900,5.000,0.313,1.568,0.046
104100,5.000,0.313,1.568,0.046
104300,5.000,0.314,1.572,0.046
104500,5.000,0.313,1.564,0.046
104700,5.000,0.313,1.564,0.046
104900,5.000,0.314,1.568,0.046
105100,5.000,0.313,1.568,0.047
105300,5.000,0.313,1.568,0.047
105500,5.000,0.313,1.568,0.047
105700,5.000,0.313,1.568,0.047
105900,5.000,0.313,1.568,0.047
106100,5.000,0.313,1.568,0.047
106300,5.000,0.313,1.568,0.047
106500,5.000,0.313,1.568,0.047
106700,5.000,0.314,1.568,0.047
106900,5.000,0.314,1.568,0.047
107100,5.000,0.312,1.561,0.047
107300,5.000,0.314,1.572,0.047
107500,5.000,0.313,1.564,0.048
107700,5.000,0.314,1.572,0.048
107900,5.000,0.314,1.572,0.048
108100,5.000,0.313,1.568,0.048
108300,5.000,0.313,1.564,0.048
108500,5.000,0.313,1.568,0.048
108700,5.000,0.313,1.568,0.048
108900,5.000,0.313,1.568,0.048
109100,5.000,0.314,1.572,0.048
109300,5.000,0.314,1.572,0.048
109500,5.000,0.314,1.568,0.048
109700,5.000,0.314,1.568,0.049
109900,5.000,0.313,1.564,0.049
110100,5.000,0.313,1.564,0.049
110300,5.000,0.314,1.568,0.049
110500,5.000,0.313,1.568,0.049
110700,5.000,0.313,1.568,0.049
110900,5.000,0.313,1.568,0.049
111100,5.000,0.313,1.568,0.049
111300,5.000,0.313,1.564,0.049
111500,5.000,0.314,1.572,0.049
111700,5.000,0.313,1.564,0.049
111900,5.000,0.313,1.564,0.050
112100,5.000,0.313,1.568,0.050
112300,5.000,0.313,1.568,0.050
112500,5.000,0.313,1.568,0.050
112700,5.000,0.314,1.572,0.050
112900,5.000,0.313,1.568,0.050
113100,5.000,0.313,1.564,0.050
113300,5.000,0.313,1.564,0.050
113500,5.000,0.313,1.568,0.050
113700,5.000,0.313,1.568,0.050
113900,5.000,0.314,1.568,0.050
114100,5.000,0.314,1.568,0.051
114300,5.000,0.314,1.568,0.051
114500,5.000,0.314,1.572,0.051
114700,5.000,0.313,1.564,0.051
114900,5.000,0.313,1.572,0.051
115100,5.000,0.314,1.572,0.051
115300,5.000,0.313,1.568,0.051
115500,5.000,0.313,1.568,0.051
115700,5.000,0.313,1.568,0.051
115900,5.000,0.314,1.568,0.051
116100,5.000,0.313,1.568,0.051
116300,5.000,0.314,1.572,0.052
116500,5.000,0.314,1.572,0.052
116700,5.000,0.312,1.564,0.052
116900,5.000,0.314,1.568,0.052
117100,5.000,0.314,1.568,0.052
117300,5.000,0.313,1.568,0.052
117500,5.000,0.314,1.568,0.052
117700,5.000,0.313,1.564,0.052
117900,5.000,0.314,1.568,0.052
118100,5.000,0.314,1.568,0.052
118300,5.000,0.314,1.568,0.052
118500,5.000,0.313,1.568,0.053
118700,5.000,0.314,1.568,0.053
118900,5.000,0.314,1.568,0.053
119100,5.000,0.312,1.564,0.053
119300,5.000,0.314,1.572,0.053
119500,5.000,0.313,1.564,0.053
119700,5.000,0.313,1.564,0.053
119900,5.000,0.313,1.568,0.053
120100,5.000,0.313,1.568,0.053
120300,5.000,0.313,1.568,0.053
120500,5.000,0.313,1.564,0.053
120700,5.000,0.313,1.568,0.054
120900,5.000,0.313,1.564,0.054
121100,5.000,0.313,1.564,0.054
121300,5.000,0.314,1.572,0.054
121500,5.000,0.313,1.568,0.054
121700,5.000,0.314,1.568,0.054
121900,5.000,0.314,1.572,0.054
122100,5.000,0.314,1.572,0.054
122300,5.000,0.313,1.568,0.054
122500,5.000,0.312,1.561,0.054
122700,5.000,0.313,1.568,0.054
122900,5.000,0.313,1.568,0.055
123100,5.000,0.314,1.572,0.055
123300,5.000,0.313,1.564,0.055
123500,5.000,0.313,1.564,0.055
123700,5.000,0.314,1.568,0.055
123900,5.000,0.313,1.564,0.055
124100,5.000,0.314,1.568,0.055
124300,5.000,0.314,1.568,0.055
124500,5.000,0.312,1.564,0.055
124700,5.000,0.313,1.564,0.055
124900,5.000,0.313,1.568,0.055
125100,5.000,0.314,1.572,0.056
125300,5.000,0.314,1.572,0.056
125500,5.000,0.313,1.568,0.056
125700,5.000,0.313,1.564,0.056
125900,5.000,0.313,1.568,0.056
126100,5.000,0.314,1.568,0.056
126300,5.000,0.313,1.564,0.056
126500,5.000,0.314,1.568,0.056
126700,5.000,0.314,1.568,0.056
126900,5.000,0.313,1.564,0.056
127100,5.000,0.313,1.568,0.056
127300,5.000,0.313,1.564,0.056
127500,5.000,0.313,1.564,0.057
127700,5.000,0.313,1.564,0.057
127900,5.000,0.314,1.572,0.057
128100,5.000,0.314,1.572,0.057
128300,5.000,0.314,1.572,0.057
128500,5.000,0.314,1.572,0.057
128700,5.000,0.313,1.564,0.057
128900,5.000,0.314,1.572,0.057
129100,5.000,0.314,1.572,0.057
129300,5.000,0.313,1.564,0.057
129500,5.000,0.313,1.564,0.057
129700,5.000,0.314,1.568,0.058
129900,5.000,0.314,1.568,0.058
130100,5.000,0.314,1.568,0.058
130300,5.000,0.313,1.564,0.058
130500,5.000,0.312,1.564,0.058
130700,5.000,0.312,1.564,0.058
130900,5.000,0.314,1.572,0.058
131100,5.000,0.312,1.561,0.058
131300,5.000,0.312,1.561,0.058
131500,5.000,0.313,1.568,0.058
131700,5.000,0.313,1.564,0.058
131900,5.000,0.314,1.572,0.059
132100,5.000,0.313,1.568,0.059
132300,5.000,0.313,1.568,0.059
132500,5.000,0.313,1.564,0.059
132700,5.000,0.314,1.572,0.059
132900,5.000,0.313,1.568,0.059
133100,5.000,0.313,1.568,0.059
133300,5.000,0.314,1.568,0.059
133500,5.000,0.312,1.564,0.059
133700,5.000,0.314,1.572,0.059
133900,5.000,0.314,1.572,0.059
134100,5.000,0.312,1.564,0.060
134300,5.000,0.313,1.568,0.060
134500,5.000,0.313,1.568,0.060
134700,5.000,0.312,1.564,0.060
134900,5.000,0.314,1.568,0.060
135100,5.000,0.313,1.564,0.060
135300,5.000,0.313,1.564,0.060
135500,5.000,0.313,1.564,0.060
135700,5.000,0.314,1.572,0.060
135900,5.000,0.312,1.561,0.060
136100,5.000,0.313,1.568,0.060
136300,5.000,0.313,1.568,0.061
136500,5.000,0.312,1.564,0.061
136700,5.000,0.314,1.576,0.061
136900,5.000,0.314,1.572,0.061
137100,5.000,0.314,1.572,0.061
137300,5.000,0.313,1.568,0.061
137500,5.000,0.313,1.568,0.061
137700,5.000,0.313,1.568,0.061
137900,5.000,0.313,1.568,0.061
138100,5.000,0.314,1.572,0.061
138300,5.000,0.313,1.564,0.061
138500,5.000,0.313,1.564,0.061
138700,5.000,0.314,1.568,0.062
138900,5.000,0.313,1.568,0.062
139100,5.000,0.313,1.568,0.062
139300,5.000,0.313,1.568,0.062
139500,5.000,0.313,1.568,0.062
139700,5.000,0.313,1.568,0.062
139900,5.000,0.313,1.568,0.062
140100,5.000,0.313,1.568,0.062
140300,5.000,0.312,1.561,0.062
140500,5.000,0.314,1.572,0.062
140700,5.000,0.313,1.564,0.062
140900,5.000,0.313,1.564,0.063
141100,5.000,0.313,1.568,0.063
141300,5.000,0.313,1.564,0.063
141500,5.000,0.313,1.564,0.063
141700,5.000,0.313,1.564,0.063
141900,5.000,0.313,1.564,0.063
142100,5.000,0.313,1.568,0.063
142300,5.000,0.313,1.568,0.063
142500,5.000,0.313,1.564,0.063
142700,5.000,0.313,1.564,0.063
142900,5.000,0.314,1.568,0.063
143100,5.000,0.312,1.561,0.064
143300,5.000,0.312,1.561,0.064
143500,5.000,0.314,1.572,0.064
143700,5.000,0.312,1.564,0.064
143900,5.000,0.313,1.568,0.064
144100,5.000,0.313,1.568,0.064
144300,5.000,0.313,1.568,0.064
144500,5.000,0.313,1.568,0.064
144700,5.000,0.313,1.568,0.064
144900,5.000,0.313,1.568,0.064
145100,5.000,0.312,1.564,0.064
145300,5.000,0.314,1.568,0.065
145500,5.000,0.314,1.568,0.065
145700,5.000,0.313,1.568,0.065
145900,5.000,0.313,1.568,0.065
146100,5.000,0.312,1.564,0.065
146300,5.000,0.314,1.572,0.065
146500,5.000,0.314,1.572,0.065
146700,5.000,0.313,1.564,0.065
146900,5.000,0.313,1.568,0.065
147100,5.000,0.313,1.564,0.065
147300,5.000,0.313,1.564,0.065
147500,5.000,0.313,1.564,0.066
147700,5.000,0.314,1.572,0.066
147900,5.000,0.314,1.564,0.066
148100,5.000,0.312,1.564,0.066
148300,5.000,0.314,1.572,0.066
148500,5.000,0.313,1.564,0.066
148700,5.000,0.313,1.564,0.066
148900,5.000,0.313,1.564,0.066
149100,5.000,0.313,1.568,0.066
149300,5.000,0.314,1.572,0.066
149500,5.000,0.313,1.568,0.066
149700,5.000,0.313,1.568,0.067
149900,5.000,0.313,1.568,0.067
150100,5.000,0.314,1.572,0.067
150300,5.000,0.313,1.564,0.067
150500,5.000,0.313,1.564,0.067
150700,5.000,0.314,1.572,0.067
150900,5.000,0.312,1.564,0.067
151100,5.000,0.312,1.564,0.067
151300,5.000,0.316,1.580,0.067
151500,5.000,0.312,1.564,0.067
151700,5.000,0.313,1.568,0.067
151900,5.000,0.313,1.568,0.067
152100,5.000,0.313,1.568,0.068
152300,5.000,0.313,1.564,0.068
152500,5.000,0.313,1.568,0.068
152700,5.000,0.313,1.564,0.068
152900,5.000,0.313,1.564,0.068
153100,5.000,0.315,1.576,0.068
153300,5.000,0.313,1.568,0.068
153500,5.000,0.314,1.568,0.068
153700,5.000,0.314,1.568,0.068
153900,5.000,0.313,1.568,0.068
154100,5.000,0.313,1.568,0.068
154300,5.000,0.313,1.568,0.069
154500,5.000,0.313,1.564,0.069
154700,5.000,0.313,1.568,0.069
154900,5.000,0.314,1.572,0.069
155100,5.000,0.314,1.572,0.069
155300,5.000,0.313,1.564,0.069
155500,5.000,0.314,1.572,0.069
155700,5.000,0.312,1.561,0.069
155900,5.000,0.312,1.561,0.069
156100,5.000,0.314,1.572,0.069
156300,5.000,0.313,1.568,0.069
156500,5.000,0.313,1.564,0.070
156700,5.000,0.313,1.568,0.070
156900,5.000,0.313,1.568,0.070
157100,5.000,0.313,1.568,0.070
157300,5.000,0.313,1.568,0.070
157500,5.000,0.313,1.568,0.070
157700,5.000,0.312,1.564,0.070
157900,5.000,0.314,1.568,0.070
158100,5.000,0.313,1.568,0.070
158300,5.000,0.313,1.568,0.070
158500,5.000,0.314,1.568,0.070
158700,5.000,0.313,1.564,0.071
158900,5.000,0.313,1.572,0.071
159100,5.000,0.314,1.572,0.071
159300,5.000,0.313,1.564,0.071
159500,5.000,0.312,1.564,0.071
159700,5.000,0.314,1.572,0.071
159900,5.000,0.314,1.572,0.071
160100,5.000,0.312,1.561,0.071
160300,5.000,0.314,1.572,0.071
160500,5.000,0.312,1.564,0.071
160700,5.000,0.312,1.564,0.071
160900,5.000,0.314,1.568,0.072
161100,5.000,0.314,1.568,0.072
161300,5.000,0.313,1.564,0.072
161500,5.000,0.313,1.564,0.072
161700,5.000,0.313,1.568,0.072
161900,5.000,0.313,1.568,0.072
162100,5.000,0.313,1.568,0.072
162300,5.000,0.333,1.664,0.072
162500,5.000,0.314,1.572,0.072
162700,5.000,0.312,1.564,0.072
162900,5.000,0.312,1.564,0.072
163100,5.000,0.313,1.568,0.072
163300,5.000,0.313,1.568,0.073
163500,5.000,0.313,1.568,0.073
163700,5.000,0.314,1.572,0.073
163900,5.000,0.314,1.572,0.073
164100,5.000,0.313,1.564,0.073
164300,5.000,0.313,1.564,0.073
164500,5.000,0.312,1.564,0.073
164700,5.000,0.312,1.564,0.073
164900,5.000,0.314,1.572,0.073
165100,5.000,0.312,1.564,0.073
165300,5.000,0.312,1.564,0.073
165500,5.000,0.314,1.572,0.074
165700,5.000,0.313,1.564,0.074
165900,5.000,0.313,1.568,0.074
166100,5.000,0.313,1.568,0.074
166300,5.000,0.313,1.568,0.074
166500,5.000,0.312,1.564,0.074
166700,5.000,0.314,1.572,0.074
166900,5.000,0.312,1.564,0.074
167100,5.000,0.312,1.564,0.074
167300,5.000,0.314,1.572,0.074
167500,5.000,0.313,1.568,0.075
167700,5.000,0.313,1.568,0.075
167900,5.000,0.313,1.568,0.075
168100,5.000,0.313,1.564,0.075
168300,5.000,0.314,1.568,0.075
168500,5.000,0.314,1.568,0.075
168700,5.000,0.314,1.568,0.075
168900,5.000,0.314,1.568,0.075
169100,5.000,0.314,1.568,0.075
169300,5.000,0.314,1.568,0.075
169500,5.000,0.313,1.564,0.075
169700,5.000,0.314,1.572,0.075
169900,5.000,0.313,1.568,0.076
170100,5.000,0.313,1.568,0.076
170300,5.000,0.313,1.568,0.076
170500,5.000,0.313,1.568,0.076
170700,5.000,0.315,1.576,0.076
170900,5.000,0.315,1.576,0.076
171100,5.000,0.314,1.568,0.076
171300,5.000,0.313,1.564,0.076
171500,5.000,0.314,1.568,0.076
171700,5.000,0.314,1.568,0.076
171900,5.000,0.313,1.564,0.076
172100,5.000,0.313,1.568,0.077
172300,5.000,0.312,1.564,0.077
172500,5.000,0.312,1.564,0.077
172700,5.000,0.314,1.572,0.077
172900,5.000,0.313,1.568,0.077
173100,5.000,0.313,1.568,0.077
173300,5.000,0.313,1.568,0.077
173500,5.000,0.313,1.568,0.077
173700,5.000,0.313,1.564,0.077
173900,5.000,0.314,1.572,0.077
174100,5.000,0.314,1.572,0.077
174300,5.000,0.312,1.564,0.078
174500,5.000,0.314,1.572,0.078
174700,5.000,0.313,1.564,0.078
174900,5.000,0.313,1.564,0.078
175100,5.000,0.313,1.564,0.078
175300,5.000,0.314,1.568,0.078
175500,5.000,0.313,1.568,0.078
175700,5.000,0.313,1.568,0.078
175900,5.000,0.313,1.568,0.078
176100,5.000,0.312,1.564,0.078
176300,5.000,0.312,1.564,0.078
176500,5.000,0.314,1.568,0.079
176700,5.000,0.312,1.564,0.079
176900,5.000,0.313,1.568,0.079
177100,5.000,0.313,1.568,0.079
177300,5.000,0.312,1.561,0.079
177500,5.000,0.314,1.568,0.079
177700,5.000,0.313,1.568,0.079
177900,5.000,0.313,1.568,0.079
178100,5.000,0.313,1.568,0.079
178300,5.000,0.313,1.568,0.079
178500,5.000,0.313,1.564,0.079
178700,5.000,0.314,1.572,0.080
178900,5.000,0.314,1.572,0.080
179100,5.000,0.312,1.564,0.080
179300,5.000,0.314,1.572,0.080
179500,5.000,0.314,1.572,0.080
179700,5.000,0.312,1.564,0.080
179900,5.000,0.313,1.568,0.080
180100,5.000,0.312,1.564,0.080
180300,5.000,0.312,1.564,0.080
180500,5.000,0.313,1.568,0.080
180700,5.000,0.313,1.564,0.080
180900,5.000,0.313,1.564,0.081
181100,5.000,0.314,1.572,0.081
181300,5.000,0.314,1.572,0.081
181500,5.000,0.313,1.564,0.081
181700,5.000,0.314,1.572,0.081
181900,5.000,0.314,1.572,0.081
182100,5.000,0.312,1.561,0.081
182300,5.000,0.314,1.572,0.081
182500,5.000,0.313,1.568,0.081
182700,5.000,0.313,1.568,0.081
182900,5.000,0.313,1.568,0.081
183100,5.000,0.313,1.568,0.081
183300,5.000,0.313,1.568,0.082
183500,5.000,0.313,1.568,0.082
183700,5.000,0.314,1.572,0.082
183900,5.000,0.312,1.564,0.082
184100,5.000,0.312,1.564,0.082
184300,5.000,0.313,1.564,0.082
184500,5.000,0.313,1.564,0.082
184700,5.000,0.314,1.568,0.082
184900,5.000,0.313,1.564,0.082
185100,5.000,0.313,1.564,0.082
185300,5.000,0.314,1.572,0.082
185500,5.000,0.315,1.576,0.083
185700,5.000,0.313,1.564,0.083
185900,5.000,0.313,1.564,0.083
186100,5.000,0.314,1.568,0.083
186300,5.000,0.313,1.564,0.083
186500,5.000,0.314,1.568,0.083
186700,5.000,0.314,1.568,0.083
186900,5.000,0.313,1.564,0.083
187100,5.000,0.313,1.568,0.083
187300,5.000,0.313,1.568,0.083
187500,5.000,0.313,1.564,0.083
187700,5.000,0.312,1.564,0.084
187900,5.000,0.313,1.568,0.084
188100,5.000,0.314,1.572,0.084
188300,5.000,0.314,1.572,0.084
188500,5.000,0.313,1.568,0.084
188700,5.000,0.313,1.564,0.084
188900,5.000,0.314,1.572,0.084
189100,5.000,0.314,1.572,0.084
189300,5.000,0.313,1.568,0.084
189500,5.000,0.314,1.568,0.084
189700,5.000,0.313,1.568,0.084
189900,5.000,0.313,1.568,0.085
190100,5.000,0.313,1.568,0.085
190300,5.000,0.313,1.568,0.085
190500,5.000,0.313,1.568,0.085
190700,5.000,0.312,1.564,0.085
190900,5.000,0.313,1.568,0.085
191100,5.000,0.312,1.564,0.085
191300,5.000,0.314,1.572,0.085
191500,5.000,0.314,1.572,0.085
191700,5.000,0.313,1.568,0.085
191900,5.000,0.313,1.568,0.085
192100,5.000,0.313,1.564,0.086
192300,5.000,0.313,1.564,0.086
192500,5.000,0.313,1.568,0.086
192700,5.000,0.313,1.564,0.086
192900,5.000,0.313,1.564,0.086
193100,5.000,0.314,1.572,0.086
193300,5.000,0.314,1.572,0.086
193500,5.000,0.312,1.561,0.086
193700,5.000,0.312,1.561,0.086
193900,5.000,0.314,1.572,0.086
194100,5.000,0.313,1.564,0.086
194300,5.000,0.313,1.568,0.086
194500,5.000,0.313,1.568,0.087
194700,5.000,0.313,1.564,0.087
194900,5.000,0.314,1.568,0.087
195100,5.000,0.313,1.568,0.087
195300,5.000,0.313,1.568,0.087
195500,5.000,0.313,1.568,0.087
195700,5.000,0.314,1.568,0.087
195900,5.000,0.313,1.564,0.087
196100,5.000,0.313,1.564,0.087
196300,5.000,0.313,1.568,0.087
196500,5.000,0.313,1.568,0.087
196700,5.000,0.314,1.572,0.088
196900,5.000,0.314,1.572,0.088
197100,5.000,0.313,1.564,0.088
197300,5.000,0.314,1.568,0.088
197500,5.000,0.313,1.568,0.088
197700,5.000,0.313,1.568,0.088
197900,5.000,0.314,1.568,0.088
198100,5.000,0.314,1.572,0.088
198300,5.000,0.312,1.564,0.088
198500,5.000,0.314,1.572,0.088
198700,5.000,0.314,1.572,0.088
198900,5.000,0.313,1.568,0.089
199100,5.000,0.313,1.568,0.089
199300,5.000,0.313,1.568,0.089
199500,5.000,0.313,1.568,0.089
199700,5.000,0.312,1.564,0.089
199900,5.000,0.313,1.568,0.089
200100,5.000,0.313,1.568,0.089
200300,5.000,0.313,1.568,0.089
200500,5.000,0.313,1.568,0.089
200700,5.000,0.313,1.568,0.089
200900,5.000,0.313,1.568,0.089
201100,5.000,0.314,1.568,0.090
201300,5.000,0.312,1.564,0.090
201500,5.000,0.312,1.564,0.090
201700,5.000,0.313,1.568,0.090
201900,5.000,0.313,1.568,0.090
202100,5.000,0.313,1.568,0.090
202300,5.000,0.314,1.568,0.090
202500,5.000,0.314,1.568,0.090
202700,5.000,0.313,1.564,0.090
202900,5.000,0.314,1.568,0.090
203100,5.000,0.312,1.561,0.090
203300,5.000,0.312,1.561,0.091
203500,5.000,0.314,1.568,0.091
203700,5.000,0.313,1.568,0.091
203900,5.000,0.313,1.568,0.091
204100,5.000,0.313,1.568,0.091
204300,5.000,0.313,1.564,0.091
204500,5.000,0.313,1.568,0.091
204700,5.000,0.313,1.568,0.091
204900,5.000,0.314,1.572,0.091
205100,5.000,0.313,1.564,0.091
205300,5.000,0.314,1.568,0.091
205500,5.000,0.313,1.568,0.092
205700,5.000,0.313,1.568,0.092
205900,5.000,0.314,1.572,0.092
206100,5.000,0.312,1.561,0.092
206300,5.000,0.313,1.568,0.092
206500,5.000,0.313,1.568,0.092
206700,5.000,0.314,1.572,0.092
206900,5.000,0.313,1.568,0.092
207100,5.000,0.313,1.568,0.092
207300,5.000,0.314,1.568,0.092
207500,5.000,0.313,1.564,0.092
207700,5.000,0.314,1.572,0.092
207900,5.000,0.314,1.572,0.093
208100,5.000,0.313,1.564,0.093
208300,5.000,0.313,1.568,0.093
208500,5.000,0.313,1.568,0.093
208700,5.000,0.314,1.572,0.093
208900,5.000,0.314,1.572,0.093
209100,5.000,0.313,1.568,0.093
209300,5.000,0.313,1.568,0.093
209500,5.000,0.314,1.572,0.093
209700,5.000,0.314,1.572,0.093
209900,5.000,0.312,1.564,0.093
210100,5.000,0.314,1.568,0.094
210300,5.000,0.314,1.568,0.094
210500,5.000,0.312,1.564,0.094
210700,5.000,0.314,1.572,0.094
210900,5.000,0.312,1.564,0.094
211100,5.000,0.312,1.564,0.094
211300,5.000,0.313,1.568,0.094
211500,5.000,0.314,1.572,0.094
211700,5.000,0.312,1.564,0.094
211900,5.000,0.312,1.564,0.094
212100,5.000,0.313,1.568,0.094
212300,5.000,0.313,1.564,0.095
212500,5.000,0.313,1.568,0.095
212700,5.000,0.313,1.564,0.095
212900,5.000,0.313,1.564,0.095
213100,5.000,0.313,1.568,0.095
213300,5.000,0.313,1.568,0.095
213500,5.000,0.313,1.568,0.095
213700,5.000,0.314,1.572,0.095
213900,5.000,0.313,1.564,0.095
214100,5.000,0.313,1.564,0.095
214300,5.000,0.313,1.564,0.095
214500,5.000,0.314,1.572,0.096
214700,5.000,0.312,1.564,0.096
214900,5.000,0.312,1.568,0.096
215100,5.000,0.313,1.568,0.096
215300,5.000,0.312,1.561,0.096
215500,5.000,0.313,1.568,0.096
215700,5.000,0.313,1.568,0.096
215900,5.000,0.313,1.568,0.096
216100,5.000,0.313,1.564,0.096
216300,5.000,0.314,1.572,0.096
216500,5.000,0.313,1.568,0.096
216700,5.000,0.313,1.568,0.097
216900,5.000,0.313,1.564,0.097
217100,5.000,0.313,1.564,0.097
217300,5.000,0.314,1.576,0.097
217500,5.000,0.314,1.576,0.097
217700,5.000,0.313,1.564,0.097
217900,5.000,0.314,1.568,0.097
218100,5.000,0.314,1.568,0.097
218300,5.000,0.313,1.568,0.097
218500,5.000,0.313,1.568,0.097
218700,5.000,0.313,1.564,0.097
218900,5.000,0.313,1.564,0.098
219100,5.000,0.312,1.561,0.098
219300,5.000,0.315,1.576,0.098
219500,5.000,0.321,1.606,0.098
219700,5.000,0.326,1.629,0.098
219900,5.000,0.326,1.629,0.098
220100,5.000,0.314,1.568,0.098
220300,5.000,0.312,1.564,0.098
220500,5.000,0.314,1.568,0.098
220700,5.000,0.314,1.568,0.098
220900,5.000,0.313,1.568,0.098
221100,5.000,0.313,1.568,0.099
221300,5.000,0.313,1.568,0.099
221500,5.000,0.313,1.568,0.099
221700,5.000,0.313,1.568,0.099
221900,5.000,0.314,1.572,0.099
222100,5.000,0.314,1.572,0.099
222300,5.000,0.313,1.568,0.099
222500,5.000,0.313,1.568,0.099
222700,5.000,0.313,1.568,0.099
222900,5.000,0.313,1.568,0.099
223100,5.000,0.313,1.568,0.099
223300,5.000,0.314,1.568,0.100
223500,5.000,0.313,1.568,0.100
223700,5.000,0.312,1.564,0.100
223900,5.000,0.312,1.564,0.100
224100,5.000,0.313,1.564,0.100
224300,5.000,0.314,1.572,0.100
224500,5.000,0.314,1.572,0.100
224700,5.000,0.312,1.564,0.100
224900,5.000,0.314,1.572,0.100
225100,5.000,0.313,1.568,0.100
225300,5.000,0.313,1.568,0.100
225500,5.000,0.313,1.568,0.100
225700,5.000,0.313,1.564,0.101
225900,5.000,0.313,1.568,0.101
226100,5.000,0.313,1.568,0.101
226300,5.000,0.313,1.568,0.101
226500,5.000,0.313,1.568,0.101
226700,5.000,0.314,1.572,0.101
226900,5.000,0.314,1.572,0.101
227100,5.000,0.313,1.568,0.101
227300,5.000,0.314,1.568,0.101
227500,5.000,0.312,1.564,0.101
227700,5.000,0.312,1.564,0.101
227900,5.000,0.314,1.568,0.102
228100,5.000,0.313,1.568,0.102
228300,5.000,0.313,1.568,0.102
228500,5.000,0.313,1.568,0.102
228700,5.000,0.313,1.568,0.102
228900,5.000,0.313,1.568,0.102
229100,5.000,0.313,1.568,0.102
229300,5.000,0.314,1.572,0.102
229500,5.000,0.312,1.561,0.102
229700,5.000,0.314,1.568,0.102
229900,5.000,0.314,1.568,0.102
230100,5.000,0.314,1.568,0.103
230300,5.000,0.313,1.568,0.103
230500,5.000,0.313,1.568,0.103
230700,5.000,0.313,1.564,0.103
230900,5.000,0.313,1.564,0.103
231100,5.000,0.313,1.568,0.103
231300,5.000,0.314,1.572,0.103
231500,5.000,0.313,1.568,0.103
231700,5.000,0.313,1.568,0.103
231900,5.000,0.312,1.561,0.103
232100,5.000,0.313,1.568,0.103
232300,5.000,0.313,1.568,0.104
232500,5.000,0.312,1.564,0.104
232700,5.000,0.313,1.568,0.104
232900,5.000,0.313,1.564,0.104
233100,5.000,0.313,1.564,0.104
233300,5.000,0.313,1.568,0.104
233500,5.000,0.314,1.572,0.104
233700,5.000,0.313,1.568,0.104
233900,5.000,0.314,1.572,0.104
234100,5.000,0.314,1.572,0.104
234300,5.000,0.312,1.561,0.104
234500,5.000,0.313,1.568,0.105
234700,5.000,0.314,1.572,0.105
234900,5.000,0.314,1.572,0.105
235100,5.000,0.313,1.568,0.105
235300,5.000,0.314,1.568,0.105
235500,5.000,0.314,1.568,0.105
235700,5.000,0.313,1.564,0.105
235900,5.000,0.313,1.568,0.105
236100,5.000,0.313,1.564,0.105
236300,5.000,0.313,1.564,0.105
236500,5.000,0.314,1.572,0.105
236700,5.000,0.313,1.564,0.106
236900,5.000,0.314,1.572,0.106
237100,5.000,0.313,1.564,0.106
237300,5.000,0.313,1.564,0.106
237500,5.000,0.314,1.568,0.106
237700,5.000,0.313,1.568,0.106
237900,5.000,0.313,1.568,0.106
238100,5.000,0.313,1.568,0.106
238300,5.000,0.314,1.572,0.106
238500,5.000,0.313,1.568,0.106
238700,5.000,0.313,1.568,0.106
238900,5.000,0.314,1.572,0.106
239100,5.000,0.312,1.564,0.107
239300,5.000,0.314,1.572,0.107
239500,5.000,0.314,1.572,0.107
239700,5.000,0.313,1.564,0.107
239900,5.000,0.313,1.568,0.107
240100,5.000,0.313,1.568,0.107
240300,5.000,0.314,1.568,0.107
240500,5.000,0.314,1.568,0.107
240700,5.000,0.314,1.572,0.107
240900,5.000,0.313,1.568,0.107
241100,5.000,0.313,1.568,0.107
241300,5.000,0.314,1.572,0.108
241500,5.000,0.312,1.564,0.108
241700,5.000,0.314,1.568,0.108
241900,5.000,0.314,1.568,0.108
242100,5.000,0.313,1.568,0.108
242300,5.000,0.313,1.568,0.108
242500,5.000,0.313,1.564,0.108
242700,5.000,0.313,1.564,0.108
242900,5.000,0.313,1.564,0.108
243100,5.000,0.313,1.568,0.108
243300,5.000,0.313,1.568,0.108
243500,5.000,0.312,1.564,0.109
243700,5.000,0.313,1.568,0.109
243900,5.000,0.312,1.564,0.109
244100,5.000,0.314,1.572,0.109
244300,5.000,0.314,1.572,0.109
244500,5.000,0.313,1.568,0.109
244700,5.000,0.313,1.568,0.109
244900,5.000,0.313,1.568,0.109
245100,5.000,0.313,1.568,0.109
245300,5.000,0.313,1.568,0.109
245500,5.000,0.314,1.572,0.109
245700,5.000,0.313,1.568,0.110
245900,5.000,0.313,1.568,0.110
246100,5.000,0.313,1.568,0.110
246300,5.000,0.313,1.564,0.110
246500,5.000,0.313,1.564,0.110
246700,5.000,0.314,1.572,0.110
246900,5.000,0.313,1.564,0.110
247100,5.000,0.314,1.568,0.110
247300,5.000,0.314,1.568,0.110
247500,5.000,0.314,1.568,0.110
247700,5.000,0.314,1.568,0.110
247900,5.000,0.313,1.568,0.111
248100,5.000,0.312,1.564,0.111
248300,5.000,0.312,1.564,0.111
248500,5.000,0.320,1.603,0.111
248700,5.000,0.312,1.564,0.111
248900,5.000,0.312,1.564,0.111
249100,5.000,0.314,1.572,0.111
249300,5.000,0.313,1.568,0.111
249500,5.000,0.313,1.568,0.111
249700,5.000,0.313,1.568,0.111
249900,5.000,0.314,1.568,0.111
250100,5.000,0.312,1.564,0.111
250300,5.000,0.314,1.572,0.112
250500,5.000,0.314,1.572,0.112
250700,5.000,0.312,1.564,0.112
250900,5.000,0.313,1.568,0.112
251100,5.000,0.313,1.564,0.112
251300,5.000,0.314,1.568,0.112
251500,5.000,0.314,1.568,0.112
251700,5.000,0.312,1.564,0.112
251900,5.000,0.313,1.568,0.112
252100,5.000,0.313,1.568,0.112
252300,5.000,0.313,1.568,0.112
252500,5.000,0.313,1.568,0.113
252700,5.000,0.314,1.572,0.113
252900,5.000,0.314,1.572,0.113
253100,5.000,0.312,1.561,0.113
253300,5.000,0.314,1.572,0.113
253500,5.000,0.314,1.576,0.113
253700,5.000,0.314,1.576,0.113
253900,5.000,0.314,1.572,0.113
254100,5.000,0.313,1.564,0.113
254300,5.000,0.314,1.568,0.113
254500,5.000,0.314,1.568,0.114
254700,5.000,0.314,1.568,0.114
254900,5.000,0.313,1.564,0.114
255100,5.000,0.314,1.572,0.114
255300,5.000,0.314,1.572,0.114
255500,5.000,0.312,1.564,0.114
255700,5.000,0.314,1.568,0.114
255900,5.000,0.313,1.568,0.114
256100,5.000,0.313,1.568,0.114
256300,5.000,0.314,1.572,0.114
256500,5.000,0.312,1.564,0.114
256700,5.000,0.314,1.568,0.114
256900,5.000,0.314,1.568,0.115
257100,5.000,0.313,1.568,0.115
257300,5.000,0.313,1.564,0.115
257500,5.000,0.313,1.564,0.115
257700,5.000,0.312,1.564,0.115
257900,5.000,0.312,1.564,0.115
258100,5.000,0.314,1.572,0.115
258300,5.000,0.313,1.564,0.115
258500,5.000,0.313,1.564,0.115
258700,5.000,0.313,1.568,0.115
258900,5.000,0.313,1.564,0.115
259100,5.000,0.314,1.572,0.116
259300,5.000,0.314,1.572,0.116
259500,5.000,0.314,1.568,0.116
259700,5.000,0.313,1.568,0.116
259900,5.000,0.313,1.568,0.116
260100,5.000,0.314,1.572,0.116
260300,5.000,0.313,1.564,0.116
260500,5.000,0.314,1.572,0.116
260700,5.000,0.314,1.572,0.116
260900,5.000,0.313,1.564,0.116
261100,5.000,0.314,1.568,0.116
261300,5.000,0.314,1.568,0.117
261500,5.000,0.314,1.572,0.117
261700,5.000,0.314,1.572,0.117
261900,5.000,0.314,1.572,0.117
262100,5.000,0.313,1.568,0.117
262300,5.000,0.314,1.572,0.117
262500,5.000,0.314,1.572,0.117
262700,5.000,0.313,1.564,0.117
262900,5.000,0.314,1.572,0.117
263100,5.000,0.314,1.572,0.117
263300,5.000,0.314,1.568,0.117
263500,5.000,0.313,1.568,0.118
263700,5.000,0.313,1.564,0.118
263900,5.000,0.313,1.564,0.118
264100,5.000,0.313,1.568,0.118
264300,5.000,0.313,1.564,0.118
264500,5.000,0.313,1.564,0.118
264700,5.000,0.314,1.572,0.118
264900,5.000,0.314,1.572,0.118
265100,5.000,0.313,1.568,0.118
265300,5.000,0.314,1.572,0.118
265500,5.000,0.313,1.564,0.118
265700,5.000,0.313,1.564,0.119
265900,5.000,0.314,1.568,0.119
266100,5.000,0.314,1.568,0.119
266300,5.000,0.314,1.568,0.119
266500,5.000,0.313,1.568,0.119
266700,5.000,0.314,1.568,0.119
266900,5.000,0.313,1.564,0.119
267100,5.000,0.313,1.564,0.119
267300,5.000,0.314,1.572,0.119
267500,5.000,0.312,1.564,0.119
267700,5.000,0.314,1.568,0.119
267900,5.000,0.314,1.568,0.119
268100,5.000,0.313,1.564,0.120
268300,5.000,0.314,1.572,0.120
268500,5.000,0.313,1.564,0.120
268700,5.000,0.314,1.568,0.120
268900,5.000,0.314,1.568,0.120
269100,5.000,0.314,1.568,0.120
269300,5.000,0.313,1.564,0.120
269500,5.000,0.313,1.564,0.120
269700,5.000,0.314,1.572,0.120
269900,5.000,0.313,1.568,0.120
270100,5.000,0.314,1.572,0.120
270300,5.000,0.314,1.572,0.121
270500,5.000,0.313,1.564,0.121
270700,5.000,0.314,1.568,0.121
270900,5.000,0.314,1.568,0.121
271100,5.000,0.313,1.564,0.121
271300,5.000,0.314,1.568,0.121
271500,5.000,0.313,1.568,0.121
271700,5.000,0.314,1.572,0.121
271900,5.000,0.314,1.572,0.121
272100,5.000,0.313,1.568,0.121
272300,5.000,0.313,1.568,0.121
272500,5.000,0.314,1.572,0.122
272700,5.000,0.314,1.572,0.122
272900,5.000,0.312,1.564,0.122
273100,5.000,0.314,1.568,0.122
273300,5.000,0.313,1.568,0.122
273500,5.000,0.313,1.568,0.122
273700,5.000,0.314,1.568,0.122
273900,5.000,0.314,1.572,0.122
274100,5.000,0.314,1.572,0.122
274300,5.000,0.313,1.568,0.122
274500,5.000,0.314,1.572,0.122
274700,5.000,0.313,1.568,0.123
274900,5.000,0.313,1.568,0.123
275100,5.000,0.313,1.568,0.123
275300,5.000,0.313,1.568,0.123
275500,5.000,0.313,1.564,0.123
275700,5.000,0.313,1.568,0.123
275900,5.000,0.313,1.568,0.123
276100,5.000,0.314,1.568,0.123
276300,5.000,0.313,1.568,0.123
276500,5.000,0.314,1.568,0.123
276700,5.000,0.314,1.568,0.123
276900,5.000,0.314,1.572,0.124
277100,5.000,0.313,1.564,0.124
277300,5.000,0.313,1.564,0.124
277500,5.000,0.314,1.572,0.124
277700,5.000,0.319,1.599,0.124
277900,5.000,0.320,1.603,0.124
278100,5.000,0.320,1.603,0.124
278300,5.000,0.325,1.625,0.124
278500,5.000,0.313,1.564,0.124
278700,5.000,0.314,1.572,0.124
278900,5.000,0.314,1.568,0.124
279100,5.000,0.314,1.568,0.125
279300,5.000,0.313,1.568,0.125
279500,5.000,0.314,1.576,0.125
279700,5.000,0.312,1.561,0.125
279900,5.000,0.312,1.561,0.125
280100,5.000,0.314,1.572,0.125
280300,5.000,0.313,1.568,0.125
280500,5.000,0.313,1.568,0.125
280700,5.000,0.314,1.572,0.125
280900,5.000,0.313,1.568,0.125
281100,5.000,0.313,1.568,0.125
281300,5.000,0.313,1.568,0.125
281500,5.000,0.314,1.572,0.126
281700,5.000,0.313,1.564,0.126
281900,5.000,0.313,1.564,0.126
282100,5.000,0.313,1.568,0.126
282300,5.000,0.313,1.568,0.126
282500,5.000,0.314,1.572,0.126
282700,5.000,0.313,1.568,0.126
282900,5.000,0.313,1.568,0.126
283100,5.000,0.314,1.572,0.126
283300,5.000,0.313,1.568,0.126
283500,5.000,0.313,1.568,0.126
283700,5.000,0.313,1.568,0.127
283900,5.000,0.314,1.568,0.127
284100,5.000,0.313,1.568,0.127
284300,5.000,0.314,1.572,0.127
284500,5.000,0.314,1.572,0.127
284700,5.000,0.313,1.564,0.127
284900,5.000,0.314,1.572,0.127
285100,5.000,0.314,1.572,0.127
285300,5.000,0.313,1.564,0.127
285500,5.000,0.314,1.572,0.127
285700,5.000,0.313,1.568,0.127
285900,5.000,0.314,1.568,0.128
286100,5.000,0.314,1.568,0.128
286300,5.000,0.314,1.572,0.128
286500,5.000,0.313,1.564,0.128
286700,5.000,0.313,1.568,0.128
286900,5.000,0.313,1.568,0.128
287100,5.000,0.313,1.568,0.128
287300,5.000,0.314,1.572,0.128
287500,5.000,0.314,1.572,0.128
287700,5.000,0.314,1.572,0.128
287900,5.000,0.314,1.568,0.128
288100,5.000,0.313,1.564,0.129
288300,5.000,0.313,1.564,0.129
288500,5.000,0.314,1.568,0.129
288700,5.000,0.313,1.568,0.129
288900,5.000,0.312,1.564,0.129
289100,5.000,0.312,1.564,0.129
289300,5.000,0.314,1.568,0.129
289500,5.000,0.313,1.568,0.129
289700,5.000,0.314,1.568,0.129
289900,5.000,0.313,1.568,0.129
290100,5.000,0.313,1.568,0.129
290300,5.000,0.314,1.572,0.130
290500,5.000,0.313,1.564,0.130
