300,5.000,0.328,1.641,0.000
500,5.000,0.328,1.641,0.000
700,5.000,0.315,1.576,0.000
900,5.000,0.316,1.580,0.000
1100,5.000,0.316,1.580,0.000
1300,5.000,0.316,1.580,0.000
1500,5.000,0.316,1.580,0.000
1700,5.000,0.319,1.595,0.000
1900,5.000,0.317,1.584,0.000
2100,5.000,0.316,1.580,0.000
2300,5.000,0.316,1.580,0.000
2500,5.000,0.316,1.584,0.001
2700,5.000,0.316,1.580,0.001
2900,5.000,0.316,1.580,0.001
3100,5.000,0.315,1.576,0.001
3300,5.000,0.316,1.580,0.001
3500,5.000,0.317,1.587,0.001
3700,5.000,0.317,1.587,0.001
3900,5.000,0.315,1.576,0.001
4100,5.000,0.316,1.584,0.001
4300,5.000,0.316,1.584,0.001
4500,5.000,0.316,1.584,0.001
4700,5.000,0.315,1.576,0.002
4900,5.000,0.316,1.580,0.002
5100,5.000,0.316,1.580,0.002
5300,5.000,0.316,1.580,0.002
5500,5.000,0.316,1.580,0.002
5700,5.000,0.317,1.584,0.002
5900,5.000,0.316,1.580,0.002
6100,5.000,0.316,1.580,0.002
6300,5.000,0.316,1.584,0.002
6500,5.000,0.316,1.580,0.002
6700,5.000,0.315,1.576,0.002
6900,5.000,0.315,1.576,0.003
7100,5.000,0.316,1.584,0.003
7300,5.000,0.316,1.580,0.003
7500,5.000,0.316,1.580,0.003
7700,5.000,0.315,1.576,0.003
7900,5.000,0.317,1.587,0.003
8100,5.000,0.316,1.580,0.003
8300,5.000,0.316,1.580,0.003
8500,5.000,0.316,1.584,0.003
8700,5.000,0.317,1.584,0.003
8900,5.000,0.315,1.576,0.003
9100,5.000,0.316,1.580,0.004
9300,5.000,0.316,1.580,0.004
9500,5.000,0.316,1.584,0.004
9700,5.000,0.316,1.580,0.004
9900,5.000,0.317,1.584,0.004
10100,5.000,0.317,1.584,0.004
10300,5.000,0.316,1.580,0.004
10500,5.000,0.316,1.580,0.004
10700,5.000,0.316,1.580,0.004
10900,5.000,0.316,1.584,0.004
11100,5.000,0.315,1.576,0.004
11300,5.000,0.317,1.584,0.005
11500,5.000,0.317,1.584,0.005
11700,5.000,0.317,1.584,0.005
11900,5.000,0.315,1.576,0.005
12100,5.000,0.316,1.580,0.005
12300,5.000,0.316,1.580,0.005
12500,5.000,0.317,1.584,0.005
12700,5.000,0.315,1.576,0.005
12900,5.000,0.316,1.580,0.005
13100,5.000,0.316,1.584,0.005
13300,5.000,0.316,1.584,0.005
13500,5.000,0.316,1.580,0.006
13700,5.000,0.317,1.584,0.006
13900,5.000,0.317,1.584,0.006
14100,5.000,0.316,1.580,0.006
14300,5.000,0.316,1.584,0.006
14500,5.000,0.316,1.584,0.006
14700,5.000,0.316,1.584,0.006
14900,5.000,0.316,1.580,0.006
15100,5.000,0.316,1.580,0.006
15300,5.000,0.317,1.587,0.006
15500,5.000,0.317,1.587,0.006
15700,5.000,0.316,1.584,0.006
15900,5.000,0.316,1.580,0.007
16100,5.000,0.317,1.584,0.007
16300,5.000,0.316,1.584,0.007
16500,5.000,0.316,1.584,0.007
16700,5.000,0.315,1.580,0.007
16900,5.000,0.317,1.584,0.007
17100,5.000,0.317,1.584,0.007
17300,5.000,0.317,1.587,0.007
17500,5.000,0.316,1.584,0.007
17700,5.000,0.330,1.652,0.007
17900,5.000,0.330,1.652,0.008
18100,5.000,0.321,1.606,0.008
18300,5.000,0.317,1.584,0.008
18500,5.000,0.317,1.584,0.008
18700,5.000,0.316,1.580,0.008
18900,5.000,0.315,1.576,0.008
19100,5.000,0.318,1.591,0.008
19300,5.000,0.318,1.591,0.008
19500,5.000,0.316,1.584,0.008
19700,5.000,0.315,1.576,0.008
19900,5.000,0.316,1.580,0.008
20100,5.000,0.316,1.580,0.009
20300,5.000,0.316,1.580,0.009
20500,5.000,0.316,1.580,0.009
20700,5.000,0.316,1.584,0.009
20900,5.000,0.316,1.580,0.009
21100,5.000,0.316,1.580,0.009
21300,5.000,0.317,1.584,0.009
21500,5.000,0.316,1.580,0.009
21700,5.000,0.316,1.580,0.009
21900,5.000,0.315,1.580,0.009
22100,5.000,0.316,1.584,0.009
22300,5.000,0.316,1.580,0.009
22500,5.000,0.316,1.580,0.010
22700,5.000,0.317,1.584,0.010
22900,5.000,0.317,1.587,0.010
23100,5.000,0.316,1.580,0.010
23300,5.000,0.316,1.580,0.010
23500,5.000,0.316,1.580,0.010
23700,5.000,0.316,1.584,0.010
23900,5.000,0.315,1.576,0.010
24100,5.000,0.316,1.584,0.010
24300,5.000,0.316,1.584,0.010
24500,5.000,0.317,1.584,0.010
24700,5.000,0.316,1.580,0.011
24900,5.000,0.316,1.580,0.011
25100,5.000,0.317,1.587,0.011
25300,5.000,0.316,1.580,0.011
25500,5.000,0.315,1.580,0.011
25700,5.000,0.315,1.580,0.011
25900,5.000,0.316,1.584,0.011
26100,5.000,0.316,1.584,0.011
26300,5.000,0.316,1.584,0.011
26500,5.000,0.317,1.584,0.011
26700,5.000,0.317,1.584,0.012
26900,5.000,0.316,1.584,0.012
27100,5.000,0.316,1.580,0.012
27300,5.000,0.316,1.580,0.012
27500,5.000,0.316,1.580,0.012
27700,5.000,0.315,1.580,0.012
27900,5.000,0.317,1.584,0.012
28100,5.000,0.317,1.584,0.012
28300,5.000,0.316,1.580,0.012
28500,5.000,0.316,1.580,0.012
28700,5.000,0.316,1.584,0.012
28900,5.000,0.316,1.584,0.012
29100,5.000,0.316,1.580,0.013
29300,5.000,0.316,1.580,0.013
29500,5.000,0.316,1.580,0.013
29700,5.000,0.317,1.584,0.013
29900,5.000,0.316,1.580,0.013
30100,5.000,0.316,1.580,0.013
30300,5.000,0.317,1.587,0.013
30500,5.000,0.317,1.587,0.013
30700,5.000,0.316,1.580,0.013
30900,5.000,0.316,1.580,0.013
31100,5.000,0.318,1.591,0.013
31300,5.000,0.318,1.591,0.014
31500,5.000,0.315,1.576,0.014
31700,5.000,0.316,1.584,0.014
31900,5.000,0.316,1.584,0.014
32100,5.000,0.316,1.584,0.014
32300,5.000,0.316,1.580,0.014
32500,5.000,0.316,1.584,0.014
32700,5.000,0.316,1.584,0.014
32900,5.000,0.317,1.584,0.014
33100,5.000,0.315,1.576,0.014
33300,5.000,0.317,1.584,0.014
33500,5.000,0.316,1.580,0.015
33700,5.000,0.316,1.580,0.015
33900,5.000,0.316,1.580,0.015
34100,5.000,0.317,1.584,0.015
34300,5.000,0.316,1.580,0.015
34500,5.000,0.316,1.580,0.015
34700,5.000,0.317,1.584,0.015
34900,5.000,0.317,1.584,0.015
35100,5.000,0.315,1.576,0.015
35300,5.000,0.315,1.576,0.015
35500,5.000,0.316,1.580,0.015
35700,5.000,0.317,1.584,0.016
35900,5.000,0.317,1.584,0.016
36100,5.000,0.317,1.587,0.016
36300,5.000,0.317,1.584,0.016
36500,5.000,0.316,1.584,0.016
36700,5.000,0.316,1.584,0.016
36900,5.000,0.316,1.580,0.016
37100,5.000,0.316,1.584,0.016
37300,5.000,0.316,1.580,0.016
37500,5.000,0.317,1.584,0.016
37700,5.000,0.317,1.584,0.016
37900,5.000,0.317,1.584,0.017
38100,5.000,0.316,1.576,0.017
38300,5.000,0.316,1.584,0.017
38500,5.000,0.316,1.584,0.017
38700,5.000,0.317,1.584,0.017
38900,5.000,0.315,1.576,0.017
39100,5.000,0.315,1.576,0.017
39300,5.000,0.316,1.584,0.017
39500,5.000,0.316,1.584,0.017
39700,5.000,0.316,1.580,0.017
39900,5.000,0.316,1.580,0.017
40100,5.000,0.316,1.584,0.018
40300,5.000,0.316,1.580,0.018
40500,5.000,0.316,1.580,0.018
40700,5.000,0.316,1.580,0.018
40900,5.000,0.316,1.580,0.018
41100,5.000,0.316,1.584,0.018
41300,5.000,0.316,1.580,0.018
41500,5.000,0.316,1.580,0.018
41700,5.000,0.317,1.587,0.018
41900,5.000,0.316,1.584,0.018
42100,5.000,0.316,1.580,0.018
42300,5.000,0.316,1.580,0.019
42500,5.000,0.316,1.584,0.019
42700,5.000,0.315,1.580,0.019
42900,5.000,0.316,1.584,0.019
43100,5.000,0.316,1.584,0.019
43300,5.000,0.316,1.584,0.019
43500,5.000,0.316,1.580,0.019
43700,5.000,0.316,1.580,0.019
43900,5.000,0.316,1.584,0.019
44100,5.000,0.316,1.584,0.019
44300,5.000,0.316,1.580,0.019
44500,5.000,0.317,1.584,0.020
44700,5.000,0.317,1.584,0.020
44900,5.000,0.316,1.580,0.020
45100,5.000,0.316,1.580,0.020
45300,5.000,0.317,1.587,0.020
45500,5.000,0.317,1.587,0.020
45700,5.000,0.315,1.580,0.020
45900,5.000,0.315,1.580,0.020
46100,5.000,0.316,1.584,0.020
46300,5.000,0.316,1.584,0.020
46500,5.000,0.323,1.618,0.020
46700,5.000,0.316,1.580,0.021
46900,5.000,0.316,1.580,0.021
47100,5.000,0.317,1.584,0.021
47300,5.000,0.316,1.580,0.021
47500,5.000,0.317,1.584,0.021
47700,5.000,0.316,1.580,0.021
47900,5.000,0.316,1.580,0.021
48100,5.000,0.315,1.580,0.021
48300,5.000,0.317,1.587,0.021
48500,5.000,0.316,1.580,0.021
48700,5.000,0.316,1.580,0.021
48900,5.000,0.316,1.580,0.022
49100,5.000,0.317,1.584,0.022
49300,5.000,0.315,1.580,0.022
49500,5.000,0.315,1.580,0.022
49700,5.000,0.316,1.584,0.022
49900,5.000,0.316,1.584,0.022
50100,5.000,0.316,1.584,0.022
50300,5.000,0.316,1.580,0.022
50500,5.000,0.317,1.587,0.022
50700,5.000,0.316,1.580,0.022
50900,5.000,0.316,1.580,0.022
51100,5.000,0.316,1.580,0.023
51300,5.000,0.317,1.587,0.023
51500,5.000,0.316,1.580,0.023
51700,5.000,0.316,1.580,0.023
51900,5.000,0.316,1.580,0.023
52100,5.000,0.317,1.587,0.023
52300,5.000,0.316,1.580,0.023
52500,5.000,0.316,1.580,0.023
52700,5.000,0.316,1.580,0.023
52900,5.000,0.316,1.580,0.023
53100,5.000,0.316,1.580,0.023
53300,5.000,0.316,1.580,0.024
53500,5.000,0.316,1.584,0.024
53700,5.000,0.316,1.584,0.024
53900,5.000,0.316,1.584,0.024
54100,5.000,0.316,1.584,0.024
54300,5.000,0.318,1.591,0.024
54500,5.000,0.316,1.580,0.024
54700,5.000,0.316,1.580,0.024
54900,5.000,0.317,1.584,0.024
55100,5.000,0.317,1.584,0.024
55300,5.000,0.316,1.580,0.024
55500,5.000,0.316,1.584,0.025
55700,5.000,0.316,1.584,0.025
55900,5.000,0.317,1.587,0.025
56100,5.000,0.317,1.584,0.025
56300,5.000,0.315,1.576,0.025
56500,5.000,0.315,1.576,0.025
56700,5.000,0.316,1.580,0.025
56900,5.000,0.316,1.580,0.025
57100,5.000,0.316,1.584,0.025
57300,5.000,0.316,1.584,0.025
57500,5.000,0.317,1.584,0.025
57700,5.000,0.316,1.584,0.025
57900,5.000,0.317,1.584,0.026
58100,5.000,0.316,1.584,0.026
58300,5.000,0.316,1.584,0.026
58500,5.000,0.315,1.576,0.026
58700,5.000,0.316,1.584,0.026
58900,5.000,0.316,1.584,0.026
59100,5.000,0.317,1.587,0.026
59300,5.000,0.316,1.580,0.026
59500,5.000,0.317,1.587,0.026
59700,5.000,0.317,1.587,0.026
59900,5.000,0.316,1.580,0.027
60100,5.000,0.316,1.580,0.027
60300,5.000,0.317,1.587,0.027
60500,5.000,0.317,1.587,0.027
60700,5.000,0.315,1.576,0.027
60900,5.000,0.317,1.587,0.027
61100,5.000,0.317,1.587,0.027
61300,5.000,0.317,1.584,0.027
61500,5.000,0.316,1.580,0.027
61700,5.000,0.317,1.584,0.027
61900,5.000,0.316,1.584,0.027
62100,5.000,0.316,1.584,0.028
62300,5.000,0.315,1.576,0.028
62500,5.000,0.317,1.587,0.028
62700,5.000,0.316,1.580,0.028
62900,5.000,0.316,1.580,0.028
63100,5.000,0.316,1.584,0.028
63300,5.000,0.317,1.584,0.028
63500,5.000,0.317,1.584,0.028
63700,5.000,0.315,1.576,0.028
63900,5.000,0.316,1.580,0.028
64100,5.000,0.316,1.584,0.028
64300,5.000,0.316,1.584,0.028
64500,5.000,0.315,1.576,0.029
64700,5.000,0.317,1.584,0.029
64900,5.000,0.316,1.580,0.029
65100,5.000,0.316,1.584,0.029
65300,5.000,0.316,1.584,0.029
65500,5.000,0.317,1.584,0.029
65700,5.000,0.315,1.576,0.029
65900,5.000,0.315,1.576,0.029
66100,5.000,0.315,1.576,0.029
66300,5.000,0.317,1.584,0.029
66500,5.000,0.316,1.584,0.029
66700,5.000,0.316,1.584,0.030
66900,5.000,0.317,1.584,0.030
67100,5.000,0.316,1.584,0.030
67300,5.000,0.316,1.580,0.030
67500,5.000,0.316,1.580,0.030
67700,5.000,0.316,1.580,0.030
67900,5.000,0.316,1.584,0.030
68100,5.000,0.316,1.580,0.030
68300,5.000,0.316,1.580,0.030
68500,5.000,0.316,1.584,0.030
68700,5.000,0.317,1.587,0.030
68900,5.000,0.316,1.584,0.031
69100,5.000,0.316,1.580,0.031
69300,5.000,0.316,1.580,0.031
69500,5.000,0.316,1.580,0.031
69700,5.000,0.316,1.584,0.031
69900,5.000,0.316,1.584,0.031
70100,5.000,0.318,1.591,0.031
70300,5.000,0.316,1.580,0.031
70500,5.000,0.316,1.580,0.031
70700,5.000,0.316,1.580,0.031
70900,5.000,0.317,1.587,0.031
71100,5.000,0.316,1.580,0.032
71300,5.000,0.316,1.580,0.032
71500,5.000,0.316,1.580,0.032
71700,5.000,0.317,1.584,0.032
71900,5.000,0.315,1.580,0.032
72100,5.000,0.316,1.580,0.032
72300,5.000,0.316,1.584,0.032
72500,5.000,0.316,1.584,0.032
72700,5.000,0.316,1.584,0.032
72900,5.000,0.316,1.584,0.032
73100,5.000,0.316,1.584,0.032
73300,5.000,0.316,1.584,0.033
73500,5.000,0.316,1.584,0.033
73700,5.000,0.316,1.584,0.033
73900,5.000,0.316,1.584,0.033
74100,5.000,0.316,1.580,0.033
74300,5.000,0.316,1.580,0.033
74500,5.000,0.316,1.580,0.033
74700,5.000,0.318,1.587,0.033
74900,5.000,0.316,1.580,0.033
75100,5.000,0.316,1.584,0.033
75300,5.000,0.316,1.584,0.033
75500,5.000,0.317,1.584,0.034
75700,5.000,0.322,1.610,0.034
75900,5.000,0.316,1.584,0.034
76100,5.000,0.332,1.660,0.034
76300,5.000,0.332,1.660,0.034
76500,5.000,0.320,1.603,0.034
76700,5.000,0.316,1.580,0.034
76900,5.000,0.316,1.584,0.034
77100,5.000,0.316,1.584,0.034
77300,5.000,0.316,1.584,0.034
77500,5.000,0.316,1.584,0.034
77700,5.000,0.316,1.584,0.035
77900,5.000,0.316,1.580,0.035
78100,5.000,0.316,1.580,0.035
78300,5.000,0.315,1.580,0.035
78500,5.000,0.315,1.580,0.035
78700,5.000,0.317,1.587,0.035
78900,5.000,0.316,1.584,0.035
79100,5.000,0.316,1.580,0.035
79300,5.000,0.317,1.584,0.035
79500,5.000,0.317,1.584,0.035
79700,5.000,0.315,1.576,0.035
79900,5.000,0.316,1.580,0.036
80100,5.000,0.317,1.587,0.036
80300,5.000,0.317,1.587,0.036
80500,5.000,0.316,1.584,0.036
80700,5.000,0.316,1.584,0.036
80900,5.000,0.316,1.584,0.036
81100,5.000,0.317,1.584,0.036
81300,5.000,0.317,1.584,0.036
81500,5.000,0.317,1.587,0.036
81700,5.000,0.317,1.587,0.036
81900,5.000,0.316,1.580,0.036
82100,5.000,0.315,1.580,0.037
82300,5.000,0.317,1.584,0.037
82500,5.000,0.316,1.580,0.037
82700,5.000,0.316,1.580,0.037
82900,5.000,0.316,1.580,0.037
83100,5.000,0.317,1.587,0.037
83300,5.000,0.316,1.580,0.037
83500,5.000,0.316,1.580,0.037
83700,5.000,0.316,1.580,0.037
83900,5.000,0.317,1.587,0.037
84100,5.000,0.317,1.587,0.037
84300,5.000,0.316,1.584,0.038
84500,5.000,0.316,1.584,0.038
84700,5.000,0.317,1.584,0.038
84900,5.000,0.317,1.584,0.038
85100,5.000,0.316,1.584,0.038
85300,5.000,0.317,1.587,0.038
85500,5.000,0.317,1.587,0.038
85700,5.000,0.316,1.580,0.038
85900,5.000,0.316,1.580,0.038
86100,5.000,0.317,1.587,0.038
86300,5.000,0.316,1.584,0.038
86500,5.000,0.316,1.584,0.039
86700,5.000,0.316,1.580,0.039
86900,5.000,0.317,1.584,0.039
87100,5.000,0.317,1.584,0.039
87300,5.000,0.317,1.584,0.039
87500,5.000,0.316,1.584,0.039
87700,5.000,0.316,1.580,0.039
87900,5.000,0.316,1.580,0.039
88100,5.000,0.316,1.580,0.039
88300,5.000,0.316,1.584,0.039
88500,5.000,0.316,1.584,0.039
88700,5.000,0.316,1.584,0.040
88900,5.000,0.316,1.584,0.040
89100,5.000,0.317,1.584,0.040
89300,5.000,0.317,1.584,0.040
89500,5.000,0.316,1.580,0.040
89700,5.000,0.316,1.580,0.040
89900,5.000,0.316,1.580,0.040
90100,5.000,0.322,1.610,0.040
90300,5.000,0.316,1.584,0.040
90500,5.000,0.316,1.584,0.040
90700,5.000,0.316,1.584,0.040
90900,5.000,0.316,1.580,0.041
91100,5.000,0.316,1.580,0.041
91300,5.000,0.316,1.580,0.041
91500,5.000,0.316,1.580,0.041
91700,5.000,0.316,1.580,0.041
91900,5.000,0.316,1.580,0.041
92100,5.000,0.317,1.584,0.041
92300,5.000,0.317,1.584,0.041
92500,5.000,0.315,1.580,0.041
92700,5.000,0.315,1.580,0.041
92900,5.000,0.316,1.584,0.041
93100,5.000,0.316,1.580,0.042
93300,5.000,0.316,1.580,0.042
93500,5.000,0.316,1.580,0.042
93700,5.000,0.316,1.580,0.042
93900,5.000,0.316,1.580,0.042
94100,5.000,0.316,1.584,0.042
94300,5.000,0.317,1.587,0.042
94500,5.000,0.317,1.587,0.042
94700,5.000,0.315,1.576,0.042
94900,5.000,0.316,1.580,0.042
95100,5.000,0.316,1.580,0.042
95300,5.000,0.317,1.584,0.043
95500,5.000,0.315,1.576,0.043
95700,5.000,0.317,1.584,0.043
95900,5.000,0.317,1.584,0.043
96100,5.000,0.317,1.587,0.043
96300,5.000,0.316,1.580,0.043
96500,5.000,0.317,1.584,0.043
96700,5.000,0.316,1.584,0.043
96900,5.000,0.316,1.584,0.043
97100,5.000,0.315,1.580,0.043
97300,5.000,0.317,1.584,0.043
97500,5.000,0.317,1.584,0.044
97700,5.000,0.316,1.580,0.044
97900,5.000,0.317,1.584,0.044
98100,5.000,0.317,1.587,0.044
98300,5.000,0.317,1.587,0.044
98500,5.000,0.316,1.580,0.044
98700,5.000,0.316,1.584,0.044
98900,5.000,0.316,1.584,0.044
99100,5.000,0.316,1.584,0.044
99300,5.000,0.315,1.580,0.044
99500,5.000,0.317,1.584,0.044
99700,5.000,0.317,1.584,0.044
99900,5.000,0.316,1.580,0.045
100100,5.000,0.316,1.580,0.045
100300,5.000,0.316,1.584,0.045
100500,5.000,0.316,1.580,0.045
100700,5.000,0.316,1.580,0.045
100900,5.000,0.316,1.584,0.045
101100,5.000,0.317,1.584,0.045
101300,5.000,0.317,1.587,0.045
101500,5.000,0.317,1.587,0.045
101700,5.000,0.316,1.580,0.045
101900,5.000,0.317,1.587,0.046
102100,5.000,0.316,1.580,0.046
102300,5.000,0.316,1.580,0.046
102500,5.000,0.316,1.580,0.046
102700,5.000,0.317,1.584,0.046
102900,5.000,0.317,1.584,0.046
103100,5.000,0.316,1.584,0.046
103300,5.000,0.316,1.580,0.046
103500,5.000,0.317,1.584,0.046
103700,5.000,0.317,1.584,0.046
103900,5.000,0.317,1.584,0.046
104100,5.000,0.319,1.595,0.047
104300,5.000,0.316,1.584,0.047
104500,5.000,0.316,1.580,0.047
104700,5.000,0.316,1.580,0.047
104900,5.000,0.317,1.587,0.047
105100,5.000,0.316,1.584,0.047
105300,5.000,0.316,1.584,0.047
105500,5.000,0.316,1.584,0.047
105700,5.000,0.318,1.591,0.047
105900,5.000,0.316,1.580,0.047
106100,5.000,0.316,1.580,0.047
106300,5.000,0.316,1.580,0.047
106500,5.000,0.317,1.587,0.048
106700,5.000,0.316,1.584,0.048
106900,5.000,0.317,1.584,0.048
107100,5.000,0.317,1.584,0.048
107300,5.000,0.317,1.587,0.048
107500,5.000,0.316,1.584,0.048
107700,5.000,0.317,1.584,0.048
107900,5.000,0.317,1.584,0.048
108100,5.000,0.316,1.580,0.048
108300,5.000,0.315,1.576,0.048
108500,5.000,0.315,1.576,0.048
108700,5.000,0.317,1.587,0.049
108900,5.000,0.316,1.580,0.049
109100,5.000,0.316,1.580,0.049
109300,5.000,0.316,1.580,0.049
109500,5.000,0.318,1.587,0.049
109700,5.000,0.316,1.580,0.049
109900,5.000,0.316,1.580,0.049
110100,5.000,0.316,1.580,0.049
110300,5.000,0.317,1.584,0.049
110500,5.000,0.316,1.580,0.049
110700,5.000,0.316,1.584,0.050
110900,5.000,0.317,1.584,0.050
111100,5.000,0.317,1.584,0.050
111300,5.000,0.316,1.580,0.050
111500,5.000,0.317,1.587,0.050
111700,5.000,0.317,1.587,0.050
111900,5.000,0.316,1.580,0.050
112100,5.000,0.316,1.580,0.050
112300,5.000,0.316,1.584,0.050
112500,5.000,0.316,1.584,0.050
112700,5.000,0.316,1.580,0.050
112900,5.000,0.316,1.580,0.050
113100,5.000,0.317,1.584,0.051
113300,5.000,0.317,1.584,0.051
113500,5.000,0.316,1.580,0.051
113700,5.000,0.316,1.584,0.051
113900,5.000,0.316,1.584,0.051
114100,5.000,0.315,1.580,0.051
114300,5.000,0.315,1.580,0.051
114500,5.000,0.316,1.584,0.051
114700,5.000,0.316,1.580,0.051
114900,5.000,0.316,1.580,0.051
115100,5.000,0.316,1.580,0.051
115300,5.000,0.316,1.584,0.052
115500,5.000,0.316,1.580,0.052
115700,5.000,0.316,1.580,0.052
115900,5.000,0.315,1.576,0.052
116100,5.000,0.315,1.580,0.052
116300,5.000,0.316,1.580,0.052
116500,5.000,0.316,1.580,0.052
116700,5.000,0.315,1.576,0.052
116900,5.000,0.317,1.584,0.052
117100,5.000,0.317,1.584,0.052
117300,5.000,0.315,1.580,0.052
117500,5.000,0.315,1.580,0.053
117700,5.000,0.316,1.584,0.053
117900,5.000,0.315,1.576,0.053
118100,5.000,0.315,1.576,0.053
118300,5.000,0.315,1.576,0.053
118500,5.000,0.316,1.584,0.053
118700,5.000,0.316,1.580,0.053
118900,5.000,0.316,1.580,0.053
119100,5.000,0.317,1.584,0.053
119300,5.000,0.317,1.584,0.053
119500,5.000,0.317,1.584,0.053
119700,5.000,0.315,1.576,0.054
119900,5.000,0.316,1.580,0.054
120100,5.000,0.315,1.580,0.054
120300,5.000,0.315,1.580,0.054
120500,5.000,0.315,1.580,0.054
120700,5.000,0.317,1.587,0.054
120900,5.000,0.316,1.580,0.054
121100,5.000,0.316,1.584,0.054
121300,5.000,0.316,1.584,0.054
121500,5.000,0.316,1.584,0.054
121700,5.000,0.315,1.576,0.054
121900,5.000,0.316,1.580,0.055
122100,5.000,0.316,1.580,0.055
122300,5.000,0.316,1.584,0.055
122500,5.000,0.316,1.584,0.055
122700,5.000,0.316,1.584,0.055
122900,5.000,0.316,1.584,0.055
123100,5.000,0.316,1.580,0.055
123300,5.000,0.315,1.576,0.055
123500,5.000,0.315,1.576,0.055
123700,5.000,0.316,1.580,0.055
123900,5.000,0.315,1.576,0.055
124100,5.000,0.316,1.584,0.056
124300,5.000,0.317,1.584,0.056
124500,5.000,0.317,1.584,0.056
124700,5.000,0.316,1.580,0.056
124900,5.000,0.316,1.584,0.056
125100,5.000,0.317,1.584,0.056
125300,5.000,0.317,1.584,0.056
125500,5.000,0.315,1.576,0.056
125700,5.000,0.316,1.580,0.056
125900,5.000,0.316,1.580,0.056
126100,5.000,0.316,1.580,0.056
126300,5.000,0.316,1.580,0.057
126500,5.000,0.316,1.580,0.057
126700,5.000,0.316,1.580,0.057
126900,5.000,0.316,1.580,0.057
127100,5.000,0.316,1.580,0.057
127300,5.000,0.315,1.580,0.057
127500,5.000,0.315,1.580,0.057
127700,5.000,0.316,1.580,0.057
127900,5.000,0.316,1.580,0.057
128100,5.000,0.317,1.584,0.057
128300,5.000,0.316,1.580,0.057
128500,5.000,0.316,1.580,0.058
128700,5.000,0.315,1.576,0.058
128900,5.000,0.317,1.584,0.058
129100,5.000,0.317,1.584,0.058
129300,5.000,0.315,1.576,0.058
129500,5.000,0.315,1.580,0.058
129700,5.000,0.317,1.584,0.058
129900,5.000,0.317,1.584,0.058
130100,5.000,0.316,1.580,0.058
130300,5.000,0.316,1.580,0.058
130500,5.000,0.316,1.580,0.058
130700,5.000,0.316,1.580,0.059
130900,5.000,0.315,1.580,0.059
131100,5.000,0.316,1.584,0.059
131300,5.000,0.316,1.580,0.059
131500,5.000,0.316,1.580,0.059
131700,5.000,0.315,1.576,0.059
131900,5.000,0.318,1.587,0.059
132100,5.000,0.315,1.576,0.059
132300,5.000,0.315,1.576,0.059
132500,5.000,0.315,1.576,0.059
132700,5.000,0.317,1.584,0.059
132900,5.000,0.315,1.576,0.060
133100,5.000,0.315,1.576,0.060
133300,5.000,0.316,1.576,0.060
133500,5.000,0.316,1.580,0.060
133700,5.000,0.316,1.580,0.060
133900,5.000,0.315,1.576,0.060
134100,5.000,0.317,1.584,0.060
134300,5.000,0.316,1.584,0.060
134500,5.000,0.316,1.584,0.060
134700,5.000,0.334,1.667,0.060
134900,5.000,0.320,1.599,0.060
135100,5.000,0.316,1.580,0.061
135300,5.000,0.317,1.584,0.061
135500,5.000,0.317,1.584,0.061
135700,5.000,0.317,1.587,0.061
135900,5.000,0.316,1.580,0.061
136100,5.000,0.316,1.584,0.061
136300,5.000,0.316,1.584,0.061
136500,5.000,0.316,1.584,0.061
136700,5.000,0.316,1.580,0.061
136900,5.000,0.316,1.580,0.061
137100,5.000,0.316,1.580,0.061
137300,5.000,0.317,1.584,0.062
137500,5.000,0.316,1.584,0.062
137700,5.000,0.316,1.584,0.062
137900,5.000,0.317,1.584,0.062
138100,5.000,0.318,1.591,0.062
138300,5.000,0.316,1.580,0.062
138500,5.000,0.317,1.587,0.062
138700,5.000,0.317,1.587,0.062
138900,5.000,0.317,1.584,0.062
139100,5.000,0.316,1.580,0.062
139300,5.000,0.316,1.584,0.062
139500,5.000,0.316,1.584,0.063
139700,5.000,0.317,1.587,0.063
139900,5.000,0.316,1.580,0.063
140100,5.000,0.316,1.580,0.063
140300,5.000,0.316,1.580,0.063
140500,5.000,0.315,1.576,0.063
140700,5.000,0.316,1.584,0.063
140900,5.000,0.316,1.584,0.063
141100,5.000,0.317,1.584,0.063
141300,5.000,0.316,1.580,0.063
141500,5.000,0.316,1.580,0.063
141700,5.000,0.317,1.587,0.063
141900,5.000,0.317,1.584,0.064
142100,5.000,0.315,1.580,0.064
142300,5.000,0.316,1.584,0.064
142500,5.000,0.316,1.584,0.064
142700,5.000,0.317,1.584,0.064
142900,5.000,0.316,1.580,0.064
143100,5.000,0.317,1.587,0.064
143300,5.000,0.317,1.587,0.064
143500,5.000,0.316,1.580,0.064
143700,5.000,0.316,1.584,0.064
143900,5.000,0.316,1.584,0.064
144100,5.000,0.316,1.584,0.065
144300,5.000,0.315,1.576,0.065
144500,5.000,0.316,1.584,0.065
144700,5.000,0.316,1.584,0.065
144900,5.000,0.317,1.584,0.065
145100,5.000,0.316,1.580,0.065
145300,5.000,0.317,1.584,0.065
145500,5.000,0.317,1.587,0.065
145700,5.000,0.317,1.587,0.065
145900,5.000,0.315,1.580,0.065
146100,5.000,0.316,1.584,0.066
146300,5.000,0.316,1.580,0.066
146500,5.000,0.316,1.580,0.066
146700,5.000,0.317,1.584,0.066
146900,5.000,0.317,1.587,0.066
147100,5.000,0.316,1.580,0.066
147300,5.000,0.316,1.580,0.066
147500,5.000,0.317,1.584,0.066
147700,5.000,0.317,1.584,0.066
147900,5.000,0.317,1.584,0.066
148100,5.000,0.315,1.576,0.066
148300,5.000,0.316,1.580,0.066
148500,5.000,0.317,1.587,0.067
148700,5.000,0.317,1.587,0.067
148900,5.000,0.316,1.580,0.067
149100,5.000,0.317,1.584,0.067
149300,5.000,0.317,1.584,0.067
149500,5.000,0.316,1.580,0.067
149700,5.000,0.316,1.580,0.067
149900,5.000,0.316,1.584,0.067
150100,5.000,0.315,1.580,0.067
150300,5.000,0.316,1.584,0.067
150500,5.000,0.316,1.584,0.067
150700,5.000,0.317,1.587,0.068
150900,5.000,0.316,1.580,0.068
151100,5.000,0.316,1.580,0.068
151300,5.000,0.316,1.580,0.068
151500,5.000,0.316,1.584,0.068
151700,5.000,0.316,1.580,0.068
151900,5.000,0.316,1.580,0.068
152100,5.000,0.316,1.580,0.068
152300,5.000,0.317,1.587,0.068
152500,5.000,0.316,1.580,0.068
152700,5.000,0.317,1.584,0.068
152900,5.000,0.317,1.584,0.069
153100,5.000,0.316,1.584,0.069
153300,5.000,0.316,1.584,0.069
153500,5.000,0.316,1.584,0.069
153700,5.000,0.316,1.584,0.069
153900,5.000,0.316,1.584,0.069
154100,5.000,0.316,1.580,0.069
154300,5.000,0.316,1.580,0.069
154500,5.000,0.317,1.584,0.069
154700,5.000,0.316,1.580,0.069
154900,5.000,0.316,1.580,0.069
155100,5.000,0.316,1.580,0.070
155300,5.000,0.317,1.584,0.070
155500,5.000,0.316,1.576,0.070
155700,5.000,0.316,1.576,0.070
155900,5.000,0.316,1.584,0.070
156100,5.000,0.316,1.584,0.070
156300,5.000,0.316,1.580,0.070
156500,5.000,0.316,1.580,0.070
156700,5.000,0.316,1.580,0.070
156900,5.000,0.316,1.584,0.070
157100,5.000,0.316,1.580,0.070
157300,5.000,0.317,1.584,0.071
157500,5.000,0.317,1.584,0.071
157700,5.000,0.317,1.584,0.071
157900,5.000,0.315,1.580,0.071
158100,5.000,0.317,1.587,0.071
158300,5.000,0.317,1.587,0.071
158500,5.000,0.316,1.580,0.071
158700,5.000,0.316,1.580,0.071
158900,5.000,0.316,1.580,0.071
159100,5.000,0.317,1.587,0.071
159300,5.000,0.316,1.580,0.071
159500,5.000,0.316,1.580,0.072
159700,5.000,0.316,1.580,0.072
159900,5.000,0.316,1.580,0.072
160100,5.000,0.316,1.580,0.072
160300,5.000,0.316,1.584,0.072
160500,5.000,0.316,1.584,0.072
160700,5.000,0.316,1.584,0.072
160900,5.000,0.316,1.580,0.072
161100,5.000,0.317,1.587,0.072
161300,5.000,0.316,1.580,0.072
161500,5.000,0.316,1.580,0.072
161700,5.000,0.316,1.580,0.073
161900,5.000,0.317,1.587,0.073
162100,5.000,0.317,1.587,0.073
162300,5.000,0.316,1.584,0.073
162500,5.000,0.316,1.584,0.073
162700,5.000,0.317,1.587,0.073
162900,5.000,0.316,1.580,0.073
163100,5.000,0.316,1.580,0.073
163300,5.000,0.316,1.584,0.073
163500,5.000,0.317,1.584,0.073
163700,5.000,0.316,1.584,0.073
163900,5.000,0.316,1.584,0.074
164100,5.000,0.317,1.584,0.074
164300,5.000,0.316,1.584,0.074
164500,5.000,0.316,1.584,0.074
164700,5.000,0.316,1.580,0.074
164900,5.000,0.316,1.584,0.074
165100,5.000,0.316,1.580,0.074
165300,5.000,0.316,1.580,0.074
165500,5.000,0.316,1.584,0.074
165700,5.000,0.316,1.584,0.074
165900,5.000,0.316,1.584,0.074
166100,5.000,0.316,1.584,0.075
166300,5.000,0.316,1.584,0.075
166500,5.000,0.317,1.584,0.075
166700,5.000,0.316,1.580,0.075
166900,5.000,0.316,1.580,0.075
167100,5.000,0.316,1.580,0.075
167300,5.000,0.316,1.584,0.075
167500,5.000,0.316,1.580,0.075
167700,5.000,0.316,1.580,0.075
167900,5.000,0.317,1.587,0.075
168100,5.000,0.317,1.584,0.075
168300,5.000,0.316,1.580,0.076
168500,5.000,0.316,1.580,0.076
168700,5.000,0.316,1.580,0.076
168900,5.000,0.316,1.580,0.076
169100,5.000,0.315,1.576,0.076
169300,5.000,0.315,1.576,0.076
169500,5.000,0.318,1.587,0.076
169700,5.000,0.316,1.584,0.076
169900,5.000,0.317,1.584,0.076
170100,5.000,0.317,1.584,0.076
170300,5.000,0.317,1.584,0.076
170500,5.000,0.315,1.576,0.077
170700,5.000,0.316,1.584,0.077
170900,5.000,0.316,1.584,0.077
171100,5.000,0.316,1.580,0.077
171300,5.000,0.315,1.580,0.077
171500,5.000,0.317,1.587,0.077
171700,5.000,0.317,1.587,0.077
171900,5.000,0.316,1.584,0.077
172100,5.000,0.315,1.576,0.077
172300,5.000,0.318,1.595,0.077
172500,5.000,0.318,1.595,0.077
172700,5.000,0.316,1.580,0.078
172900,5.000,0.316,1.580,0.078
173100,5.000,0.316,1.580,0.078
173300,5.000,0.317,1.580,0.078
173500,5.000,0.316,1.580,0.078
173700,5.000,0.317,1.587,0.078
173900,5.000,0.317,1.587,0.078
174100,5.000,0.317,1.587,0.078
174300,5.000,0.315,1.576,0.078
174500,5.000,0.316,1.580,0.078
174700,5.000,0.317,1.584,0.078
174900,5.000,0.317,1.584,0.079
175100,5.000,0.316,1.580,0.079
175300,5.000,0.316,1.580,0.079
175500,5.000,0.316,1.580,0.079
175700,5.000,0.316,1.584,0.079
175900,5.000,0.316,1.580,0.079
176100,5.000,0.316,1.580,0.079
176300,5.000,0.316,1.580,0.079
176500,5.000,0.316,1.580,0.079
176700,5.000,0.316,1.580,0.079
176900,5.000,0.317,1.584,0.079
177100,5.000,0.316,1.584,0.080
177300,5.000,0.316,1.584,0.080
177500,5.000,0.316,1.584,0.080
177700,5.000,0.317,1.584,0.080
177900,5.000,0.316,1.580,0.080
178100,5.000,0.316,1.580,0.080
178300,5.000,0.316,1.580,0.080
178500,5.000,0.317,1.587,0.080
178700,5.000,0.317,1.587,0.080
178900,5.000,0.316,1.580,0.080
179100,5.000,0.316,1.580,0.080
179300,5.000,0.316,1.584,0.080
179500,5.000,0.316,1.584,0.081
179700,5.000,0.316,1.580,0.081
179900,5.000,0.316,1.580,0.081
180100,5.000,0.316,1.580,0.081
180300,5.000,0.315,1.580,0.081
180500,5.000,0.315,1.580,0.081
180700,5.000,0.317,1.587,0.081
180900,5.000,0.316,1.584,0.081
181100,5.000,0.316,1.580,0.081
181300,5.000,0.316,1.580,0.081
181500,5.000,0.318,1.587,0.082
181700,5.000,0.316,1.584,0.082
181900,5.000,0.316,1.584,0.082
182100,5.000,0.316,1.580,0.082
182300,5.000,0.316,1.584,0.082
182500,5.000,0.316,1.580,0.082
182700,5.000,0.316,1.580,0.082
182900,5.000,0.316,1.584,0.082
183100,5.000,0.317,1.584,0.082
183300,5.000,0.316,1.580,0.082
183500,5.000,0.316,1.580,0.082
183700,5.000,0.317,1.584,0.082
183900,5.000,0.316,1.580,0.083
184100,5.000,0.315,1.576,0.083
184300,5.000,0.315,1.587,0.083
184500,5.000,0.317,1.587,0.083
184700,5.000,0.316,1.580,0.083
184900,5.000,0.316,1.580,0.083
185100,5.000,0.316,1.580,0.083
185300,5.000,0.317,1.587,0.083
185500,5.000,0.316,1.580,0.083
185700,5.000,0.316,1.580,0.083
185900,5.000,0.316,1.580,0.083
186100,5.000,0.316,1.580,0.084
186300,5.000,0.315,1.576,0.084
186500,5.000,0.315,1.576,0.084
186700,5.000,0.316,1.584,0.084
186900,5.000,0.316,1.584,0.084
187100,5.000,0.316,1.580,0.084
187300,5.000,0.317,1.587,0.084
187500,5.000,0.317,1.587,0.084
187700,5.000,0.316,1.580,0.084
187900,5.000,0.316,1.580,0.084
188100,5.000,0.316,1.580,0.084
188300,5.000,0.316,1.580,0.085
188500,5.000,0.316,1.584,0.085
188700,5.000,0.317,1.584,0.085
188900,5.000,0.317,1.587,0.085
189100,5.000,0.317,1.587,0.085
189300,5.000,0.316,1.584,0.085
189500,5.000,0.316,1.580,0.085
189700,5.000,0.316,1.580,0.085
189900,5.000,0.316,1.584,0.085
190100,5.000,0.316,1.580,0.085
190300,5.000,0.316,1.584,0.085
190500,5.000,0.316,1.584,0.086
190700,5.000,0.317,1.584,0.086
190900,5.000,0.316,1.584,0.086
191100,5.000,0.317,1.584,0.086
191300,5.000,0.316,1.584,0.086
191500,5.000,0.316,1.584,0.086
191700,5.000,0.316,1.580,0.086
191900,5.000,0.316,1.584,0.086
192100,5.000,0.317,1.587,0.086
192300,5.000,0.317,1.587,0.086
192500,5.000,0.316,1.584,0.086
192700,5.000,0.317,1.587,0.087
192900,5.000,0.317,1.587,0.087
193100,5.000,0.334,1.671,0.087
193300,5.000,0.317,1.587,0.087
193500,5.000,0.316,1.584,0.087
193700,5.000,0.316,1.584,0.087
193900,5.000,0.316,1.580,0.087
194100,5.000,0.317,1.587,0.087
194300,5.000,0.317,1.584,0.087
194500,5.000,0.315,1.576,0.087
194700,5.000,0.315,1.576,0.087
194900,5.000,0.316,1.580,0.088
195100,5.000,0.316,1.584,0.088
195300,5.000,0.315,1.576,0.088
195500,5.000,0.315,1.576,0.088
195700,5.000,0.317,1.587,0.088
195900,5.000,0.316,1.584,0.088
196100,5.000,0.316,1.584,0.088
196300,5.000,0.316,1.580,0.088
196500,5.000,0.317,1.584,0.088
196700,5.000,0.316,1.584,0.088
196900,5.000,0.316,1.584,0.088
197100,5.000,0.316,1.584,0.089
197300,5.000,0.317,1.584,0.089
197500,5.000,0.317,1.584,0.089
197700,5.000,0.316,1.584,0.089
197900,5.000,0.317,1.587,0.089
198100,5.000,0.316,1.580,0.089
198300,5.000,0.316,1.580,0.089
198500,5.000,0.316,1.580,0.089
198700,5.000,0.316,1.584,0.089
198900,5.000,0.316,1.580,0.089
199100,5.000,0.316,1.580,0.089
199300,5.000,0.316,1.580,0.090
199500,5.000,0.317,1.587,0.090
199700,5.000,0.316,1.580,0.090
199900,5.000,0.315,1.576,0.090
200100,5.000,0.315,1.576,0.090
200300,5.000,0.316,1.584,0.090
200500,5.000,0.315,1.580,0.090
200700,5.000,0.315,1.580,0.090
200900,5.000,0.316,1.580,0.090
201100,5.000,0.317,1.584,0.090
201300,5.000,0.316,1.580,0.090
201500,5.000,0.317,1.584,0.091
201700,5.000,0.317,1.584,0.091
201900,5.000,0.316,1.580,0.091
202100,5.000,0.315,1.576,0.091
202300,5.000,0.317,1.584,0.091
202500,5.000,0.317,1.584,0.091
202700,5.000,0.316,1.580,0.091
202900,5.000,0.317,1.584,0.091
203100,5.000,0.317,1.584,0.091
203300,5.000,0.317,1.584,0.091
203500,5.000,0.316,1.580,0.091
203700,5.000,0.316,1.580,0.092
203900,5.000,0.316,1.580,0.092
204100,5.000,0.316,1.580,0.092
204300,5.000,0.316,1.580,0.092
204500,5.000,0.316,1.584,0.092
204700,5.000,0.316,1.584,0.092
204900,5.000,0.317,1.587,0.092
205100,5.000,0.316,1.584,0.092
205300,5.000,0.316,1.580,0.092
205500,5.000,0.316,1.580,0.092
205700,5.000,0.316,1.580,0.092
205900,5.000,0.316,1.584,0.093
206100,5.000,0.316,1.584,0.093
206300,5.000,0.317,1.587,0.093
206500,5.000,0.317,1.587,0.093
206700,5.000,0.318,1.591,0.093
206900,5.000,0.317,1.584,0.093
207100,5.000,0.317,1.584,0.093
207300,5.000,0.315,1.576,0.093
207500,5.000,0.315,1.580,0.093
207700,5.000,0.317,1.584,0.093
207900,5.000,0.317,1.584,0.093
208100,5.000,0.316,1.580,0.094
208300,5.000,0.316,1.584,0.094
208500,5.000,0.316,1.584,0.094
208700,5.000,0.316,1.580,0.094
208900,5.000,0.316,1.580,0.094
209100,5.000,0.316,1.584,0.094
209300,5.000,0.316,1.580,0.094
209500,5.000,0.316,1.580,0.094
209700,5.000,0.316,1.580,0.094
209900,5.000,0.317,1.587,0.094
210100,5.000,0.316,1.580,0.094
210300,5.000,0.316,1.580,0.095
210500,5.000,0.316,1.580,0.095
210700,5.000,0.316,1.584,0.095
210900,5.000,0.315,1.576,0.095
211100,5.000,0.315,1.576,0.095
211300,5.000,0.316,1.580,0.095
211500,5.000,0.318,1.587,0.095
211700,5.000,0.318,1.587,0.095
211900,5.000,0.317,1.584,0.095
212100,5.000,0.317,1.584,0.095
212300,5.000,0.316,1.580,0.095
212500,5.000,0.316,1.580,0.096
212700,5.000,0.316,1.580,0.096
212900,5.000,0.317,1.584,0.096
213100,5.000,0.316,1.580,0.096
213300,5.000,0.316,1.584,0.096
213500,5.000,0.316,1.584,0.096
213700,5.000,0.318,1.591,0.096
213900,5.000,0.316,1.580,0.096
214100,5.000,0.316,1.580,0.096
214300,5.000,0.316,1.580,0.096
214500,5.000,0.317,1.584,0.096
214700,5.000,0.315,1.580,0.097
214900,5.000,0.315,1.580,0.097
215100,5.000,0.317,1.584,0.097
215300,5.000,0.316,1.584,0.097
215500,5.000,0.317,1.587,0.097
215700,5.000,0.317,1.584,0.097
215900,5.000,0.317,1.584,0.097
216100,5.000,0.316,1.580,0.097
216300,5.000,0.316,1.580,0.097
216500,5.000,0.319,1.595,0.097
216700,5.000,0.319,1.595,0.097
216900,5.000,0.316,1.584,0.098
217100,5.000,0.317,1.584,0.098
217300,5.000,0.317,1.587,0.098
217500,5.000,0.317,1.587,0.098
217700,5.000,0.316,1.580,0.098
217900,5.000,0.316,1.580,0.098
218100,5.000,0.316,1.580,0.098
218300,5.000,0.316,1.580,0.098
218500,5.000,0.317,1.587,0.098
218700,5.000,0.316,1.584,0.098
218900,5.000,0.317,1.584,0.098
219100,5.000,0.317,1.584,0.099
219300,5.000,0.316,1.580,0.099
219500,5.000,0.317,1.584,0.099
219700,5.000,0.316,1.580,0.099
219900,5.000,0.316,1.580,0.099
220100,5.000,0.316,1.580,0.099
220300,5.000,0.317,1.587,0.099
220500,5.000,0.317,1.587,0.099
220700,5.000,0.317,1.587,0.099
220900,5.000,0.316,1.580,0.099
221100,5.000,0.316,1.584,0.099
221300,5.000,0.316,1.584,0.099
221500,5.000,0.317,1.584,0.100
221700,5.000,0.315,1.576,0.100
221900,5.000,0.316,1.584,0.100
222100,5.000,0.316,1.584,0.100
222300,5.000,0.316,1.580,0.100
222500,5.000,0.317,1.587,0.100
222700,5.000,0.316,1.584,0.100
222900,5.000,0.315,1.576,0.100
223100,5.000,0.315,1.576,0.100
223300,5.000,0.317,1.584,0.100
223500,5.000,0.316,1.580,0.101
223700,5.000,0.316,1.580,0.101
223900,5.000,0.316,1.580,0.101
224100,5.000,0.317,1.587,0.101
224300,5.000,0.317,1.584,0.101
224500,5.000,0.317,1.584,0.101
224700,5.000,0.316,1.584,0.101
224900,5.000,0.317,1.584,0.101
225100,5.000,0.316,1.580,0.101
225300,5.000,0.316,1.580,0.101
225500,5.000,0.317,1.584,0.101
225700,5.000,0.317,1.584,0.101
225900,5.000,0.316,1.580,0.102
226100,5.000,0.318,1.587,0.102
226300,5.000,0.318,1.587,0.102
226500,5.000,0.317,1.584,0.102
226700,5.000,0.315,1.576,0.102
226900,5.000,0.315,1.576,0.102
227100,5.000,0.317,1.584,0.102
227300,5.000,0.316,1.580,0.102
227500,5.000,0.316,1.580,0.102
227700,5.000,0.316,1.580,0.102
227900,5.000,0.317,1.584,0.102
228100,5.000,0.316,1.580,0.103
228300,5.000,0.316,1.580,0.103
228500,5.000,0.316,1.580,0.103
228700,5.000,0.316,1.584,0.103
228900,5.000,0.316,1.580,0.103
229100,5.000,0.316,1.580,0.103
229300,5.000,0.318,1.587,0.103
229500,5.000,0.316,1.584,0.103
229700,5.000,0.316,1.584,0.103
229900,5.000,0.316,1.584,0.103
230100,5.000,0.316,1.584,0.103
230300,5.000,0.316,1.580,0.104
230500,5.000,0.316,1.580,0.104
230700,5.000,0.317,1.584,0.104
230900,5.000,0.317,1.584,0.104
231100,5.000,0.317,1.587,0.104
231300,5.000,0.316,1.584,0.104
231500,5.000,0.316,1.584,0.104
231700,5.000,0.316,1.580,0.104
231900,5.000,0.315,1.580,0.104
232100,5.000,0.316,1.580,0.104
232300,5.000,0.316,1.580,0.104
232500,5.000,0.317,1.584,0.105
232700,5.000,0.316,1.584,0.105
232900,5.000,0.316,1.584,0.105
233100,5.000,0.317,1.584,0.105
233300,5.000,0.317,1.584,0.105
233500,5.000,0.316,1.580,0.105
233700,5.000,0.316,1.580,0.105
233900,5.000,0.316,1.584,0.105
234100,5.000,0.316,1.584,0.105
234300,5.000,0.316,1.580,0.105
234500,5.000,0.317,1.587,0.105
234700,5.000,0.317,1.587,0.106
234900,5.000,0.316,1.580,0.106
235100,5.000,0.316,1.584,0.106
235300,5.000,0.317,1.584,0.106
235500,5.000,0.317,1.584,0.106
235700,5.000,0.315,1.576,0.106
235900,5.000,0.316,1.580,0.106
236100,5.000,0.317,1.584,0.106
236300,5.000,0.316,1.580,0.106
236500,5.000,0.316,1.580,0.106
236700,5.000,0.317,1.584,0.106
236900,5.000,0.317,1.587,0.107
237100,5.000,0.315,1.576,0.107
237300,5.000,0.315,1.576,0.107
237500,5.000,0.316,1.584,0.107
237700,5.000,0.317,1.584,0.107
237900,5.000,0.317,1.584,0.107
238100,5.000,0.316,1.580,0.107
238300,5.000,0.317,1.584,0.107
238500,5.000,0.316,1.580,0.107
238700,5.000,0.316,1.580,0.107
238900,5.000,0.317,1.587,0.107
239100,5.000,0.317,1.584,0.108
239300,5.000,0.315,1.576,0.108
239500,5.000,0.315,1.576,0.108
239700,5.000,0.316,1.584,0.108
239900,5.000,0.317,1.587,0.108
240100,5.000,0.316,1.584,0.108
240300,5.000,0.316,1.587,0.108
240500,5.000,0.317,1.587,0.108
240700,5.000,0.316,1.584,0.108
240900,5.000,0.316,1.580,0.108
241100,5.000,0.316,1.580,0.108
241300,5.000,0.317,1.587,0.109
241500,5.000,0.316,1.580,0.109
241700,5.000,0.317,1.584,0.109
241900,5.000,0.317,1.584,0.109
242100,5.000,0.317,1.584,0.109
242300,5.000,0.316,1.580,0.109
242500,5.000,0.316,1.580,0.109
242700,5.000,0.316,1.584,0.109
242900,5.000,0.317,1.584,0.109
243100,5.000,0.316,1.580,0.109
243300,5.000,0.316,1.584,0.109
243500,5.000,0.316,1.584,0.110
243700,5.000,0.317,1.584,0.110
243900,5.000,0.316,1.580,0.110
244100,5.000,0.316,1.580,0.110
244300,5.000,0.316,1.580,0.110
244500,5.000,0.315,1.576,0.110
244700,5.000,0.317,1.584,0.110
244900,5.000,0.317,1.584,0.110
245100,5.000,0.317,1.584,0.110
245300,5.000,0.316,1.580,0.110
245500,5.000,0.316,1.580,0.110
245700,5.000,0.316,1.580,0.111
245900,5.000,0.317,1.584,0.111
246100,5.000,0.315,1.580,0.111
246300,5.000,0.315,1.580,0.111
246500,5.000,0.315,1.580,0.111
246700,5.000,0.317,1.587,0.111
246900,5.000,0.316,1.584,0.111
247100,5.000,0.317,1.584,0.111
247300,5.000,0.316,1.584,0.111
247500,5.000,0.316,1.584,0.111
247700,5.000,0.316,1.584,0.111
247900,5.000,0.316,1.580,0.112
248100,5.000,0.316,1.584,0.112
248300,5.000,0.316,1.584,0.112
248500,5.000,0.316,1.580,0.112
248700,5.000,0.317,1.587,0.112
248900,5.000,0.317,1.587,0.112
249100,5.000,0.316,1.580,0.112
249300,5.000,0.316,1.580,0.112
249500,5.000,0.316,1.584,0.112
249700,5.000,0.316,1.584,0.112
249900,5.000,0.316,1.580,0.112
250100,5.000,0.316,1.580,0.113
250300,5.000,0.317,1.584,0.113
250500,5.000,0.316,1.580,0.113
250700,5.000,0.316,1.580,0.113
250900,5.000,0.317,1.584,0.113
251100,5.000,0.317,1.584,0.113
251300,5.000,0.317,1.687,0.113
251500,5.000,0.337,1.687,0.113
251700,5.000,0.318,1.591,0.113
251900,5.000,0.317,1.584,0.113
252100,5.000,0.317,1.584,0.113
252300,5.000,0.316,1.580,0.114
252500,5.000,0.318,1.591,0.114
252700,5.000,0.315,1.580,0.114
252900,5.000,0.315,1.580,0.114
253100,5.000,0.316,1.580,0.114
253300,5.000,0.317,1.584,0.114
253500,5.000,0.317,1.584,0.114
253700,5.000,0.316,1.584,0.114
253900,5.000,0.317,1.584,0.114
254100,5.000,0.317,1.584,0.114
254300,5.000,0.317,1.584,0.114
254500,5.000,0.317,1.584,0.115
254700,5.000,0.316,1.584,0.115
254900,5.000,0.321,1.610,0.115
255100,5.000,0.316,1.584,0.115
255300,5.000,0.316,1.584,0.115
255500,5.000,0.318,1.591,0.115
255700,5.000,0.316,1.584,0.115
255900,5.000,0.316,1.580,0.115
256100,5.000,0.316,1.580,0.115
256300,5.000,0.317,1.584,0.115
256500,5.000,0.316,1.580,0.115
256700,5.000,0.316,1.580,0.116
256900,5.000,0.317,1.584,0.116
257100,5.000,0.317,1.584,0.116
257300,5.000,0.317,1.587,0.116
257500,5.000,0.317,1.587,0.116
257700,5.000,0.317,1.587,0.116
257900,5.000,0.316,1.584,0.116
258100,5.000,0.316,1.580,0.116
258300,5.000,0.317,1.584,0.116
258500,5.000,0.317,1.584,0.116
258700,5.000,0.316,1.584,0.116
258900,5.000,0.316,1.584,0.117
259100,5.000,0.317,1.587,0.117
259300,5.000,0.317,1.587,0.117
259500,5.000,0.316,1.584,0.117
259700,5.000,0.316,1.580,0.117
259900,5.000,0.316,1.580,0.117
260100,5.000,0.316,1.584,0.117
260300,5.000,0.316,1.580,0.117
260500,5.000,0.316,1.580,0.117
260700,5.000,0.316,1.580,0.117
260900,5.000,0.317,1.584,0.117
261100,5.000,0.316,1.584,0.118
261300,5.000,0.317,1.587,0.118
261500,5.000,0.316,1.584,0.118
261700,5.000,0.316,1.584,0.118
261900,5.000,0.315,1.576,0.118
262100,5.000,0.316,1.584,0.118
262300,5.000,0.317,1.584,0.118
262500,5.000,0.317,1.584,0.118
262700,5.000,0.315,1.580,0.118
262900,5.000,0.317,1.584,0.118
263100,5.000,0.317,1.584,0.118
263300,5.000,0.317,1.584,0.119
263500,5.000,0.316,1.580,0.119
263700,5.000,0.316,1.584,0.119
263900,5.000,0.316,1.584,0.119
264100,5.000,0.316,1.580,0.119
264300,5.000,0.316,1.584,0.119
264500,5.000,0.317,1.584,0.119
264700,5.000,0.316,1.580,0.119
264900,5.000,0.316,1.580,0.119
265100,5.000,0.317,1.587,0.119
265300,5.000,0.316,1.580,0.119
265500,5.000,0.316,1.580,0.120
265700,5.000,0.315,1.576,0.120
265900,5.000,0.317,1.584,0.120
266100,5.000,0.316,1.584,0.120
266300,5.000,0.316,1.584,0.120
266500,5.000,0.316,1.584,0.120
266700,5.000,0.317,1.584,0.120
266900,5.000,0.316,1.580,0.120
267100,5.000,0.316,1.580,0.120
267300,5.000,0.316,1.584,0.120
267500,5.000,0.317,1.584,0.120
267700,5.000,0.317,1.584,0.120
267900,5.000,0.317,1.587,0.121
268100,5.000,0.317,1.587,0.121
268300,5.000,0.317,1.584,0.121
268500,5.000,0.316,1.580,0.121
268700,5.000,0.316,1.580,0.121
268900,5.000,0.317,1.584,0.121
269100,5.000,0.317,1.584,0.121
269300,5.000,0.316,1.580,0.121
269500,5.000,0.316,1.580,0.121
269700,5.000,0.317,1.587,0.121
269900,5.000,0.316,1.584,0.121
270100,5.000,0.316,1.584,0.122
270300,5.000,0.316,1.584,0.122
270500,5.000,0.317,1.584,0.122
270700,5.000,0.315,1.580,0.122
270900,5.000,0.315,1.580,0.122
271100,5.000,0.317,1.584,0.122
271300,5.000,0.316,1.580,0.122
271500,5.000,0.315,1.580,0.122
271700,5.000,0.316,1.584,0.122
271900,5.000,0.316,1.584,0.122
272100,5.000,0.317,1.584,0.123
272300,5.000,0.316,1.580,0.123
272500,5.000,0.317,1.584,0.123
272700,5.000,0.317,1.584,0.123
272900,5.000,0.317,1.584,0.123
273100,5.000,0.316,1.580,0.123
273300,5.000,0.316,1.584,0.123
273500,5.000,0.316,1.584,0.123
273700,5.000,0.316,1.580,0.123
273900,5.000,0.316,1.584,0.123
274100,5.000,0.316,1.584,0.123
274300,5.000,0.317,1.584,0.123
274500,5.000,0.317,1.587,0.124
274700,5.000,0.316,1.584,0.124
274900,5.000,0.317,1.587,0.124
275100,5.000,0.317,1.587,0.124
275300,5.000,0.316,1.580,0.124
275500,5.000,0.316,1.580,0.124
275700,5.000,0.317,1.587,0.124
275900,5.000,0.317,1.587,0.124
276100,5.000,0.316,1.584,0.124
276300,5.000,0.317,1.584,0.124
276500,5.000,0.317,1.584,0.124
276700,5.000,0.317,1.584,0.125
276900,5.000,0.316,1.580,0.125
277100,5.000,0.316,1.584,0.125
277300,5.000,0.316,1.584,0.125
277500,5.000,0.316,1.580,0.125
277700,5.000,0.316,1.580,0.125
277900,5.000,0.317,1.587,0.125
278100,5.000,0.317,1.587,0.125
278300,5.000,0.316,1.584,0.125
278500,5.000,0.317,1.584,0.125
278700,5.000,0.317,1.587,0.125
278900,5.000,0.316,1.580,0.126
279100,5.000,0.316,1.580,0.126
279300,5.000,0.316,1.580,0.126
279500,5.000,0.317,1.584,0.126
279700,5.000,0.317,1.584,0.126
279900,5.000,0.316,1.584,0.126
280100,5.000,0.317,1.584,0.126
280300,5.000,0.316,1.580,0.126
280500,5.000,0.316,1.580,0.126
280700,5.000,0.315,1.580,0.126
280900,5.000,0.317,1.587,0.126
281100,5.000,0.316,1.580,0.127
281300,5.000,0.316,1.580,0.127
281500,5.000,0.316,1.584,0.127
281700,5.000,0.318,1.591,0.127
281900,5.000,0.316,1.584,0.127
282100,5.000,0.316,1.584,0.127
282300,5.000,0.316,1.584,0.127
282500,5.000,0.316,1.584,0.127
282700,5.000,0.315,1.576,0.127
282900,5.000,0.315,1.576,0.127
283100,5.000,0.316,1.584,0.127
283300,5.000,0.316,1.584,0.128
283500,5.000,0.316,1.584,0.128
283700,5.000,0.316,1.584,0.128
283900,5.000,0.316,1.584,0.128
284100,5.000,0.316,1.580,0.128
284300,5.000,0.316,1.580,0.128
284500,5.000,0.316,1.580,0.128
284700,5.000,0.316,1.584,0.128
284900,5.000,0.317,1.587,0.128
285100,5.000,0.317,1.587,0.128
285300,5.000,0.316,1.584,0.128
285500,5.000,0.317,1.587,0.129
285700,5.000,0.316,1.580,0.129
285900,5.000,0.316,1.580,0.129
286100,5.000,0.316,1.580,0.129
286300,5.000,0.316,1.584,0.129
286500,5.000,0.316,1.584,0.129
286700,5.000,0.316,1.584,0.129
286900,5.000,0.316,1.584,0.129
287100,5.000,0.317,1.584,0.129
287300,5.000,0.316,1.580,0.129
