300,5.000,0.317,1.587,0.000
500,5.000,0.317,1.587,0.000
700,5.000,0.306,1.534,0.000
900,5.000,0.306,1.534,0.000
1100,5.000,0.306,1.534,0.000
1300,5.000,0.305,1.526,0.000
1500,5.000,0.306,1.530,0.000
1700,5.000,0.305,1.526,0.000
1900,5.000,0.305,1.526,0.000
2100,5.000,0.305,1.526,0.000
2300,5.000,0.307,1.534,0.000
2500,5.000,0.305,1.522,0.001
2700,5.000,0.305,1.522,0.001
2900,5.000,0.306,1.530,0.001
3100,5.000,0.306,1.530,0.001
3300,5.000,0.306,1.530,0.001
3500,5.000,0.304,1.522,0.001
3700,5.000,0.306,1.530,0.001
3900,5.000,0.305,1.522,0.001
4100,5.000,0.305,1.530,0.001
4300,5.000,0.305,1.530,0.001
4500,5.000,0.306,1.534,0.001
4700,5.000,0.305,1.526,0.002
4900,5.000,0.307,1.534,0.002
5100,5.000,0.307,1.534,0.002
5300,5.000,0.306,1.530,0.002
5500,5.000,0.306,1.530,0.002
5700,5.000,0.307,1.534,0.002
5900,5.000,0.307,1.534,0.002
6100,5.000,0.305,1.526,0.002
6300,5.000,0.306,1.534,0.002
6500,5.000,0.306,1.534,0.002
6700,5.000,0.306,1.530,0.002
6900,5.000,0.305,1.522,0.002
7100,5.000,0.306,1.530,0.003
7300,5.000,0.305,1.526,0.003
7500,5.000,0.305,1.526,0.003
7700,5.000,0.305,1.526,0.003
7900,5.000,0.306,1.530,0.003
8100,5.000,0.305,1.526,0.003
8300,5.000,0.305,1.526,0.003
8500,5.000,0.306,1.530,0.003
8700,5.000,0.305,1.526,0.003
8900,5.000,0.305,1.526,0.003
9100,5.000,0.305,1.526,0.003
9300,5.000,0.307,1.538,0.003
9500,5.000,0.305,1.526,0.004
9700,5.000,0.305,1.526,0.004
9900,5.000,0.306,1.530,0.004
10100,5.000,0.306,1.530,0.004
10300,5.000,0.305,1.530,0.004
10500,5.000,0.305,1.530,0.004
10700,5.000,0.306,1.530,0.004
10900,5.000,0.305,1.526,0.004
11100,5.000,0.305,1.526,0.004
11300,5.000,0.306,1.534,0.004
11500,5.000,0.306,1.534,0.004
11700,5.000,0.305,1.526,0.005
11900,5.000,0.305,1.526,0.005
12100,5.000,0.305,1.526,0.005
12300,5.000,0.306,1.530,0.005
12500,5.000,0.305,1.526,0.005
12700,5.000,0.307,1.534,0.005
12900,5.000,0.307,1.534,0.005
13100,5.000,0.305,1.526,0.005
13300,5.000,0.306,1.534,0.005
13500,5.000,0.305,1.530,0.005
13700,5.000,0.305,1.530,0.005
13900,5.000,0.305,1.526,0.005
14100,5.000,0.307,1.534,0.006
14300,5.000,0.305,1.526,0.006
14500,5.000,0.305,1.526,0.006
14700,5.000,0.305,1.526,0.006
14900,5.000,0.306,1.530,0.006
15100,5.000,0.305,1.526,0.006
15300,5.000,0.305,1.526,0.006
15500,5.000,0.306,1.534,0.006
15700,5.000,0.305,1.526,0.006
15900,5.000,0.305,1.530,0.006
16100,5.000,0.305,1.530,0.006
16300,5.000,0.306,1.534,0.007
16500,5.000,0.305,1.526,0.007
16700,5.000,0.306,1.530,0.007
16900,5.000,0.306,1.530,0.007
17100,5.000,0.306,1.530,0.007
17300,5.000,0.305,1.526,0.007
17500,5.000,0.305,1.526,0.007
17700,5.000,0.305,1.526,0.007
17900,5.000,0.305,1.526,0.007
18100,5.000,0.306,1.530,0.007
18300,5.000,0.306,1.530,0.007
18500,5.000,0.306,1.530,0.008
18700,5.000,0.305,1.526,0.008
18900,5.000,0.307,1.534,0.008
19100,5.000,0.305,1.526,0.008
19300,5.000,0.305,1.526,0.008
19500,5.000,0.305,1.530,0.008
19700,5.000,0.305,1.530,0.008
19900,5.000,0.305,1.530,0.008
20100,5.000,0.306,1.530,0.008
20300,5.000,0.306,1.530,0.008
20500,5.000,0.305,1.530,0.008
20700,5.000,0.305,1.530,0.008
20900,5.000,0.306,1.530,0.009
21100,5.000,0.306,1.534,0.009
21300,5.000,0.305,1.526,0.009
21500,5.000,0.305,1.530,0.009
21700,5.000,0.305,1.530,0.009
21900,5.000,0.306,1.530,0.009
22100,5.000,0.305,1.526,0.009
22300,5.000,0.306,1.530,0.009
22500,5.000,0.306,1.530,0.009
22700,5.000,0.304,1.522,0.009
22900,5.000,0.306,1.530,0.009
23100,5.000,0.306,1.530,0.010
23300,5.000,0.305,1.526,0.010
23500,5.000,0.305,1.526,0.010
23700,5.000,0.306,1.530,0.010
23900,5.000,0.306,1.530,0.010
24100,5.000,0.305,1.526,0.010
24300,5.000,0.305,1.526,0.010
24500,5.000,0.305,1.526,0.010
24700,5.000,0.305,1.526,0.010
24900,5.000,0.305,1.526,0.010
25100,5.000,0.306,1.530,0.010
25300,5.000,0.305,1.526,0.011
25500,5.000,0.305,1.526,0.011
25700,5.000,0.305,1.526,0.011
25900,5.000,0.307,1.534,0.011
26100,5.000,0.305,1.522,0.011
26300,5.000,0.305,1.522,0.011
26500,5.000,0.306,1.530,0.011
26700,5.000,0.305,1.526,0.011
26900,5.000,0.305,1.526,0.011
27100,5.000,0.305,1.526,0.011
27300,5.000,0.306,1.530,0.011
27500,5.000,0.304,1.522,0.011
27700,5.000,0.306,1.530,0.012
27900,5.000,0.306,1.530,0.012
28100,5.000,0.305,1.530,0.012
28300,5.000,0.304,1.522,0.012
28500,5.000,0.306,1.530,0.012
28700,5.000,0.305,1.526,0.012
28900,5.000,0.305,1.526,0.012
29100,5.000,0.305,1.526,0.012
29300,5.000,0.306,1.530,0.012
29500,5.000,0.306,1.530,0.012
29700,5.000,0.305,1.526,0.012
29900,5.000,0.305,1.530,0.013
30100,5.000,0.305,1.526,0.013
30300,5.000,0.305,1.526,0.013
30500,5.000,0.305,1.526,0.013
30700,5.000,0.307,1.538,0.013
30900,5.000,0.305,1.526,0.013
31100,5.000,0.305,1.526,0.013
31300,5.000,0.305,1.526,0.013
31500,5.000,0.305,1.530,0.013
31700,5.000,0.304,1.522,0.013
31900,5.000,0.304,1.522,0.013
32100,5.000,0.306,1.530,0.013
32300,5.000,0.305,1.526,0.014
32500,5.000,0.305,1.526,0.014
32700,5.000,0.305,1.526,0.014
32900,5.000,0.306,1.530,0.014
33100,5.000,0.304,1.522,0.014
33300,5.000,0.305,1.526,0.014
33500,5.000,0.305,1.526,0.014
33700,5.000,0.306,1.530,0.014
33900,5.000,0.305,1.522,0.014
34100,5.000,0.305,1.522,0.014
34300,5.000,0.309,1.545,0.014
34500,5.000,0.305,1.526,0.014
34700,5.000,0.305,1.526,0.015
34900,5.000,0.305,1.526,0.015
35100,5.000,0.305,1.526,0.015
35300,5.000,0.304,1.522,0.015
35500,5.000,0.306,1.534,0.015
35700,5.000,0.305,1.522,0.015
35900,5.000,0.305,1.522,0.015
36100,5.000,0.305,1.526,0.015
36300,5.000,0.306,1.534,0.015
36500,5.000,0.305,1.522,0.015
36700,5.000,0.305,1.522,0.015
36900,5.000,0.305,1.530,0.016
37100,5.000,0.305,1.526,0.016
37300,5.000,0.305,1.526,0.016
37500,5.000,0.306,1.530,0.016
37700,5.000,0.306,1.530,0.016
37900,5.000,0.305,1.522,0.016
38100,5.000,0.305,1.522,0.016
38300,5.000,0.305,1.530,0.016
38500,5.000,0.305,1.530,0.016
38700,5.000,0.305,1.530,0.016
38900,5.000,0.306,1.530,0.016
39100,5.000,0.306,1.530,0.017
39300,5.000,0.305,1.526,0.017
39500,5.000,0.305,1.526,0.017
39700,5.000,0.305,1.526,0.017
39900,5.000,0.305,1.526,0.017
40100,5.000,0.305,1.526,0.017
40300,5.000,0.306,1.530,0.017
40500,5.000,0.306,1.530,0.017
40700,5.000,0.305,1.526,0.017
40900,5.000,0.305,1.526,0.017
41100,5.000,0.306,1.530,0.017
41300,5.000,0.306,1.530,0.017
41500,5.000,0.305,1.526,0.018
41700,5.000,0.305,1.526,0.018
41900,5.000,0.305,1.526,0.018
42100,5.000,0.306,1.530,0.018
42300,5.000,0.306,1.530,0.018
42500,5.000,0.306,1.530,0.018
42700,5.000,0.305,1.522,0.018
42900,5.000,0.305,1.522,0.018
43100,5.000,0.305,1.530,0.018
43300,5.000,0.306,1.534,0.018
43500,5.000,0.305,1.522,0.018
43700,5.000,0.305,1.522,0.019
43900,5.000,0.305,1.526,0.019
44100,5.000,0.311,1.553,0.019
44300,5.000,0.318,1.591,0.019
44500,5.000,0.318,1.591,0.019
44700,5.000,0.305,1.530,0.019
44900,5.000,0.305,1.530,0.019
45100,5.000,0.305,1.530,0.019
45300,5.000,0.306,1.530,0.019
45500,5.000,0.305,1.526,0.019
45700,5.000,0.305,1.526,0.019
45900,5.000,0.305,1.526,0.020
46100,5.000,0.305,1.526,0.020
46300,5.000,0.305,1.526,0.020
46500,5.000,0.306,1.530,0.020
46700,5.000,0.305,1.526,0.020
46900,5.000,0.305,1.526,0.020
47100,5.000,0.305,1.526,0.020
47300,5.000,0.306,1.530,0.020
47500,5.000,0.305,1.522,0.020
47700,5.000,0.305,1.522,0.020
47900,5.000,0.306,1.530,0.020
48100,5.000,0.306,1.530,0.020
48300,5.000,0.306,1.530,0.021
48500,5.000,0.305,1.526,0.021
48700,5.000,0.306,1.530,0.021
48900,5.000,0.304,1.522,0.021
49100,5.000,0.306,1.534,0.021
49300,5.000,0.306,1.534,0.021
49500,5.000,0.305,1.526,0.021
49700,5.000,0.305,1.526,0.021
49900,5.000,0.306,1.530,0.021
50100,5.000,0.306,1.530,0.021
50300,5.000,0.305,1.526,0.021
50500,5.000,0.305,1.526,0.022
50700,5.000,0.305,1.526,0.022
50900,5.000,0.305,1.526,0.022
51100,5.000,0.305,1.526,0.022
51300,5.000,0.305,1.530,0.022
51500,5.000,0.305,1.530,0.022
51700,5.000,0.305,1.522,0.022
51900,5.000,0.305,1.526,0.022
52100,5.000,0.307,1.534,0.022
52300,5.000,0.307,1.534,0.022
52500,5.000,0.305,1.522,0.022
52700,5.000,0.305,1.526,0.022
52900,5.000,0.305,1.530,0.023
53100,5.000,0.305,1.526,0.023
53300,5.000,0.305,1.526,0.023
53500,5.000,0.306,1.534,0.023
53700,5.000,0.304,1.522,0.023
53900,5.000,0.304,1.522,0.023
54100,5.000,0.305,1.530,0.023
54300,5.000,0.305,1.526,0.023
54500,5.000,0.304,1.522,0.023
54700,5.000,0.304,1.522,0.023
54900,5.000,0.306,1.530,0.023
55100,5.000,0.306,1.530,0.024
55300,5.000,0.305,1.526,0.024
55500,5.000,0.305,1.526,0.024
55700,5.000,0.306,1.530,0.024
55900,5.000,0.305,1.522,0.024
56100,5.000,0.305,1.526,0.024
56300,5.000,0.305,1.526,0.024
56500,5.000,0.305,1.526,0.024
56700,5.000,0.305,1.522,0.024
56900,5.000,0.307,1.534,0.024
57100,5.000,0.307,1.534,0.024
57300,5.000,0.304,1.522,0.024
57500,5.000,0.305,1.526,0.025
57700,5.000,0.305,1.526,0.025
57900,5.000,0.305,1.526,0.025
58100,5.000,0.305,1.522,0.025
58300,5.000,0.306,1.530,0.025
58500,5.000,0.305,1.526,0.025
58700,5.000,0.305,1.526,0.025
58900,5.000,0.306,1.530,0.025
59100,5.000,0.306,1.530,0.025
59300,5.000,0.306,1.530,0.025
59500,5.000,0.304,1.522,0.025
59700,5.000,0.305,1.526,0.026
59900,5.000,0.306,1.530,0.026
60100,5.000,0.304,1.522,0.026
60300,5.000,0.304,1.522,0.026
60500,5.000,0.306,1.530,0.026
60700,5.000,0.305,1.526,0.026
60900,5.000,0.305,1.526,0.026
61100,5.000,0.305,1.526,0.026
61300,5.000,0.306,1.530,0.026
61500,5.000,0.304,1.522,0.026
61700,5.000,0.306,1.530,0.026
61900,5.000,0.306,1.530,0.026
62100,5.000,0.305,1.526,0.027
62300,5.000,0.305,1.526,0.027
62500,5.000,0.305,1.526,0.027
62700,5.000,0.306,1.530,0.027
62900,5.000,0.304,1.522,0.027
63100,5.000,0.305,1.526,0.027
63300,5.000,0.307,1.534,0.027
63500,5.000,0.307,1.534,0.027
63700,5.000,0.305,1.526,0.027
63900,5.000,0.306,1.530,0.027
64100,5.000,0.305,1.526,0.027
64300,5.000,0.305,1.526,0.028
64500,5.000,0.305,1.526,0.028
64700,5.000,0.306,1.534,0.028
64900,5.000,0.306,1.534,0.028
65100,5.000,0.305,1.526,0.028
65300,5.000,0.306,1.530,0.028
65500,5.000,0.305,1.526,0.028
65700,5.000,0.305,1.526,0.028
65900,5.000,0.305,1.530,0.028
66100,5.000,0.306,1.530,0.028
66300,5.000,0.305,1.522,0.028
66500,5.000,0.305,1.522,0.028
66700,5.000,0.306,1.530,0.029
66900,5.000,0.305,1.526,0.029
67100,5.000,0.304,1.522,0.029
67300,5.000,0.306,1.530,0.029
67500,5.000,0.306,1.530,0.029
67700,5.000,0.305,1.526,0.029
67900,5.000,0.305,1.526,0.029
68100,5.000,0.305,1.526,0.029
68300,5.000,0.307,1.534,0.029
68500,5.000,0.304,1.522,0.029
68700,5.000,0.306,1.530,0.029
68900,5.000,0.306,1.530,0.030
69100,5.000,0.305,1.526,0.030
69300,5.000,0.311,1.557,0.030
69500,5.000,0.307,1.534,0.030
69700,5.000,0.307,1.534,0.030
69900,5.000,0.305,1.522,0.030
70100,5.000,0.305,1.526,0.030
70300,5.000,0.305,1.526,0.030
70500,5.000,0.305,1.526,0.030
70700,5.000,0.305,1.526,0.030
70900,5.000,0.306,1.534,0.030
71100,5.000,0.305,1.526,0.031
71300,5.000,0.305,1.526,0.031
71500,5.000,0.305,1.526,0.031
71700,5.000,0.305,1.530,0.031
71900,5.000,0.305,1.522,0.031
72100,5.000,0.305,1.522,0.031
72300,5.000,0.305,1.526,0.031
72500,5.000,0.312,1.561,0.031
72700,5.000,0.306,1.530,0.031
72900,5.000,0.306,1.530,0.031
73100,5.000,0.306,1.530,0.031
73300,5.000,0.305,1.526,0.031
73500,5.000,0.305,1.526,0.032
73700,5.000,0.305,1.526,0.032
73900,5.000,0.305,1.526,0.032
74100,5.000,0.305,1.526,0.032
74300,5.000,0.307,1.534,0.032
74500,5.000,0.307,1.534,0.032
74700,5.000,0.305,1.522,0.032
74900,5.000,0.305,1.526,0.032
75100,5.000,0.305,1.526,0.032
75300,5.000,0.305,1.526,0.032
75500,5.000,0.305,1.522,0.032
75700,5.000,0.306,1.530,0.033
75900,5.000,0.306,1.530,0.033
76100,5.000,0.305,1.530,0.033
76300,5.000,0.305,1.530,0.033
76500,5.000,0.306,1.530,0.033
76700,5.000,0.306,1.530,0.033
76900,5.000,0.305,1.526,0.033
77100,5.000,0.305,1.526,0.033
77300,5.000,0.306,1.530,0.033
77500,5.000,0.305,1.522,0.033
77700,5.000,0.305,1.522,0.033
77900,5.000,0.306,1.530,0.033
78100,5.000,0.305,1.526,0.034
78300,5.000,0.306,1.530,0.034
78500,5.000,0.306,1.530,0.034
78700,5.000,0.305,1.526,0.034
78900,5.000,0.305,1.522,0.034
79100,5.000,0.305,1.522,0.034
79300,5.000,0.306,1.530,0.034
79500,5.000,0.305,1.530,0.034
79700,5.000,0.305,1.530,0.034
79900,5.000,0.305,1.530,0.034
80100,5.000,0.305,1.526,0.034
80300,5.000,0.305,1.530,0.034
80500,5.000,0.305,1.530,0.035
80700,5.000,0.305,1.526,0.035
80900,5.000,0.305,1.526,0.035
81100,5.000,0.305,1.526,0.035
81300,5.000,0.306,1.534,0.035
81500,5.000,0.305,1.526,0.035
81700,5.000,0.305,1.526,0.035
81900,5.000,0.305,1.530,0.035
82100,5.000,0.306,1.530,0.035
82300,5.000,0.306,1.530,0.035
82500,5.000,0.305,1.526,0.035
82700,5.000,0.306,1.530,0.036
82900,5.000,0.305,1.526,0.036
83100,5.000,0.305,1.526,0.036
83300,5.000,0.306,1.530,0.036
83500,5.000,0.305,1.526,0.036
83700,5.000,0.305,1.522,0.036
83900,5.000,0.305,1.522,0.036
84100,5.000,0.306,1.530,0.036
84300,5.000,0.305,1.526,0.036
84500,5.000,0.305,1.526,0.036
84700,5.000,0.306,1.530,0.036
84900,5.000,0.306,1.530,0.037
85100,5.000,0.305,1.530,0.037
85300,5.000,0.306,1.530,0.037
85500,5.000,0.306,1.530,0.037
85700,5.000,0.305,1.526,0.037
85900,5.000,0.305,1.526,0.037
86100,5.000,0.307,1.534,0.037
86300,5.000,0.307,1.534,0.037
86500,5.000,0.304,1.522,0.037
86700,5.000,0.306,1.530,0.037
86900,5.000,0.306,1.530,0.037
87100,5.000,0.306,1.530,0.037
87300,5.000,0.305,1.522,0.038
87500,5.000,0.305,1.530,0.038
87700,5.000,0.305,1.522,0.038
87900,5.000,0.305,1.522,0.038
88100,5.000,0.306,1.530,0.038
88300,5.000,0.306,1.530,0.038
88500,5.000,0.305,1.526,0.038
88700,5.000,0.305,1.526,0.038
88900,5.000,0.306,1.530,0.038
89100,5.000,0.305,1.526,0.038
89300,5.000,0.305,1.526,0.038
89500,5.000,0.305,1.526,0.039
89700,5.000,0.306,1.530,0.039
89900,5.000,0.305,1.526,0.039
90100,5.000,0.305,1.526,0.039
90300,5.000,0.306,1.530,0.039
90500,5.000,0.305,1.526,0.039
90700,5.000,0.304,1.522,0.039
90900,5.000,0.304,1.522,0.039
91100,5.000,0.306,1.530,0.039
91300,5.000,0.305,1.522,0.039
91500,5.000,0.305,1.526,0.039
91700,5.000,0.306,1.530,0.040
91900,5.000,0.306,1.530,0.040
92100,5.000,0.305,1.526,0.040
92300,5.000,0.306,1.530,0.040
92500,5.000,0.305,1.522,0.040
92700,5.000,0.305,1.522,0.040
92900,5.000,0.305,1.526,0.040
93100,5.000,0.306,1.534,0.040
93300,5.000,0.306,1.534,0.040
93500,5.000,0.304,1.522,0.040
93700,5.000,0.305,1.530,0.040
93900,5.000,0.305,1.530,0.040
94100,5.000,0.305,1.530,0.041
94300,5.000,0.305,1.526,0.041
94500,5.000,0.306,1.530,0.041
94700,5.000,0.305,1.526,0.041
94900,5.000,0.305,1.530,0.041
95100,5.000,0.305,1.530,0.041
95300,5.000,0.305,1.526,0.041
95500,5.000,0.304,1.519,0.041
95700,5.000,0.306,1.534,0.041
95900,5.000,0.306,1.534,0.041
96100,5.000,0.305,1.522,0.041
96300,5.000,0.305,1.526,0.042
96500,5.000,0.305,1.526,0.042
96700,5.000,0.306,1.530,0.042
96900,5.000,0.305,1.526,0.042
97100,5.000,0.306,1.530,0.042
97300,5.000,0.306,1.530,0.042
97500,5.000,0.307,1.538,0.042
97700,5.000,0.305,1.522,0.042
97900,5.000,0.305,1.534,0.042
98100,5.000,0.305,1.522,0.042
98300,5.000,0.305,1.522,0.042
98500,5.000,0.305,1.526,0.042
98700,5.000,0.306,1.534,0.043
98900,5.000,0.306,1.534,0.043
99100,5.000,0.305,1.522,0.043
99300,5.000,0.306,1.530,0.043
99500,5.000,0.305,1.522,0.043
99700,5.000,0.305,1.522,0.043
99900,5.000,0.305,1.526,0.043
100100,5.000,0.306,1.530,0.043
100300,5.000,0.305,1.526,0.043
100500,5.000,0.305,1.526,0.043
100700,5.000,0.305,1.530,0.043
100900,5.000,0.306,1.530,0.043
101100,5.000,0.306,1.530,0.044
101300,5.000,0.304,1.522,0.044
101500,5.000,0.305,1.526,0.044
101700,5.000,0.310,1.553,0.044
101900,5.000,0.305,1.526,0.044
102100,5.000,0.305,1.526,0.044
102300,5.000,0.307,1.534,0.044
102500,5.000,0.312,1.561,0.044
102700,5.000,0.319,1.595,0.044
102900,5.000,0.319,1.595,0.044
103100,5.000,0.305,1.522,0.044
103300,5.000,0.305,1.526,0.045
103500,5.000,0.306,1.530,0.045
103700,5.000,0.306,1.530,0.045
103900,5.000,0.305,1.526,0.045
104100,5.000,0.305,1.530,0.045
104300,5.000,0.305,1.530,0.045
104500,5.000,0.305,1.526,0.045
104700,5.000,0.305,1.530,0.045
104900,5.000,0.306,1.530,0.045
105100,5.000,0.305,1.526,0.045
105300,5.000,0.305,1.526,0.045
105500,5.000,0.306,1.530,0.046
105700,5.000,0.305,1.526,0.046
105900,5.000,0.305,1.526,0.046
106100,5.000,0.305,1.526,0.046
106300,5.000,0.306,1.530,0.046
106500,5.000,0.305,1.526,0.046
106700,5.000,0.305,1.526,0.046
106900,5.000,0.305,1.526,0.046
107100,5.000,0.305,1.526,0.046
107300,5.000,0.305,1.526,0.046
107500,5.000,0.305,1.526,0.046
107700,5.000,0.306,1.530,0.046
107900,5.000,0.305,1.526,0.047
108100,5.000,0.305,1.526,0.047
108300,5.000,0.305,1.526,0.047
108500,5.000,0.306,1.530,0.047
108700,5.000,0.304,1.522,0.047
108900,5.000,0.306,1.530,0.047
109100,5.000,0.305,1.526,0.047
109300,5.000,0.305,1.526,0.047
109500,5.000,0.305,1.526,0.047
109700,5.000,0.306,1.530,0.047
109900,5.000,0.306,1.530,0.047
110100,5.000,0.305,1.522,0.048
110300,5.000,0.306,1.530,0.048
110500,5.000,0.305,1.530,0.048
110700,5.000,0.305,1.530,0.048
110900,5.000,0.305,1.526,0.048
111100,5.000,0.306,1.530,0.048
111300,5.000,0.305,1.526,0.048
111500,5.000,0.305,1.526,0.048
111700,5.000,0.305,1.530,0.048
111900,5.000,0.305,1.526,0.048
112100,5.000,0.305,1.526,0.048
112300,5.000,0.307,1.534,0.049
112500,5.000,0.307,1.534,0.049
112700,5.000,0.305,1.526,0.049
112900,5.000,0.305,1.526,0.049
113100,5.000,0.305,1.526,0.049
113300,5.000,0.306,1.530,0.049
113500,5.000,0.305,1.522,0.049
113700,5.000,0.305,1.530,0.049
113900,5.000,0.305,1.530,0.049
114100,5.000,0.305,1.522,0.049
114300,5.000,0.306,1.530,0.049
114500,5.000,0.306,1.530,0.049
114700,5.000,0.306,1.530,0.050
114900,5.000,0.305,1.522,0.050
115100,5.000,0.305,1.530,0.050
115300,5.000,0.305,1.530,0.050
115500,5.000,0.305,1.526,0.050
115700,5.000,0.305,1.526,0.050
115900,5.000,0.306,1.530,0.050
116100,5.000,0.305,1.526,0.050
116300,5.000,0.305,1.526,0.050
116500,5.000,0.305,1.526,0.050
116700,5.000,0.305,1.530,0.050
116900,5.000,0.304,1.522,0.051
117100,5.000,0.304,1.522,0.051
117300,5.000,0.307,1.534,0.051
117500,5.000,0.304,1.522,0.051
117700,5.000,0.305,1.526,0.051
117900,5.000,0.305,1.526,0.051
118100,5.000,0.306,1.530,0.051
118300,5.000,0.305,1.526,0.051
118500,5.000,0.305,1.526,0.051
118700,5.000,0.305,1.530,0.051
118900,5.000,0.305,1.526,0.051
119100,5.000,0.305,1.526,0.051
119300,5.000,0.306,1.530,0.052
119500,5.000,0.306,1.530,0.052
119700,5.000,0.304,1.522,0.052
119900,5.000,0.305,1.526,0.052
120100,5.000,0.305,1.530,0.052
120300,5.000,0.305,1.530,0.052
120500,5.000,0.304,1.522,0.052
120700,5.000,0.306,1.530,0.052
120900,5.000,0.306,1.530,0.052
121100,5.000,0.305,1.526,0.052
121300,5.000,0.305,1.530,0.052
121500,5.000,0.306,1.530,0.053
121700,5.000,0.306,1.530,0.053
121900,5.000,0.305,1.526,0.053
122100,5.000,0.307,1.534,0.053
122300,5.000,0.305,1.522,0.053
122500,5.000,0.305,1.522,0.053
122700,5.000,0.305,1.526,0.053
122900,5.000,0.306,1.530,0.053
123100,5.000,0.305,1.526,0.053
123300,5.000,0.305,1.526,0.053
123500,5.000,0.305,1.526,0.053
123700,5.000,0.305,1.530,0.053
123900,5.000,0.305,1.526,0.054
124100,5.000,0.305,1.526,0.054
124300,5.000,0.306,1.534,0.054
124500,5.000,0.305,1.526,0.054
124700,5.000,0.305,1.526,0.054
124900,5.000,0.305,1.526,0.054
125100,5.000,0.306,1.530,0.054
125300,5.000,0.304,1.522,0.054
125500,5.000,0.305,1.526,0.054
125700,5.000,0.305,1.526,0.054
125900,5.000,0.305,1.526,0.054
126100,5.000,0.305,1.522,0.055
126300,5.000,0.306,1.530,0.055
126500,5.000,0.305,1.522,0.055
126700,5.000,0.305,1.522,0.055
126900,5.000,0.305,1.530,0.055
127100,5.000,0.305,1.530,0.055
127300,5.000,0.305,1.530,0.055
127500,5.000,0.305,1.522,0.055
127700,5.000,0.306,1.530,0.055
127900,5.000,0.305,1.526,0.055
128100,5.000,0.305,1.526,0.055
128300,5.000,0.305,1.526,0.055
128500,5.000,0.306,1.530,0.056
128700,5.000,0.305,1.526,0.056
128900,5.000,0.305,1.526,0.056
129100,5.000,0.306,1.530,0.056
129300,5.000,0.305,1.526,0.056
129500,5.000,0.305,1.526,0.056
129700,5.000,0.307,1.534,0.056
129900,5.000,0.307,1.534,0.056
130100,5.000,0.305,1.526,0.056
130300,5.000,0.305,1.526,0.056
130500,5.000,0.305,1.526,0.056
130700,5.000,0.305,1.530,0.057
130900,5.000,0.305,1.522,0.057
131100,5.000,0.305,1.530,0.057
131300,5.000,0.305,1.530,0.057
131500,5.000,0.307,1.534,0.057
131700,5.000,0.306,1.530,0.057
131900,5.000,0.306,1.530,0.057
132100,5.000,0.306,1.534,0.057
132300,5.000,0.305,1.526,0.057
132500,5.000,0.305,1.530,0.057
132700,5.000,0.305,1.530,0.057
132900,5.000,0.305,1.530,0.057
133100,5.000,0.305,1.526,0.058
133300,5.000,0.306,1.530,0.058
133500,5.000,0.305,1.526,0.058
133700,5.000,0.305,1.526,0.058
133900,5.000,0.306,1.530,0.058
134100,5.000,0.305,1.526,0.058
134300,5.000,0.305,1.522,0.058
134500,5.000,0.305,1.522,0.058
134700,5.000,0.306,1.530,0.058
134900,5.000,0.305,1.530,0.058
135100,5.000,0.305,1.530,0.058
135300,5.000,0.305,1.526,0.059
135500,5.000,0.305,1.530,0.059
135700,5.000,0.305,1.530,0.059
135900,5.000,0.305,1.530,0.059
136100,5.000,0.306,1.530,0.059
136300,5.000,0.307,1.534,0.059
136500,5.000,0.305,1.526,0.059
136700,5.000,0.306,1.530,0.059
136900,5.000,0.306,1.530,0.059
137100,5.000,0.305,1.526,0.059
137300,5.000,0.306,1.530,0.059
137500,5.000,0.306,1.530,0.060
137700,5.000,0.306,1.530,0.060
137900,5.000,0.305,1.526,0.060
138100,5.000,0.305,1.526,0.060
138300,5.000,0.305,1.526,0.060
138500,5.000,0.305,1.526,0.060
138700,5.000,0.306,1.530,0.060
138900,5.000,0.305,1.530,0.060
139100,5.000,0.305,1.530,0.060
139300,5.000,0.305,1.526,0.060
139500,5.000,0.306,1.530,0.060
139700,5.000,0.305,1.526,0.060
139900,5.000,0.305,1.526,0.061
140100,5.000,0.305,1.526,0.061
140300,5.000,0.305,1.526,0.061
140500,5.000,0.305,1.526,0.061
140700,5.000,0.306,1.534,0.061
140900,5.000,0.306,1.534,0.061
141100,5.000,0.305,1.530,0.061
141300,5.000,0.305,1.526,0.061
141500,5.000,0.305,1.526,0.061
141700,5.000,0.306,1.530,0.061
141900,5.000,0.305,1.526,0.061
142100,5.000,0.305,1.526,0.062
142300,5.000,0.305,1.526,0.062
142500,5.000,0.305,1.530,0.062
142700,5.000,0.305,1.526,0.062
142900,5.000,0.305,1.526,0.062
143100,5.000,0.306,1.530,0.062
143300,5.000,0.304,1.522,0.062
143500,5.000,0.306,1.530,0.062
143700,5.000,0.305,1.526,0.062
143900,5.000,0.305,1.526,0.062
144100,5.000,0.305,1.522,0.062
144300,5.000,0.306,1.530,0.062
144500,5.000,0.305,1.526,0.063
144700,5.000,0.305,1.526,0.063
144900,5.000,0.305,1.526,0.063
145100,5.000,0.305,1.526,0.063
145300,5.000,0.305,1.526,0.063
145500,5.000,0.305,1.526,0.063
145700,5.000,0.306,1.530,0.063
145900,5.000,0.305,1.526,0.063
146100,5.000,0.305,1.526,0.063
146300,5.000,0.305,1.526,0.063
146500,5.000,0.307,1.534,0.063
146700,5.000,0.305,1.522,0.064
146900,5.000,0.305,1.522,0.064
147100,5.000,0.305,1.526,0.064
147300,5.000,0.305,1.526,0.064
147500,5.000,0.305,1.526,0.064
147700,5.000,0.306,1.534,0.064
147900,5.000,0.306,1.534,0.064
148100,5.000,0.305,1.526,0.064
148300,5.000,0.305,1.530,0.064
148500,5.000,0.305,1.526,0.064
148700,5.000,0.305,1.526,0.064
148900,5.000,0.305,1.526,0.064
149100,5.000,0.305,1.530,0.065
149300,5.000,0.305,1.530,0.065
149500,5.000,0.305,1.530,0.065
149700,5.000,0.305,1.526,0.065
149900,5.000,0.306,1.530,0.065
150100,5.000,0.306,1.530,0.065
150300,5.000,0.305,1.522,0.065
150500,5.000,0.306,1.530,0.065
150700,5.000,0.305,1.526,0.065
150900,5.000,0.304,1.522,0.065
151100,5.000,0.304,1.522,0.065
151300,5.000,0.307,1.534,0.066
151500,5.000,0.304,1.522,0.066
151700,5.000,0.305,1.526,0.066
151900,5.000,0.305,1.526,0.066
152100,5.000,0.306,1.530,0.066
152300,5.000,0.305,1.522,0.066
152500,5.000,0.305,1.522,0.066
152700,5.000,0.306,1.534,0.066
152900,5.000,0.305,1.526,0.066
153100,5.000,0.305,1.522,0.066
153300,5.000,0.305,1.522,0.066
153500,5.000,0.306,1.530,0.066
153700,5.000,0.304,1.522,0.067
153900,5.000,0.304,1.530,0.067
154100,5.000,0.305,1.530,0.067
154300,5.000,0.305,1.530,0.067
154500,5.000,0.305,1.526,0.067
154700,5.000,0.306,1.534,0.067
154900,5.000,0.306,1.534,0.067
155100,5.000,0.305,1.526,0.067
155300,5.000,0.305,1.526,0.067
155500,5.000,0.305,1.530,0.067
155700,5.000,0.305,1.530,0.067
155900,5.000,0.304,1.522,0.068
156100,5.000,0.307,1.534,0.068
156300,5.000,0.305,1.526,0.068
156500,5.000,0.305,1.526,0.068
156700,5.000,0.305,1.522,0.068
156900,5.000,0.306,1.534,0.068
157100,5.000,0.306,1.534,0.068
157300,5.000,0.305,1.526,0.068
157500,5.000,0.305,1.530,0.068
157700,5.000,0.306,1.530,0.068
157900,5.000,0.305,1.522,0.068
158100,5.000,0.305,1.522,0.069
158300,5.000,0.306,1.534,0.069
158500,5.000,0.305,1.526,0.069
158700,5.000,0.305,1.526,0.069
158900,5.000,0.305,1.526,0.069
159100,5.000,0.306,1.530,0.069
159300,5.000,0.304,1.522,0.069
159500,5.000,0.307,1.534,0.069
159700,5.000,0.307,1.534,0.069
159900,5.000,0.305,1.526,0.069
160100,5.000,0.305,1.526,0.069
160300,5.000,0.305,1.526,0.069
160500,5.000,0.306,1.530,0.070
160700,5.000,0.305,1.526,0.070
160900,5.000,0.314,1.572,0.070
161100,5.000,0.317,1.587,0.070
161300,5.000,0.317,1.587,0.070
161500,5.000,0.305,1.526,0.070
161700,5.000,0.306,1.530,0.070
161900,5.000,0.306,1.530,0.070
162100,5.000,0.306,1.530,0.070
162300,5.000,0.305,1.526,0.070
162500,5.000,0.305,1.526,0.070
162700,5.000,0.304,1.522,0.071
162900,5.000,0.304,1.522,0.071
163100,5.000,0.306,1.530,0.071
163300,5.000,0.305,1.522,0.071
163500,5.000,0.305,1.522,0.071
163700,5.000,0.305,1.526,0.071
163900,5.000,0.306,1.534,0.071
164100,5.000,0.305,1.526,0.071
164300,5.000,0.305,1.526,0.071
164500,5.000,0.305,1.526,0.071
164700,5.000,0.305,1.526,0.071
164900,5.000,0.305,1.530,0.071
165100,5.000,0.306,1.530,0.072
165300,5.000,0.306,1.530,0.072
165500,5.000,0.305,1.526,0.072
165700,5.000,0.307,1.538,0.072
165900,5.000,0.307,1.538,0.072
166100,5.000,0.305,1.526,0.072
166300,5.000,0.305,1.526,0.072
166500,5.000,0.306,1.530,0.072
166700,5.000,0.306,1.530,0.072
166900,5.000,0.305,1.526,0.072
167100,5.000,0.305,1.526,0.072
167300,5.000,0.305,1.530,0.073
167500,5.000,0.305,1.530,0.073
167700,5.000,0.305,1.526,0.073
167900,5.000,0.306,1.534,0.073
168100,5.000,0.305,1.526,0.073
168300,5.000,0.305,1.526,0.073
168500,5.000,0.305,1.526,0.073
168700,5.000,0.306,1.530,0.073
168900,5.000,0.305,1.526,0.073
169100,5.000,0.305,1.526,0.073
169300,5.000,0.305,1.526,0.073
169500,5.000,0.305,1.526,0.073
169700,5.000,0.306,1.534,0.074
169900,5.000,0.306,1.534,0.074
170100,5.000,0.305,1.530,0.074
170300,5.000,0.305,1.526,0.074
170500,5.000,0.307,1.534,0.074
170700,5.000,0.307,1.534,0.074
170900,5.000,0.306,1.530,0.074
171100,5.000,0.305,1.526,0.074
171300,5.000,0.305,1.526,0.074
171500,5.000,0.305,1.526,0.074
171700,5.000,0.305,1.526,0.074
171900,5.000,0.306,1.530,0.075
172100,5.000,0.305,1.530,0.075
172300,5.000,0.305,1.530,0.075
172500,5.000,0.305,1.526,0.075
172700,5.000,0.306,1.530,0.075
172900,5.000,0.305,1.526,0.075
173100,5.000,0.305,1.526,0.075
173300,5.000,0.305,1.530,0.075
173500,5.000,0.306,1.530,0.075
173700,5.000,0.305,1.526,0.075
173900,5.000,0.305,1.526,0.075
174100,5.000,0.305,1.530,0.075
174300,5.000,0.305,1.526,0.076
174500,5.000,0.305,1.526,0.076
174700,5.000,0.306,1.530,0.076
174900,5.000,0.305,1.530,0.076
175100,5.000,0.304,1.522,0.076
175300,5.000,0.306,1.530,0.076
175500,5.000,0.306,1.530,0.076
175700,5.000,0.306,1.530,0.076
175900,5.000,0.305,1.526,0.076
176100,5.000,0.306,1.530,0.076
176300,5.000,0.306,1.530,0.076
176500,5.000,0.305,1.526,0.077
176700,5.000,0.306,1.530,0.077
176900,5.000,0.306,1.530,0.077
177100,5.000,0.305,1.530,0.077
177300,5.000,0.305,1.526,0.077
177500,5.000,0.306,1.530,0.077
177700,5.000,0.306,1.530,0.077
177900,5.000,0.305,1.526,0.077
178100,5.000,0.305,1.526,0.077
178300,5.000,0.305,1.526,0.077
178500,5.000,0.305,1.526,0.077
178700,5.000,0.305,1.526,0.078
178900,5.000,0.306,1.530,0.078
179100,5.000,0.305,1.522,0.078
179300,5.000,0.305,1.530,0.078
179500,5.000,0.305,1.530,0.078
179700,5.000,0.306,1.530,0.078
179900,5.000,0.305,1.522,0.078
180100,5.000,0.305,1.522,0.078
180300,5.000,0.305,1.530,0.078
180500,5.000,0.306,1.530,0.078
180700,5.000,0.305,1.526,0.078
180900,5.000,0.305,1.526,0.078
181100,5.000,0.306,1.530,0.079
181300,5.000,0.305,1.526,0.079
181500,5.000,0.305,1.526,0.079
181700,5.000,0.305,1.526,0.079
181900,5.000,0.305,1.530,0.079
182100,5.000,0.305,1.522,0.079
182300,5.000,0.306,1.534,0.079
182500,5.000,0.305,1.526,0.079
182700,5.000,0.305,1.526,0.079
182900,5.000,0.305,1.522,0.079
183100,5.000,0.306,1.530,0.079
183300,5.000,0.306,1.530,0.080
183500,5.000,0.305,1.522,0.080
183700,5.000,0.305,1.526,0.080
183900,5.000,0.306,1.530,0.080
184100,5.000,0.306,1.530,0.080
184300,5.000,0.305,1.526,0.080
184500,5.000,0.306,1.534,0.080
184700,5.000,0.305,1.526,0.080
184900,5.000,0.305,1.526,0.080
185100,5.000,0.306,1.530,0.080
185300,5.000,0.307,1.534,0.080
185500,5.000,0.307,1.534,0.080
185700,5.000,0.306,1.530,0.081
185900,5.000,0.306,1.530,0.081
186100,5.000,0.305,1.526,0.081
186300,5.000,0.305,1.526,0.081
186500,5.000,0.305,1.526,0.081
186700,5.000,0.306,1.534,0.081
186900,5.000,0.305,1.522,0.081
187100,5.000,0.305,1.530,0.081
187300,5.000,0.305,1.530,0.081
187500,5.000,0.306,1.530,0.081
187700,5.000,0.305,1.526,0.081
187900,5.000,0.305,1.526,0.082
188100,5.000,0.306,1.534,0.082
188300,5.000,0.305,1.526,0.082
188500,5.000,0.305,1.530,0.082
188700,5.000,0.305,1.530,0.082
188900,5.000,0.307,1.534,0.082
189100,5.000,0.305,1.522,0.082
189300,5.000,0.306,1.530,0.082
189500,5.000,0.306,1.530,0.082
189700,5.000,0.306,1.530,0.082
189900,5.000,0.306,1.530,0.082
190100,5.000,0.307,1.534,0.082
190300,5.000,0.305,1.526,0.083
190500,5.000,0.305,1.526,0.083
190700,5.000,0.305,1.526,0.083
190900,5.000,0.306,1.530,0.083
191100,5.000,0.306,1.530,0.083
191300,5.000,0.305,1.530,0.083
191500,5.000,0.306,1.534,0.083
191700,5.000,0.305,1.526,0.083
191900,5.000,0.305,1.526,0.083
192100,5.000,0.305,1.526,0.083
192300,5.000,0.306,1.534,0.083
192500,5.000,0.305,1.526,0.084
192700,5.000,0.306,1.530,0.084
192900,5.000,0.306,1.530,0.084
193100,5.000,0.306,1.530,0.084
193300,5.000,0.305,1.526,0.084
193500,5.000,0.307,1.534,0.084
193700,5.000,0.307,1.534,0.084
193900,5.000,0.305,1.526,0.084
194100,5.000,0.305,1.530,0.084
194300,5.000,0.305,1.530,0.084
194500,5.000,0.306,1.534,0.084
194700,5.000,0.305,1.526,0.084
194900,5.000,0.307,1.534,0.085
195100,5.000,0.307,1.534,0.085
195300,5.000,0.305,1.526,0.085
195500,5.000,0.306,1.530,0.085
195700,5.000,0.306,1.530,0.085
195900,5.000,0.306,1.530,0.085
196100,5.000,0.305,1.526,0.085
196300,5.000,0.305,1.526,0.085
196500,5.000,0.305,1.530,0.085
196700,5.000,0.305,1.526,0.085
196900,5.000,0.305,1.526,0.085
197100,5.000,0.306,1.534,0.086
197300,5.000,0.305,1.526,0.086
197500,5.000,0.305,1.526,0.086
197700,5.000,0.305,1.526,0.086
197900,5.000,0.306,1.534,0.086
198100,5.000,0.305,1.526,0.086
198300,5.000,0.305,1.526,0.086
198500,5.000,0.306,1.530,0.086
198700,5.000,0.305,1.526,0.086
198900,5.000,0.305,1.526,0.086
199100,5.000,0.305,1.530,0.086
199300,5.000,0.306,1.530,0.086
199500,5.000,0.305,1.526,0.087
199700,5.000,0.308,1.538,0.087
199900,5.000,0.308,1.538,0.087
200100,5.000,0.306,1.534,0.087
200300,5.000,0.305,1.526,0.087
200500,5.000,0.306,1.530,0.087
200700,5.000,0.306,1.530,0.087
200900,5.000,0.305,1.530,0.087
201100,5.000,0.305,1.526,0.087
201300,5.000,0.306,1.530,0.087
201500,5.000,0.306,1.530,0.087
201700,5.000,0.305,1.526,0.088
201900,5.000,0.306,1.530,0.088
202100,5.000,0.306,1.530,0.088
202300,5.000,0.305,1.526,0.088
202500,5.000,0.305,1.526,0.088
202700,5.000,0.306,1.530,0.088
202900,5.000,0.306,1.530,0.088
203100,5.000,0.305,1.522,0.088
203300,5.000,0.305,1.526,0.088
203500,5.000,0.305,1.526,0.088
203700,5.000,0.306,1.530,0.088
203900,5.000,0.306,1.530,0.089
204100,5.000,0.306,1.530,0.089
204300,5.000,0.305,1.526,0.089
204500,5.000,0.307,1.534,0.089
204700,5.000,0.307,1.534,0.089
204900,5.000,0.306,1.530,0.089
205100,5.000,0.305,1.526,0.089
205300,5.000,0.305,1.526,0.089
205500,5.000,0.306,1.530,0.089
205700,5.000,0.305,1.530,0.089
205900,5.000,0.305,1.530,0.089
206100,5.000,0.305,1.530,0.089
206300,5.000,0.305,1.526,0.090
206500,5.000,0.305,1.526,0.090
206700,5.000,0.306,1.530,0.090
206900,5.000,0.305,1.526,0.090
207100,5.000,0.305,1.526,0.090
207300,5.000,0.306,1.530,0.090
207500,5.000,0.305,1.526,0.090
207700,5.000,0.305,1.526,0.090
207900,5.000,0.305,1.526,0.090
208100,5.000,0.305,1.530,0.090
208300,5.000,0.305,1.526,0.090
208500,5.000,0.305,1.526,0.091
208700,5.000,0.306,1.534,0.091
208900,5.000,0.306,1.530,0.091
209100,5.000,0.304,1.522,0.091
209300,5.000,0.304,1.522,0.091
209500,5.000,0.306,1.530,0.091
209700,5.000,0.305,1.530,0.091
209900,5.000,0.305,1.530,0.091
210100,5.000,0.305,1.530,0.091
210300,5.000,0.305,1.530,0.091
210500,5.000,0.305,1.530,0.091
210700,5.000,0.306,1.530,0.091
210900,5.000,0.306,1.530,0.092
211100,5.000,0.305,1.526,0.092
211300,5.000,0.305,1.522,0.092
211500,5.000,0.306,1.530,0.092
211700,5.000,0.306,1.530,0.092
211900,5.000,0.305,1.530,0.092
212100,5.000,0.305,1.526,0.092
212300,5.000,0.306,1.534,0.092
212500,5.000,0.306,1.534,0.092
212700,5.000,0.305,1.526,0.092
212900,5.000,0.306,1.530,0.092
213100,5.000,0.306,1.530,0.093
213300,5.000,0.305,1.526,0.093
213500,5.000,0.305,1.526,0.093
213700,5.000,0.306,1.530,0.093
213900,5.000,0.305,1.526,0.093
214100,5.000,0.305,1.526,0.093
214300,5.000,0.305,1.530,0.093
214500,5.000,0.306,1.534,0.093
214700,5.000,0.304,1.522,0.093
214900,5.000,0.304,1.522,0.093
215100,5.000,0.306,1.530,0.093
215300,5.000,0.305,1.530,0.093
215500,5.000,0.305,1.530,0.094
215700,5.000,0.305,1.530,0.094
215900,5.000,0.306,1.530,0.094
216100,5.000,0.304,1.522,0.094
216300,5.000,0.304,1.522,0.094
216500,5.000,0.306,1.530,0.094
216700,5.000,0.305,1.530,0.094
216900,5.000,0.305,1.522,0.094
217100,5.000,0.306,1.530,0.094
217300,5.000,0.306,1.530,0.094
217500,5.000,0.305,1.526,0.094
217700,5.000,0.306,1.530,0.095
217900,5.000,0.305,1.530,0.095
218100,5.000,0.305,1.530,0.095
218300,5.000,0.305,1.526,0.095
218500,5.000,0.307,1.534,0.095
218700,5.000,0.305,1.526,0.095
218900,5.000,0.305,1.526,0.095
219100,5.000,0.305,1.526,0.095
219300,5.000,0.313,1.564,0.095
219500,5.000,0.313,1.564,0.095
219700,5.000,0.317,1.584,0.095
219900,5.000,0.306,1.530,0.095
220100,5.000,0.305,1.522,0.096
220300,5.000,0.305,1.522,0.096
220500,5.000,0.306,1.534,0.096
220700,5.000,0.305,1.526,0.096
220900,5.000,0.305,1.526,0.096
221100,5.000,0.305,1.526,0.096
221300,5.000,0.305,1.526,0.096
221500,5.000,0.306,1.530,0.096
221700,5.000,0.306,1.530,0.096
221900,5.000,0.306,1.530,0.096
222100,5.000,0.305,1.526,0.096
222300,5.000,0.306,1.530,0.097
222500,5.000,0.306,1.530,0.097
222700,5.000,0.306,1.530,0.097
222900,5.000,0.305,1.526,0.097
223100,5.000,0.306,1.530,0.097
223300,5.000,0.305,1.530,0.097
223500,5.000,0.305,1.530,0.097
223700,5.000,0.305,1.526,0.097
223900,5.000,0.306,1.530,0.097
224100,5.000,0.305,1.526,0.097
224300,5.000,0.306,1.530,0.097
224500,5.000,0.306,1.530,0.098
224700,5.000,0.305,1.526,0.098
224900,5.000,0.305,1.526,0.098
225100,5.000,0.305,1.526,0.098
225300,5.000,0.307,1.534,0.098
225500,5.000,0.305,1.526,0.098
225700,5.000,0.305,1.530,0.098
225900,5.000,0.305,1.530,0.098
226100,5.000,0.305,1.530,0.098
226300,5.000,0.305,1.526,0.098
226500,5.000,0.306,1.530,0.098
226700,5.000,0.306,1.530,0.098
226900,5.000,0.305,1.526,0.099
227100,5.000,0.305,1.530,0.099
227300,5.000,0.305,1.530,0.099
227500,5.000,0.305,1.522,0.099
227700,5.000,0.305,1.522,0.099
227900,5.000,0.306,1.530,0.099
228100,5.000,0.305,1.522,0.099
228300,5.000,0.305,1.522,0.099
228500,5.000,0.305,1.526,0.099
228700,5.000,0.306,1.530,0.099
228900,5.000,0.305,1.522,0.099
229100,5.000,0.305,1.522,0.100
229300,5.000,0.306,1.530,0.100
229500,5.000,0.305,1.526,0.100
229700,5.000,0.305,1.522,0.100
229900,5.000,0.305,1.522,0.100
230100,5.000,0.307,1.534,0.100
230300,5.000,0.305,1.526,0.100
230500,5.000,0.305,1.526,0.100
230700,5.000,0.306,1.530,0.100
230900,5.000,0.305,1.526,0.100
231100,5.000,0.305,1.526,0.100
231300,5.000,0.306,1.530,0.101
231500,5.000,0.306,1.530,0.101
231700,5.000,0.305,1.526,0.101
231900,5.000,0.306,1.530,0.101
232100,5.000,0.307,1.534,0.101
232300,5.000,0.307,1.534,0.101
232500,5.000,0.305,1.526,0.101
232700,5.000,0.305,1.530,0.101
232900,5.000,0.305,1.530,0.101
233100,5.000,0.305,1.530,0.101
233300,5.000,0.305,1.526,0.101
233500,5.000,0.306,1.534,0.101
233700,5.000,0.306,1.534,0.102
233900,5.000,0.307,1.534,0.102
234100,5.000,0.306,1.530,0.102
234300,5.000,0.305,1.526,0.102
234500,5.000,0.304,1.522,0.102
234700,5.000,0.304,1.522,0.102
234900,5.000,0.306,1.534,0.102
235100,5.000,0.305,1.526,0.102
235300,5.000,0.305,1.526,0.102
235500,5.000,0.305,1.526,0.102
235700,5.000,0.306,1.534,0.102
235900,5.000,0.305,1.526,0.103
236100,5.000,0.305,1.526,0.103
236300,5.000,0.305,1.526,0.103
236500,5.000,0.305,1.526,0.103
236700,5.000,0.305,1.522,0.103
236900,5.000,0.305,1.522,0.103
237100,5.000,0.306,1.534,0.103
237300,5.000,0.305,1.526,0.103
237500,5.000,0.305,1.526,0.103
237700,5.000,0.305,1.526,0.103
237900,5.000,0.305,1.530,0.103
238100,5.000,0.304,1.522,0.103
238300,5.000,0.306,1.530,0.104
238500,5.000,0.307,1.534,0.104
238700,5.000,0.307,1.534,0.104
238900,5.000,0.305,1.526,0.104
239100,5.000,0.307,1.534,0.104
239300,5.000,0.307,1.534,0.104
239500,5.000,0.304,1.522,0.104
239700,5.000,0.306,1.530,0.104
239900,5.000,0.306,1.526,0.104
240100,5.000,0.306,1.526,0.104
240300,5.000,0.304,1.522,0.104
240500,5.000,0.307,1.534,0.104
240700,5.000,0.305,1.526,0.105
240900,5.000,0.305,1.526,0.105
241100,5.000,0.305,1.526,0.105
241300,5.000,0.305,1.530,0.105
241500,5.000,0.305,1.526,0.105
241700,5.000,0.306,1.530,0.105
241900,5.000,0.306,1.530,0.105
242100,5.000,0.305,1.526,0.105
242300,5.000,0.305,1.522,0.105
242500,5.000,0.305,1.522,0.105
242700,5.000,0.307,1.534,0.105
242900,5.000,0.304,1.522,0.106
243100,5.000,0.305,1.526,0.106
243300,5.000,0.305,1.526,0.106
243500,5.000,0.305,1.530,0.106
243700,5.000,0.305,1.526,0.106
243900,5.000,0.305,1.526,0.106
244100,5.000,0.306,1.534,0.106
244300,5.000,0.310,1.553,0.106
244500,5.000,0.306,1.530,0.106
244700,5.000,0.306,1.530,0.106
244900,5.000,0.305,1.526,0.106
245100,5.000,0.305,1.522,0.107
245300,5.000,0.305,1.530,0.107
245500,5.000,0.305,1.526,0.107
245700,5.000,0.305,1.526,0.107
245900,5.000,0.305,1.530,0.107
246100,5.000,0.305,1.526,0.107
246300,5.000,0.305,1.526,0.107
246500,5.000,0.305,1.526,0.107
246700,5.000,0.306,1.530,0.107
246900,5.000,0.305,1.526,0.107
247100,5.000,0.305,1.526,0.107
247300,5.000,0.305,1.526,0.107
247500,5.000,0.306,1.530,0.108
247700,5.000,0.305,1.530,0.108
247900,5.000,0.305,1.530,0.108
248100,5.000,0.306,1.530,0.108
248300,5.000,0.305,1.526,0.108
248500,5.000,0.306,1.530,0.108
248700,5.000,0.305,1.526,0.108
248900,5.000,0.305,1.526,0.108
249100,5.000,0.305,1.522,0.108
249300,5.000,0.306,1.530,0.108
249500,5.000,0.305,1.526,0.108
249700,5.000,0.305,1.526,0.109
249900,5.000,0.305,1.522,0.109
250100,5.000,0.305,1.526,0.109
250300,5.000,0.305,1.526,0.109
250500,5.000,0.305,1.522,0.109
250700,5.000,0.306,1.530,0.109
250900,5.000,0.305,1.526,0.109
251100,5.000,0.305,1.526,0.109
251300,5.000,0.305,1.526,0.109
251500,5.000,0.306,1.530,0.109
251700,5.000,0.305,1.526,0.109
251900,5.000,0.305,1.526,0.109
252100,5.000,0.305,1.526,0.110
252300,5.000,0.305,1.526,0.110
252500,5.000,0.305,1.526,0.110
252700,5.000,0.305,1.530,0.110
252900,5.000,0.305,1.530,0.110
253100,5.000,0.305,1.526,0.110
253300,5.000,0.305,1.526,0.110
253500,5.000,0.305,1.526,0.110
253700,5.000,0.306,1.530,0.110
253900,5.000,0.305,1.522,0.110
254100,5.000,0.305,1.530,0.110
254300,5.000,0.305,1.530,0.111
254500,5.000,0.305,1.530,0.111
254700,5.000,0.305,1.526,0.111
254900,5.000,0.305,1.526,0.111
255100,5.000,0.305,1.530,0.111
255300,5.000,0.305,1.530,0.111
255500,5.000,0.305,1.526,0.111
255700,5.000,0.305,1.526,0.111
255900,5.000,0.305,1.526,0.111
256100,5.000,0.305,1.526,0.111
256300,5.000,0.306,1.534,0.111
256500,5.000,0.305,1.530,0.112
256700,5.000,0.305,1.530,0.112
256900,5.000,0.305,1.522,0.112
257100,5.000,0.306,1.530,0.112
257300,5.000,0.305,1.526,0.112
257500,5.000,0.305,1.526,0.112
257700,5.000,0.305,1.526,0.112
257900,5.000,0.305,1.526,0.112
258100,5.000,0.305,1.526,0.112
258300,5.000,0.306,1.530,0.112
258500,5.000,0.306,1.530,0.112
258700,5.000,0.305,1.522,0.112
258900,5.000,0.305,1.522,0.113
259100,5.000,0.305,1.526,0.113
259300,5.000,0.305,1.530,0.113
259500,5.000,0.305,1.522,0.113
259700,5.000,0.305,1.530,0.113
259900,5.000,0.305,1.530,0.113
260100,5.000,0.306,1.530,0.113
260300,5.000,0.305,1.522,0.113
260500,5.000,0.305,1.526,0.113
260700,5.000,0.305,1.526,0.113
260900,5.000,0.305,1.522,0.113
261100,5.000,0.305,1.526,0.113
261300,5.000,0.305,1.526,0.114
261500,5.000,0.306,1.534,0.114
261700,5.000,0.305,1.522,0.114
261900,5.000,0.306,1.530,0.114
262100,5.000,0.306,1.530,0.114
262300,5.000,0.305,1.526,0.114
262500,5.000,0.305,1.526,0.114
262700,5.000,0.305,1.530,0.114
262900,5.000,0.305,1.522,0.114
263100,5.000,0.305,1.522,0.114
263300,5.000,0.305,1.526,0.114
263500,5.000,0.305,1.522,0.115
263700,5.000,0.305,1.526,0.115
263900,5.000,0.305,1.526,0.115
264100,5.000,0.306,1.530,0.115
264300,5.000,0.305,1.522,0.115
264500,5.000,0.305,1.522,0.115
264700,5.000,0.305,1.526,0.115
264900,5.000,0.305,1.526,0.115
265100,5.000,0.305,1.526,0.115
265300,5.000,0.305,1.526,0.115
265500,5.000,0.306,1.530,0.115
265700,5.000,0.304,1.522,0.115
265900,5.000,0.304,1.522,0.116
266100,5.000,0.306,1.526,0.116
266300,5.000,0.306,1.526,0.116
266500,5.000,0.304,1.522,0.116
266700,5.000,0.305,1.526,0.116
266900,5.000,0.305,1.526,0.116
267100,5.000,0.305,1.530,0.116
267300,5.000,0.304,1.522,0.116
267500,5.000,0.306,1.530,0.116
267700,5.000,0.306,1.530,0.116
267900,5.000,0.307,1.538,0.116
268100,5.000,0.306,1.530,0.117
268300,5.000,0.306,1.530,0.117
268500,5.000,0.306,1.530,0.117
268700,5.000,0.305,1.522,0.117
268900,5.000,0.306,1.534,0.117
269100,5.000,0.306,1.534,0.117
269300,5.000,0.305,1.522,0.117
269500,5.000,0.305,1.522,0.117
269700,5.000,0.305,1.530,0.117
269900,5.000,0.305,1.526,0.117
270100,5.000,0.305,1.526,0.117
270300,5.000,0.305,1.526,0.118
270500,5.000,0.305,1.526,0.118
270700,5.000,0.305,1.522,0.118
270900,5.000,0.305,1.522,0.118
271100,5.000,0.306,1.530,0.118
271300,5.000,0.305,1.522,0.118
271500,5.000,0.306,1.530,0.118
271700,5.000,0.306,1.530,0.118
271900,5.000,0.306,1.530,0.118
272100,5.000,0.304,1.522,0.118
272300,5.000,0.304,1.522,0.118
272500,5.000,0.306,1.530,0.118
272700,5.000,0.305,1.522,0.119
272900,5.000,0.305,1.522,0.119
273100,5.000,0.306,1.530,0.119
273300,5.000,0.306,1.530,0.119
273500,5.000,0.304,1.522,0.119
273700,5.000,0.305,1.530,0.119
273900,5.000,0.306,1.530,0.119
274100,5.000,0.306,1.530,0.119
274300,5.000,0.304,1.522,0.119
274500,5.000,0.305,1.530,0.119
274700,5.000,0.305,1.522,0.119
274900,5.000,0.305,1.522,0.120
275100,5.000,0.306,1.526,0.120
275300,5.000,0.305,1.526,0.120
275500,5.000,0.305,1.526,0.120
275700,5.000,0.305,1.526,0.120
275900,5.000,0.306,1.530,0.120
276100,5.000,0.305,1.526,0.120
276300,5.000,0.305,1.526,0.120
276500,5.000,0.305,1.522,0.120
276700,5.000,0.306,1.534,0.120
276900,5.000,0.305,1.522,0.120
277100,5.000,0.306,1.530,0.120
277300,5.000,0.306,1.530,0.121
277500,5.000,0.305,1.526,0.121
277700,5.000,0.312,1.561,0.121
277900,5.000,0.312,1.561,0.121
278100,5.000,0.314,1.572,0.121
278300,5.000,0.305,1.522,0.121
278500,5.000,0.306,1.530,0.121
278700,5.000,0.306,1.530,0.121
278900,5.000,0.305,1.526,0.121
279100,5.000,0.305,1.526,0.121
279300,5.000,0.306,1.534,0.121
279500,5.000,0.306,1.534,0.122
279700,5.000,0.306,1.530,0.122
279900,5.000,0.305,1.526,0.122
280100,5.000,0.305,1.530,0.122
280300,5.000,0.305,1.522,0.122
280500,5.000,0.305,1.522,0.122
280700,5.000,0.306,1.534,0.122
280900,5.000,0.305,1.526,0.122
281100,5.000,0.305,1.526,0.122
281300,5.000,0.305,1.526,0.122
281500,5.000,0.306,1.530,0.122
281700,5.000,0.305,1.522,0.122
281900,5.000,0.305,1.522,0.123
282100,5.000,0.305,1.526,0.123
282300,5.000,0.306,1.534,0.123
282500,5.000,0.306,1.530,0.123
282700,5.000,0.306,1.530,0.123
282900,5.000,0.306,1.530,0.123
283100,5.000,0.305,1.526,0.123
283300,5.000,0.305,1.526,0.123
283500,5.000,0.305,1.526,0.123
283700,5.000,0.305,1.526,0.123
283900,5.000,0.305,1.522,0.123
284100,5.000,0.305,1.530,0.124
284300,5.000,0.305,1.530,0.124
284500,5.000,0.306,1.530,0.124
284700,5.000,0.305,1.526,0.124
284900,5.000,0.306,1.530,0.124
285100,5.000,0.306,1.530,0.124
285300,5.000,0.305,1.526,0.124
285500,5.000,0.306,1.530,0.124
285700,5.000,0.305,1.526,0.124
285900,5.000,0.305,1.526,0.124
286100,5.000,0.305,1.526,0.124
286300,5.000,0.306,1.534,0.124
286500,5.000,0.306,1.534,0.125
286700,5.000,0.305,1.526,0.125
286900,5.000,0.305,1.526,0.125
287100,5.000,0.305,1.526,0.125
287300,5.000,0.305,1.526,0.125
287500,5.000,0.305,1.526,0.125
287700,5.000,0.305,1.526,0.125
287900,5.000,0.305,1.526,0.125
288100,5.000,0.305,1.526,0.125
288300,5.000,0.305,1.526,0.125
288500,5.000,0.306,1.530,0.125
288700,5.000,0.304,1.522,0.126
288900,5.000,0.304,1.522,0.126
289100,5.000,0.305,1.526,0.126
289300,5.000,0.306,1.530,0.126
289500,5.000,0.305,1.526,0.126
289700,5.000,0.305,1.526,0.126
289900,5.000,0.305,1.526,0.126
290100,5.000,0.305,1.526,0.126
290300,5.000,0.306,1.530,0.126
290500,5.000,0.305,1.526,0.126
290700,5.000,0.305,1.526,0.126
290900,5.000,0.305,1.522,0.127
291100,5.000,0.305,1.526,0.127
291300,5.000,0.305,1.526,0.127
291500,5.000,0.305,1.526,0.127
291700,5.000,0.305,1.530,0.127
291900,5.000,0.305,1.526,0.127
292100,5.000,0.305,1.526,0.127
292300,5.000,0.305,1.526,0.127
292500,5.000,0.305,1.526,0.127
292700,5.000,0.305,1.526,0.127
292900,5.000,0.305,1.526,0.127
293100,5.000,0.305,1.526,0.127
293300,5.000,0.306,1.534,0.128
293500,5.000,0.305,1.526,0.128
293700,5.000,0.305,1.526,0.128
293900,5.000,0.305,1.530,0.128
294100,5.000,0.305,1.530,0.128
294300,5.000,0.305,1.522,0.128
294500,5.000,0.305,1.530,0.128
294700,5.000,0.305,1.530,0.128
294900,5.000,0.305,1.526,0.128
295100,5.000,0.305,1.530,0.128
295300,5.000,0.305,1.530,0.128
295500,5.000,0.305,1.526,0.129
295700,5.000,0.305,1.522,0.129
295900,5.000,0.306,1.530,0.129
296100,5.000,0.306,1.530,0.129
296300,5.000,0.306,1.530,0.129
296500,5.000,0.305,1.526,0.129
296700,5.000,0.306,1.530,0.129
296900,5.000,0.306,1.530,0.129
297100,5.000,0.306,1.530,0.129
297300,5.000,0.306,1.530,0.129
297500,5.000,0.305,1.526,0.129
297700,5.000,0.305,1.522,0.129
297900,5.000,0.305,1.522,0.130
298100,5.000,0.305,1.530,0.130
298300,5.000,0.305,1.526,0.130
298500,5.000,0.305,1.526,0.130
298700,5.000,0.305,1.526,0.130
298900,5.000,0.305,1.530,0.130
299100,5.000,0.304,1.522,0.130
299300,5.000,0.304,1.522,0.130
299500,5.000,0.306,1.530,0.130
299700,5.000,0.305,1.526,0.130
299900,5.000,0.305,1.526,0.130
300100,5.000,0.305,1.526,0.131
300300,5.000,0.306,1.530,0.131
300500,5.000,0.305,1.526,0.131
300700,5.000,0.305,1.526,0.131
300900,5.000,0.305,1.530,0.131
301100,5.000,0.306,1.530,0.131
301300,5.000,0.305,1.522,0.131
301500,5.000,0.306,1.530,0.131
301700,5.000,0.306,1.530,0.131
301900,5.000,0.305,1.526,0.131
302100,5.000,0.307,1.530,0.131
302300,5.000,0.305,1.530,0.131
302500,5.000,0.305,1.530,0.132
302700,5.000,0.304,1.522,0.132
302900,5.000,0.306,1.530,0.132
303100,5.000,0.306,1.530,0.132
303300,5.000,0.305,1.526,0.132
303500,5.000,0.305,1.526,0.132
303700,5.000,0.307,1.534,0.132
303900,5.000,0.307,1.534,0.132
304100,5.000,0.305,1.530,0.132
