300,5.000,0.314,1.572,0.000
500,5.000,0.328,1.641,0.000
700,5.000,0.311,1.557,0.000
900,5.000,0.311,1.557,0.000
1100,5.000,0.309,1.545,0.000
1300,5.000,0.309,1.545,0.000
1500,5.000,0.308,1.542,0.000
1700,5.000,0.308,1.542,0.000
1900,5.000,0.308,1.542,0.000
2100,5.000,0.308,1.538,0.000
2300,5.000,0.308,1.542,0.000
2500,5.000,0.308,1.542,0.000
2700,5.000,0.308,1.542,0.001
2900,5.000,0.308,1.538,0.001
3100,5.000,0.309,1.545,0.001
3300,5.000,0.308,1.542,0.001
3500,5.000,0.308,1.542,0.001
3700,5.000,0.308,1.542,0.001
3900,5.000,0.308,1.542,0.001
4100,5.000,0.308,1.542,0.001
4300,5.000,0.309,1.545,0.001
4500,5.000,0.308,1.542,0.001
4700,5.000,0.309,1.545,0.001
4900,5.000,0.309,1.545,0.002
5100,5.000,0.308,1.542,0.002
5300,5.000,0.309,1.542,0.002
5500,5.000,0.308,1.545,0.002
5700,5.000,0.308,1.545,0.002
5900,5.000,0.308,1.542,0.002
6100,5.000,0.309,1.545,0.002
6300,5.000,0.309,1.545,0.002
6500,5.000,0.308,1.542,0.002
6700,5.000,0.308,1.542,0.002
6900,5.000,0.309,1.545,0.002
7100,5.000,0.309,1.545,0.003
7300,5.000,0.309,1.545,0.003
7500,5.000,0.308,1.542,0.003
7700,5.000,0.308,1.538,0.003
7900,5.000,0.309,1.545,0.003
8100,5.000,0.309,1.545,0.003
8300,5.000,0.309,1.545,0.003
8500,5.000,0.308,1.542,0.003
8700,5.000,0.308,1.542,0.003
8900,5.000,0.308,1.542,0.003
9100,5.000,0.308,1.542,0.003
9300,5.000,0.308,1.542,0.003
9500,5.000,0.308,1.542,0.004
9700,5.000,0.308,1.542,0.004
9900,5.000,0.308,1.538,0.004
10100,5.000,0.308,1.542,0.004
10300,5.000,0.309,1.545,0.004
10500,5.000,0.309,1.545,0.004
10700,5.000,0.309,1.545,0.004
10900,5.000,0.309,1.545,0.004
11100,5.000,0.308,1.542,0.004
11300,5.000,0.308,1.542,0.004
11500,5.000,0.308,1.542,0.004
11700,5.000,0.308,1.542,0.005
11900,5.000,0.308,1.542,0.005
12100,5.000,0.308,1.542,0.005
12300,5.000,0.308,1.542,0.005
12500,5.000,0.308,1.542,0.005
12700,5.000,0.308,1.542,0.005
12900,5.000,0.308,1.542,0.005
13100,5.000,0.308,1.542,0.005
13300,5.000,0.309,1.545,0.005
13500,5.000,0.308,1.542,0.005
13700,5.000,0.308,1.542,0.005
13900,5.000,0.308,1.542,0.006
14100,5.000,0.308,1.542,0.006
14300,5.000,0.309,1.545,0.006
14500,5.000,0.309,1.545,0.006
14700,5.000,0.308,1.542,0.006
14900,5.000,0.308,1.542,0.006
15100,5.000,0.308,1.542,0.006
15300,5.000,0.309,1.545,0.006
15500,5.000,0.308,1.542,0.006
15700,5.000,0.308,1.542,0.006
15900,5.000,0.308,1.542,0.006
16100,5.000,0.308,1.542,0.006
16300,5.000,0.308,1.542,0.007
16500,5.000,0.308,1.542,0.007
16700,5.000,0.308,1.542,0.007
16900,5.000,0.309,1.545,0.007
17100,5.000,0.308,1.542,0.007
17300,5.000,0.309,1.545,0.007
17500,5.000,0.308,1.542,0.007
17700,5.000,0.308,1.542,0.007
17900,5.000,0.308,1.542,0.007
18100,5.000,0.308,1.542,0.007
18300,5.000,0.308,1.542,0.007
18500,5.000,0.308,1.538,0.008
18700,5.000,0.309,1.545,0.008
18900,5.000,0.309,1.542,0.008
19100,5.000,0.309,1.542,0.008
19300,5.000,0.308,1.538,0.008
19500,5.000,0.308,1.542,0.008
19700,5.000,0.308,1.542,0.008
19900,5.000,0.308,1.542,0.008
20100,5.000,0.308,1.538,0.008
20300,5.000,0.309,1.542,0.008
20500,5.000,0.308,1.542,0.008
20700,5.000,0.308,1.542,0.009
20900,5.000,0.309,1.545,0.009
21100,5.000,0.309,1.542,0.009
21300,5.000,0.308,1.542,0.009
21500,5.000,0.308,1.542,0.009
21700,5.000,0.309,1.545,0.009
21900,5.000,0.308,1.542,0.009
22100,5.000,0.309,1.545,0.009
22300,5.000,0.309,1.545,0.009
22500,5.000,0.308,1.542,0.009
22700,5.000,0.308,1.542,0.009
22900,5.000,0.308,1.542,0.009
23100,5.000,0.309,1.545,0.010
23300,5.000,0.308,1.542,0.010
23500,5.000,0.308,1.538,0.010
23700,5.000,0.308,1.538,0.010
23900,5.000,0.308,1.545,0.010
24100,5.000,0.308,1.542,0.010
24300,5.000,0.308,1.542,0.010
24500,5.000,0.309,1.545,0.010
24700,5.000,0.309,1.545,0.010
24900,5.000,0.308,1.542,0.010
25100,5.000,0.308,1.542,0.010
25300,5.000,0.308,1.545,0.011
25500,5.000,0.308,1.545,0.011
25700,5.000,0.308,1.545,0.011
25900,5.000,0.309,1.545,0.011
26100,5.000,0.309,1.545,0.011
26300,5.000,0.308,1.542,0.011
26500,5.000,0.309,1.545,0.011
26700,5.000,0.309,1.545,0.011
26900,5.000,0.309,1.545,0.011
27100,5.000,0.308,1.542,0.011
27300,5.000,0.309,1.545,0.011
27500,5.000,0.309,1.545,0.012
27700,5.000,0.309,1.549,0.012
27900,5.000,0.309,1.549,0.012
28100,5.000,0.308,1.542,0.012
28300,5.000,0.309,1.545,0.012
28500,5.000,0.308,1.542,0.012
28700,5.000,0.308,1.542,0.012
28900,5.000,0.309,1.545,0.012
29100,5.000,0.309,1.545,0.012
29300,5.000,0.309,1.545,0.012
29500,5.000,0.309,1.545,0.012
29700,5.000,0.308,1.542,0.012
29900,5.000,0.308,1.542,0.013
30100,5.000,0.308,1.542,0.013
30300,5.000,0.310,1.553,0.013
30500,5.000,0.308,1.542,0.013
30700,5.000,0.308,1.542,0.013
30900,5.000,0.308,1.542,0.013
31100,5.000,0.309,1.545,0.013
31300,5.000,0.309,1.549,0.013
31500,5.000,0.309,1.545,0.013
31700,5.000,0.309,1.545,0.013
31900,5.000,0.308,1.545,0.013
32100,5.000,0.308,1.542,0.014
32300,5.000,0.309,1.549,0.014
32500,5.000,0.309,1.549,0.014
32700,5.000,0.308,1.542,0.014
32900,5.000,0.309,1.545,0.014
33100,5.000,0.308,1.542,0.014
33300,5.000,0.308,1.542,0.014
33500,5.000,0.309,1.545,0.014
33700,5.000,0.308,1.542,0.014
33900,5.000,0.308,1.542,0.014
34100,5.000,0.309,1.542,0.014
34300,5.000,0.308,1.542,0.015
34500,5.000,0.309,1.545,0.015
34700,5.000,0.309,1.545,0.015
34900,5.000,0.309,1.545,0.015
35100,5.000,0.309,1.545,0.015
35300,5.000,0.309,1.545,0.015
35500,5.000,0.308,1.542,0.015
35700,5.000,0.308,1.542,0.015
35900,5.000,0.308,1.542,0.015
36100,5.000,0.309,1.545,0.015
36300,5.000,0.309,1.545,0.015
36500,5.000,0.309,1.545,0.016
36700,5.000,0.308,1.545,0.016
36900,5.000,0.308,1.542,0.016
37100,5.000,0.308,1.542,0.016
37300,5.000,0.309,1.545,0.016
37500,5.000,0.308,1.542,0.016
37700,5.000,0.308,1.542,0.016
37900,5.000,0.308,1.542,0.016
38100,5.000,0.309,1.545,0.016
38300,5.000,0.309,1.545,0.016
38500,5.000,0.308,1.542,0.016
38700,5.000,0.308,1.542,0.016
38900,5.000,0.308,1.542,0.017
39100,5.000,0.308,1.542,0.017
39300,5.000,0.308,1.542,0.017
39500,5.000,0.308,1.542,0.017
39700,5.000,0.308,1.542,0.017
39900,5.000,0.308,1.542,0.017
40100,5.000,0.309,1.545,0.017
40300,5.000,0.309,1.545,0.017
40500,5.000,0.308,1.542,0.017
40700,5.000,0.308,1.542,0.017
40900,5.000,0.308,1.542,0.017
41100,5.000,0.308,1.542,0.018
41300,5.000,0.308,1.542,0.018
41500,5.000,0.309,1.545,0.018
41700,5.000,0.308,1.542,0.018
41900,5.000,0.309,1.545,0.018
42100,5.000,0.309,1.545,0.018
42300,5.000,0.309,1.545,0.018
42500,5.000,0.308,1.542,0.018
42700,5.000,0.308,1.542,0.018
42900,5.000,0.308,1.545,0.018
43100,5.000,0.309,1.545,0.018
43300,5.000,0.308,1.545,0.019
43500,5.000,0.308,1.545,0.019
43700,5.000,0.308,1.542,0.019
43900,5.000,0.308,1.538,0.019
44100,5.000,0.308,1.542,0.019
44300,5.000,0.308,1.542,0.019
44500,5.000,0.308,1.542,0.019
44700,5.000,0.308,1.542,0.019
44900,5.000,0.308,1.542,0.019
45100,5.000,0.308,1.542,0.019
45300,5.000,0.308,1.542,0.019
45500,5.000,0.308,1.542,0.019
45700,5.000,0.308,1.542,0.020
45900,5.000,0.308,1.542,0.020
46100,5.000,0.308,1.542,0.020
46300,5.000,0.308,1.542,0.020
46500,5.000,0.308,1.545,0.020
46700,5.000,0.308,1.545,0.020
46900,5.000,0.309,1.545,0.020
47100,5.000,0.309,1.542,0.020
47300,5.000,0.308,1.542,0.020
47500,5.000,0.308,1.542,0.020
47700,5.000,0.308,1.542,0.020
47900,5.000,0.308,1.542,0.021
48100,5.000,0.308,1.542,0.021
48300,5.000,0.309,1.545,0.021
48500,5.000,0.308,1.542,0.021
48700,5.000,0.308,1.542,0.021
48900,5.000,0.309,1.542,0.021
49100,5.000,0.309,1.542,0.021
49300,5.000,0.309,1.545,0.021
49500,5.000,0.308,1.542,0.021
49700,5.000,0.309,1.545,0.021
49900,5.000,0.309,1.545,0.021
50100,5.000,0.309,1.545,0.022
50300,5.000,0.308,1.542,0.022
50500,5.000,0.308,1.542,0.022
50700,5.000,0.308,1.542,0.022
50900,5.000,0.308,1.542,0.022
51100,5.000,0.309,1.545,0.022
51300,5.000,0.309,1.545,0.022
51500,5.000,0.308,1.542,0.022
51700,5.000,0.308,1.545,0.022
51900,5.000,0.309,1.545,0.022
52100,5.000,0.309,1.545,0.022
52300,5.000,0.309,1.545,0.022
52500,5.000,0.309,1.545,0.023
52700,5.000,0.309,1.545,0.023
52900,5.000,0.309,1.542,0.023
53100,5.000,0.309,1.542,0.023
53300,5.000,0.308,1.542,0.023
53500,5.000,0.309,1.542,0.023
53700,5.000,0.309,1.542,0.023
53900,5.000,0.309,1.545,0.023
54100,5.000,0.309,1.545,0.023
54300,5.000,0.308,1.545,0.023
54500,5.000,0.308,1.545,0.023
54700,5.000,0.308,1.542,0.024
54900,5.000,0.308,1.542,0.024
55100,5.000,0.308,1.542,0.024
55300,5.000,0.308,1.542,0.024
55500,5.000,0.308,1.542,0.024
55700,5.000,0.308,1.542,0.024
55900,5.000,0.309,1.545,0.024
56100,5.000,0.309,1.545,0.024
56300,5.000,0.309,1.545,0.024
56500,5.000,0.308,1.542,0.024
56700,5.000,0.309,1.542,0.024
56900,5.000,0.309,1.542,0.025
57100,5.000,0.309,1.545,0.025
57300,5.000,0.309,1.545,0.025
57500,5.000,0.309,1.545,0.025
57700,5.000,0.309,1.545,0.025
57900,5.000,0.308,1.542,0.025
58100,5.000,0.309,1.545,0.025
58300,5.000,0.308,1.542,0.025
58500,5.000,0.308,1.542,0.025
58700,5.000,0.308,1.542,0.025
58900,5.000,0.325,1.625,0.025
59100,5.000,0.312,1.561,0.025
59300,5.000,0.312,1.561,0.026
59500,5.000,0.312,1.561,0.026
59700,5.000,0.308,1.542,0.026
59900,5.000,0.308,1.542,0.026
60100,5.000,0.308,1.542,0.026
60300,5.000,0.308,1.538,0.026
60500,5.000,0.309,1.545,0.026
60700,5.000,0.309,1.542,0.026
60900,5.000,0.309,1.542,0.026
61100,5.000,0.308,1.538,0.026
61300,5.000,0.308,1.542,0.026
61500,5.000,0.308,1.542,0.027
61700,5.000,0.308,1.542,0.027
61900,5.000,0.308,1.542,0.027
62100,5.000,0.308,1.542,0.027
62300,5.000,0.308,1.542,0.027
62500,5.000,0.308,1.542,0.027
62700,5.000,0.308,1.542,0.027
62900,5.000,0.309,1.545,0.027
63100,5.000,0.308,1.542,0.027
63300,5.000,0.308,1.542,0.027
63500,5.000,0.308,1.542,0.027
63700,5.000,0.308,1.542,0.028
63900,5.000,0.308,1.542,0.028
64100,5.000,0.308,1.542,0.028
64300,5.000,0.309,1.545,0.028
64500,5.000,0.308,1.542,0.028
64700,5.000,0.308,1.542,0.028
64900,5.000,0.308,1.545,0.028
65100,5.000,0.308,1.542,0.028
65300,5.000,0.309,1.545,0.028
65500,5.000,0.309,1.545,0.028
65700,5.000,0.308,1.542,0.028
65900,5.000,0.308,1.542,0.028
66100,5.000,0.308,1.542,0.029
66300,5.000,0.309,1.545,0.029
66500,5.000,0.309,1.545,0.029
66700,5.000,0.308,1.542,0.029
66900,5.000,0.308,1.542,0.029
67100,5.000,0.308,1.542,0.029
67300,5.000,0.308,1.542,0.029
67500,5.000,0.308,1.542,0.029
67700,5.000,0.308,1.542,0.029
67900,5.000,0.308,1.542,0.029
68100,5.000,0.308,1.542,0.029
68300,5.000,0.309,1.542,0.030
68500,5.000,0.308,1.542,0.030
68700,5.000,0.308,1.542,0.030
68900,5.000,0.308,1.538,0.030
69100,5.000,0.308,1.542,0.030
69300,5.000,0.309,1.545,0.030
69500,5.000,0.308,1.542,0.030
69700,5.000,0.308,1.542,0.030
69900,5.000,0.309,1.545,0.030
70100,5.000,0.308,1.538,0.030
70300,5.000,0.308,1.542,0.030
70500,5.000,0.308,1.542,0.031
70700,5.000,0.308,1.542,0.031
70900,5.000,0.308,1.542,0.031
71100,5.000,0.308,1.542,0.031
71300,5.000,0.308,1.542,0.031
71500,5.000,0.308,1.542,0.031
71700,5.000,0.308,1.538,0.031
71900,5.000,0.308,1.538,0.031
72100,5.000,0.308,1.542,0.031
72300,5.000,0.308,1.542,0.031
72500,5.000,0.308,1.542,0.031
72700,5.000,0.308,1.542,0.031
72900,5.000,0.308,1.542,0.032
73100,5.000,0.308,1.542,0.032
73300,5.000,0.309,1.545,0.032
73500,5.000,0.308,1.538,0.032
73700,5.000,0.308,1.538,0.032
73900,5.000,0.308,1.542,0.032
74100,5.000,0.309,1.545,0.032
74300,5.000,0.309,1.545,0.032
74500,5.000,0.308,1.538,0.032
74700,5.000,0.308,1.542,0.032
74900,5.000,0.308,1.542,0.032
75100,5.000,0.308,1.542,0.033
75300,5.000,0.308,1.542,0.033
75500,5.000,0.308,1.542,0.033
75700,5.000,0.308,1.542,0.033
75900,5.000,0.308,1.542,0.033
76100,5.000,0.308,1.542,0.033
76300,5.000,0.308,1.542,0.033
76500,5.000,0.308,1.542,0.033
76700,5.000,0.308,1.542,0.033
76900,5.000,0.308,1.542,0.033
77100,5.000,0.309,1.545,0.033
77300,5.000,0.308,1.542,0.034
77500,5.000,0.308,1.542,0.034
77700,5.000,0.308,1.542,0.034
77900,5.000,0.308,1.542,0.034
78100,5.000,0.308,1.542,0.034
78300,5.000,0.308,1.542,0.034
78500,5.000,0.308,1.542,0.034
78700,5.000,0.307,1.538,0.034
78900,5.000,0.307,1.538,0.034
79100,5.000,0.308,1.545,0.034
79300,5.000,0.308,1.542,0.034
79500,5.000,0.307,1.538,0.034
79700,5.000,0.307,1.538,0.035
79900,5.000,0.308,1.542,0.035
80100,5.000,0.309,1.542,0.035
80300,5.000,0.309,1.545,0.035
80500,5.000,0.309,1.545,0.035
80700,5.000,0.309,1.545,0.035
80900,5.000,0.308,1.542,0.035
81100,5.000,0.308,1.542,0.035
81300,5.000,0.308,1.542,0.035
81500,5.000,0.308,1.542,0.035
81700,5.000,0.308,1.542,0.035
81900,5.000,0.309,1.545,0.036
82100,5.000,0.309,1.545,0.036
82300,5.000,0.308,1.542,0.036
82500,5.000,0.308,1.538,0.036
82700,5.000,0.308,1.542,0.036
82900,5.000,0.308,1.542,0.036
83100,5.000,0.308,1.542,0.036
83300,5.000,0.308,1.542,0.036
83500,5.000,0.315,1.576,0.036
83700,5.000,0.309,1.545,0.036
83900,5.000,0.309,1.545,0.036
84100,5.000,0.308,1.542,0.037
84300,5.000,0.308,1.542,0.037
84500,5.000,0.308,1.542,0.037
84700,5.000,0.308,1.542,0.037
84900,5.000,0.309,1.545,0.037
85100,5.000,0.308,1.542,0.037
85300,5.000,0.308,1.542,0.037
85500,5.000,0.308,1.542,0.037
85700,5.000,0.308,1.542,0.037
85900,5.000,0.308,1.542,0.037
86100,5.000,0.308,1.542,0.037
86300,5.000,0.309,1.545,0.037
86500,5.000,0.307,1.538,0.038
86700,5.000,0.307,1.538,0.038
86900,5.000,0.309,1.545,0.038
87100,5.000,0.308,1.542,0.038
87300,5.000,0.309,1.545,0.038
87500,5.000,0.308,1.545,0.038
87700,5.000,0.308,1.545,0.038
87900,5.000,0.308,1.538,0.038
88100,5.000,0.308,1.542,0.038
88300,5.000,0.308,1.545,0.038
88500,5.000,0.308,1.545,0.038
88700,5.000,0.310,1.549,0.039
88900,5.000,0.308,1.545,0.039
89100,5.000,0.308,1.538,0.039
89300,5.000,0.308,1.538,0.039
89500,5.000,0.308,1.538,0.039
89700,5.000,0.308,1.542,0.039
89900,5.000,0.308,1.542,0.039
90100,5.000,0.308,1.542,0.039
90300,5.000,0.307,1.538,0.039
90500,5.000,0.308,1.542,0.039
90700,5.000,0.308,1.542,0.039
90900,5.000,0.308,1.542,0.040
91100,5.000,0.308,1.542,0.040
91300,5.000,0.308,1.542,0.040
91500,5.000,0.308,1.542,0.040
91700,5.000,0.308,1.542,0.040
91900,5.000,0.308,1.542,0.040
92100,5.000,0.308,1.542,0.040
92300,5.000,0.308,1.545,0.040
92500,5.000,0.308,1.545,0.040
92700,5.000,0.309,1.545,0.040
92900,5.000,0.308,1.542,0.040
93100,5.000,0.308,1.542,0.040
93300,5.000,0.308,1.545,0.041
93500,5.000,0.309,1.545,0.041
93700,5.000,0.308,1.542,0.041
93900,5.000,0.308,1.542,0.041
94100,5.000,0.309,1.545,0.041
94300,5.000,0.308,1.542,0.041
94500,5.000,0.308,1.545,0.041
94700,5.000,0.308,1.542,0.041
94900,5.000,0.308,1.542,0.041
95100,5.000,0.308,1.538,0.041
95300,5.000,0.308,1.542,0.041
95500,5.000,0.308,1.542,0.042
95700,5.000,0.308,1.542,0.042
95900,5.000,0.308,1.542,0.042
96100,5.000,0.308,1.542,0.042
96300,5.000,0.308,1.542,0.042
96500,5.000,0.308,1.542,0.042
96700,5.000,0.308,1.542,0.042
96900,5.000,0.308,1.542,0.042
97100,5.000,0.308,1.542,0.042
97300,5.000,0.308,1.542,0.042
97500,5.000,0.309,1.545,0.042
97700,5.000,0.308,1.542,0.043
97900,5.000,0.308,1.542,0.043
98100,5.000,0.308,1.542,0.043
98300,5.000,0.308,1.542,0.043
98500,5.000,0.308,1.542,0.043
98700,5.000,0.308,1.542,0.043
98900,5.000,0.308,1.542,0.043
99100,5.000,0.308,1.542,0.043
99300,5.000,0.308,1.545,0.043
99500,5.000,0.308,1.545,0.043
99700,5.000,0.308,1.542,0.043
99900,5.000,0.308,1.538,0.043
100100,5.000,0.308,1.542,0.044
100300,5.000,0.308,1.542,0.044
100500,5.000,0.309,1.545,0.044
100700,5.000,0.308,1.542,0.044
100900,5.000,0.308,1.542,0.044
101100,5.000,0.308,1.545,0.044
101300,5.000,0.308,1.545,0.044
101500,5.000,0.308,1.542,0.044
101700,5.000,0.309,1.545,0.044
101900,5.000,0.309,1.545,0.044
102100,5.000,0.308,1.542,0.044
102300,5.000,0.309,1.542,0.045
102500,5.000,0.309,1.545,0.045
102700,5.000,0.309,1.545,0.045
102900,5.000,0.308,1.542,0.045
103100,5.000,0.309,1.545,0.045
103300,5.000,0.309,1.545,0.045
103500,5.000,0.309,1.545,0.045
103700,5.000,0.308,1.542,0.045
103900,5.000,0.308,1.542,0.045
104100,5.000,0.308,1.542,0.045
104300,5.000,0.308,1.542,0.045
104500,5.000,0.309,1.545,0.046
104700,5.000,0.309,1.542,0.046
104900,5.000,0.308,1.542,0.046
105100,5.000,0.308,1.542,0.046
105300,5.000,0.309,1.545,0.046
105500,5.000,0.308,1.542,0.046
105700,5.000,0.308,1.542,0.046
105900,5.000,0.308,1.542,0.046
106100,5.000,0.308,1.542,0.046
106300,5.000,0.309,1.545,0.046
106500,5.000,0.308,1.542,0.046
106700,5.000,0.308,1.542,0.046
106900,5.000,0.308,1.545,0.047
107100,5.000,0.308,1.542,0.047
107300,5.000,0.308,1.542,0.047
107500,5.000,0.309,1.545,0.047
107700,5.000,0.309,1.545,0.047
107900,5.000,0.308,1.542,0.047
108100,5.000,0.309,1.545,0.047
108300,5.000,0.309,1.545,0.047
108500,5.000,0.309,1.545,0.047
108700,5.000,0.308,1.542,0.047
108900,5.000,0.308,1.542,0.047
109100,5.000,0.308,1.542,0.048
109300,5.000,0.308,1.542,0.048
109500,5.000,0.308,1.542,0.048
109700,5.000,0.308,1.542,0.048
109900,5.000,0.308,1.542,0.048
110100,5.000,0.308,1.542,0.048
110300,5.000,0.308,1.542,0.048
110500,5.000,0.308,1.542,0.048
110700,5.000,0.308,1.542,0.048
110900,5.000,0.308,1.542,0.048
111100,5.000,0.309,1.545,0.048
111300,5.000,0.309,1.545,0.048
111500,5.000,0.308,1.542,0.049
111700,5.000,0.309,1.545,0.049
111900,5.000,0.308,1.542,0.049
112100,5.000,0.309,1.545,0.049
112300,5.000,0.309,1.545,0.049
112500,5.000,0.308,1.542,0.049
112700,5.000,0.308,1.542,0.049
112900,5.000,0.308,1.542,0.049
113100,5.000,0.309,1.545,0.049
113300,5.000,0.308,1.542,0.049
113500,5.000,0.308,1.545,0.049
113700,5.000,0.308,1.545,0.050
113900,5.000,0.308,1.542,0.050
114100,5.000,0.308,1.542,0.050
114300,5.000,0.308,1.542,0.050
114500,5.000,0.308,1.542,0.050
114700,5.000,0.308,1.538,0.050
114900,5.000,0.309,1.545,0.050
115100,5.000,0.308,1.542,0.050
115300,5.000,0.308,1.542,0.050
115500,5.000,0.308,1.542,0.050
115700,5.000,0.308,1.542,0.050
115900,5.000,0.309,1.545,0.051
116100,5.000,0.309,1.545,0.051
116300,5.000,0.311,1.557,0.051
116500,5.000,0.325,1.625,0.051
116700,5.000,0.309,1.545,0.051
116900,5.000,0.309,1.545,0.051
117100,5.000,0.309,1.542,0.051
117300,5.000,0.308,1.542,0.051
117500,5.000,0.308,1.538,0.051
117700,5.000,0.308,1.538,0.051
117900,5.000,0.309,1.545,0.051
118100,5.000,0.308,1.542,0.051
118300,5.000,0.308,1.542,0.052
118500,5.000,0.308,1.542,0.052
118700,5.000,0.308,1.542,0.052
118900,5.000,0.308,1.542,0.052
119100,5.000,0.308,1.542,0.052
119300,5.000,0.308,1.542,0.052
119500,5.000,0.308,1.542,0.052
119700,5.000,0.308,1.542,0.052
119900,5.000,0.309,1.545,0.052
120100,5.000,0.309,1.545,0.052
120300,5.000,0.309,1.545,0.052
120500,5.000,0.308,1.542,0.053
120700,5.000,0.308,1.542,0.053
120900,5.000,0.309,1.549,0.053
121100,5.000,0.308,1.542,0.053
121300,5.000,0.308,1.542,0.053
121500,5.000,0.308,1.542,0.053
121700,5.000,0.308,1.542,0.053
121900,5.000,0.309,1.545,0.053
122100,5.000,0.308,1.542,0.053
122300,5.000,0.308,1.542,0.053
122500,5.000,0.308,1.542,0.053
122700,5.000,0.311,1.557,0.054
122900,5.000,0.308,1.542,0.054
123100,5.000,0.308,1.538,0.054
123300,5.000,0.308,1.538,0.054
123500,5.000,0.308,1.542,0.054
123700,5.000,0.309,1.545,0.054
123900,5.000,0.309,1.545,0.054
124100,5.000,0.308,1.542,0.054
124300,5.000,0.309,1.542,0.054
124500,5.000,0.308,1.542,0.054
124700,5.000,0.308,1.542,0.054
124900,5.000,0.308,1.545,0.054
125100,5.000,0.308,1.545,0.055
125300,5.000,0.308,1.542,0.055
125500,5.000,0.309,1.545,0.055
125700,5.000,0.309,1.545,0.055
125900,5.000,0.309,1.549,0.055
126100,5.000,0.308,1.542,0.055
126300,5.000,0.308,1.542,0.055
126500,5.000,0.308,1.542,0.055
126700,5.000,0.308,1.542,0.055
126900,5.000,0.308,1.542,0.055
127100,5.000,0.308,1.542,0.055
127300,5.000,0.308,1.542,0.056
127500,5.000,0.309,1.545,0.056
127700,5.000,0.308,1.542,0.056
127900,5.000,0.308,1.542,0.056
128100,5.000,0.308,1.542,0.056
128300,5.000,0.308,1.542,0.056
128500,5.000,0.309,1.542,0.056
128700,5.000,0.309,1.542,0.056
128900,5.000,0.308,1.542,0.056
129100,5.000,0.308,1.545,0.056
129300,5.000,0.308,1.542,0.056
129500,5.000,0.308,1.542,0.057
129700,5.000,0.308,1.542,0.057
129900,5.000,0.309,1.545,0.057
130100,5.000,0.308,1.542,0.057
130300,5.000,0.308,1.542,0.057
130500,5.000,0.308,1.542,0.057
130700,5.000,0.309,1.545,0.057
130900,5.000,0.309,1.545,0.057
131100,5.000,0.309,1.545,0.057
131300,5.000,0.308,1.542,0.057
131500,5.000,0.309,1.545,0.057
131700,5.000,0.309,1.545,0.057
131900,5.000,0.308,1.542,0.058
132100,5.000,0.308,1.545,0.058
132300,5.000,0.308,1.542,0.058
132500,5.000,0.309,1.545,0.058
132700,5.000,0.309,1.545,0.058
132900,5.000,0.309,1.542,0.058
133100,5.000,0.308,1.542,0.058
133300,5.000,0.308,1.545,0.058
133500,5.000,0.308,1.545,0.058
133700,5.000,0.308,1.542,0.058
133900,5.000,0.308,1.542,0.058
134100,5.000,0.308,1.542,0.059
134300,5.000,0.308,1.542,0.059
134500,5.000,0.308,1.542,0.059
134700,5.000,0.308,1.538,0.059
134900,5.000,0.308,1.538,0.059
135100,5.000,0.308,1.542,0.059
135300,5.000,0.308,1.542,0.059
135500,5.000,0.308,1.542,0.059
135700,5.000,0.308,1.542,0.059
135900,5.000,0.308,1.542,0.059
136100,5.000,0.308,1.542,0.059
136300,5.000,0.309,1.549,0.060
136500,5.000,0.309,1.545,0.060
136700,5.000,0.309,1.545,0.060
136900,5.000,0.309,1.545,0.060
137100,5.000,0.308,1.542,0.060
137300,5.000,0.308,1.542,0.060
137500,5.000,0.308,1.542,0.060
137700,5.000,0.308,1.542,0.060
137900,5.000,0.308,1.542,0.060
138100,5.000,0.308,1.542,0.060
138300,5.000,0.308,1.542,0.060
138500,5.000,0.308,1.542,0.060
138700,5.000,0.308,1.542,0.061
138900,5.000,0.308,1.542,0.061
139100,5.000,0.308,1.538,0.061
139300,5.000,0.308,1.542,0.061
139500,5.000,0.308,1.542,0.061
139700,5.000,0.309,1.545,0.061
139900,5.000,0.309,1.545,0.061
140100,5.000,0.308,1.542,0.061
140300,5.000,0.307,1.538,0.061
140500,5.000,0.308,1.542,0.061
140700,5.000,0.308,1.542,0.061
140900,5.000,0.308,1.542,0.062
141100,5.000,0.308,1.545,0.062
141300,5.000,0.308,1.545,0.062
141500,5.000,0.308,1.542,0.062
141700,5.000,0.309,1.545,0.062
141900,5.000,0.308,1.542,0.062
142100,5.000,0.308,1.542,0.062
142300,5.000,0.308,1.545,0.062
142500,5.000,0.308,1.542,0.062
142700,5.000,0.308,1.542,0.062
142900,5.000,0.309,1.545,0.062
143100,5.000,0.308,1.542,0.063
143300,5.000,0.308,1.542,0.063
143500,5.000,0.308,1.542,0.063
143700,5.000,0.308,1.542,0.063
143900,5.000,0.308,1.542,0.063
144100,5.000,0.309,1.545,0.063
144300,5.000,0.308,1.542,0.063
144500,5.000,0.308,1.542,0.063
144700,5.000,0.309,1.545,0.063
144900,5.000,0.308,1.542,0.063
145100,5.000,0.308,1.542,0.063
145300,5.000,0.308,1.542,0.063
145500,5.000,0.308,1.542,0.064
145700,5.000,0.308,1.542,0.064
145900,5.000,0.308,1.542,0.064
146100,5.000,0.308,1.542,0.064
146300,5.000,0.308,1.542,0.064
146500,5.000,0.309,1.545,0.064
146700,5.000,0.308,1.542,0.064
146900,5.000,0.308,1.542,0.064
147100,5.000,0.309,1.542,0.064
147300,5.000,0.309,1.545,0.064
147500,5.000,0.308,1.542,0.064
147700,5.000,0.308,1.542,0.065
147900,5.000,0.308,1.542,0.065
148100,5.000,0.308,1.542,0.065
148300,5.000,0.309,1.545,0.065
148500,5.000,0.309,1.545,0.065
148700,5.000,0.308,1.542,0.065
148900,5.000,0.308,1.542,0.065
149100,5.000,0.308,1.542,0.065
149300,5.000,0.308,1.542,0.065
149500,5.000,0.308,1.538,0.065
149700,5.000,0.308,1.542,0.065
149900,5.000,0.308,1.542,0.065
150100,5.000,0.309,1.545,0.066
150300,5.000,0.308,1.542,0.066
150500,5.000,0.308,1.542,0.066
150700,5.000,0.309,1.545,0.066
150900,5.000,0.309,1.545,0.066
151100,5.000,0.308,1.542,0.066
151300,5.000,0.308,1.542,0.066
151500,5.000,0.308,1.542,0.066
151700,5.000,0.308,1.542,0.066
151900,5.000,0.312,1.561,0.066
152100,5.000,0.308,1.542,0.066
152300,5.000,0.308,1.542,0.067
152500,5.000,0.308,1.542,0.067
152700,5.000,0.308,1.542,0.067
152900,5.000,0.309,1.545,0.067
153100,5.000,0.309,1.545,0.067
153300,5.000,0.308,1.542,0.067
153500,5.000,0.308,1.542,0.067
153700,5.000,0.308,1.542,0.067
153900,5.000,0.308,1.542,0.067
154100,5.000,0.308,1.542,0.067
154300,5.000,0.308,1.542,0.067
154500,5.000,0.308,1.542,0.068
154700,5.000,0.308,1.542,0.068
154900,5.000,0.309,1.545,0.068
155100,5.000,0.308,1.542,0.068
155300,5.000,0.308,1.542,0.068
155500,5.000,0.308,1.542,0.068
155700,5.000,0.308,1.545,0.068
155900,5.000,0.308,1.542,0.068
156100,5.000,0.309,1.545,0.068
156300,5.000,0.309,1.545,0.068
156500,5.000,0.308,1.545,0.068
156700,5.000,0.309,1.545,0.068
156900,5.000,0.309,1.545,0.069
157100,5.000,0.308,1.542,0.069
157300,5.000,0.308,1.542,0.069
157500,5.000,0.309,1.545,0.069
157700,5.000,0.309,1.545,0.069
157900,5.000,0.309,1.545,0.069
158100,5.000,0.308,1.542,0.069
158300,5.000,0.309,1.545,0.069
158500,5.000,0.309,1.545,0.069
158700,5.000,0.309,1.545,0.069
158900,5.000,0.309,1.545,0.069
159100,5.000,0.308,1.545,0.070
159300,5.000,0.308,1.542,0.070
159500,5.000,0.308,1.542,0.070
159700,5.000,0.309,1.545,0.070
159900,5.000,0.308,1.542,0.070
160100,5.000,0.308,1.542,0.070
160300,5.000,0.308,1.542,0.070
160500,5.000,0.308,1.542,0.070
160700,5.000,0.309,1.545,0.070
160900,5.000,0.309,1.545,0.070
161100,5.000,0.309,1.545,0.070
161300,5.000,0.309,1.545,0.071
161500,5.000,0.309,1.545,0.071
161700,5.000,0.309,1.545,0.071
161900,5.000,0.309,1.545,0.071
162100,5.000,0.309,1.545,0.071
162300,5.000,0.308,1.542,0.071
162500,5.000,0.309,1.545,0.071
162700,5.000,0.309,1.545,0.071
162900,5.000,0.308,1.542,0.071
163100,5.000,0.308,1.542,0.071
163300,5.000,0.308,1.542,0.071
163500,5.000,0.308,1.542,0.072
163700,5.000,0.308,1.542,0.072
163900,5.000,0.309,1.545,0.072
164100,5.000,0.308,1.542,0.072
164300,5.000,0.308,1.542,0.072
164500,5.000,0.308,1.542,0.072
164700,5.000,0.308,1.542,0.072
164900,5.000,0.308,1.538,0.072
165100,5.000,0.308,1.538,0.072
165300,5.000,0.308,1.542,0.072
165500,5.000,0.309,1.545,0.072
165700,5.000,0.309,1.545,0.072
165900,5.000,0.308,1.542,0.073
166100,5.000,0.308,1.542,0.073
166300,5.000,0.308,1.542,0.073
166500,5.000,0.308,1.542,0.073
166700,5.000,0.308,1.542,0.073
166900,5.000,0.308,1.545,0.073
167100,5.000,0.308,1.542,0.073
167300,5.000,0.308,1.542,0.073
167500,5.000,0.309,1.545,0.073
167700,5.000,0.309,1.545,0.073
167900,5.000,0.308,1.542,0.073
168100,5.000,0.308,1.542,0.074
168300,5.000,0.308,1.542,0.074
168500,5.000,0.309,1.545,0.074
168700,5.000,0.308,1.542,0.074
168900,5.000,0.308,1.542,0.074
169100,5.000,0.308,1.542,0.074
169300,5.000,0.308,1.542,0.074
169500,5.000,0.308,1.542,0.074
169700,5.000,0.308,1.542,0.074
169900,5.000,0.308,1.542,0.074
170100,5.000,0.308,1.542,0.074
170300,5.000,0.309,1.545,0.075
170500,5.000,0.309,1.545,0.075
170700,5.000,0.308,1.542,0.075
170900,5.000,0.309,1.545,0.075
171100,5.000,0.308,1.542,0.075
171300,5.000,0.308,1.542,0.075
171500,5.000,0.308,1.542,0.075
171700,5.000,0.308,1.542,0.075
171900,5.000,0.309,1.542,0.075
172100,5.000,0.309,1.542,0.075
172300,5.000,0.308,1.538,0.075
172500,5.000,0.309,1.545,0.075
172700,5.000,0.308,1.542,0.076
172900,5.000,0.308,1.542,0.076
173100,5.000,0.308,1.542,0.076
173300,5.000,0.309,1.545,0.076
173500,5.000,0.308,1.542,0.076
173700,5.000,0.308,1.542,0.076
173900,5.000,0.308,1.542,0.076
174100,5.000,0.308,1.538,0.076
174300,5.000,0.308,1.538,0.076
174500,5.000,0.312,1.561,0.076
174700,5.000,0.312,1.561,0.076
174900,5.000,0.323,1.618,0.077
175100,5.000,0.309,1.545,0.077
175300,5.000,0.309,1.545,0.077
175500,5.000,0.308,1.542,0.077
175700,5.000,0.308,1.542,0.077
175900,5.000,0.309,1.545,0.077
176100,5.000,0.309,1.545,0.077
176300,5.000,0.314,1.572,0.077
176500,5.000,0.309,1.549,0.077
176700,5.000,0.309,1.549,0.077
176900,5.000,0.309,1.545,0.077
177100,5.000,0.309,1.542,0.078
177300,5.000,0.308,1.542,0.078
177500,5.000,0.308,1.542,0.078
177700,5.000,0.309,1.542,0.078
177900,5.000,0.309,1.545,0.078
178100,5.000,0.309,1.545,0.078
178300,5.000,0.309,1.545,0.078
178500,5.000,0.309,1.545,0.078
178700,5.000,0.308,1.545,0.078
178900,5.000,0.308,1.542,0.078
179100,5.000,0.309,1.545,0.078
179300,5.000,0.309,1.545,0.078
179500,5.000,0.309,1.545,0.079
179700,5.000,0.309,1.545,0.079
179900,5.000,0.309,1.545,0.079
180100,5.000,0.309,1.545,0.079
180300,5.000,0.309,1.545,0.079
180500,5.000,0.309,1.545,0.079
180700,5.000,0.309,1.545,0.079
180900,5.000,0.309,1.545,0.079
181100,5.000,0.310,1.553,0.079
181300,5.000,0.309,1.545,0.079
181500,5.000,0.309,1.549,0.079
181700,5.000,0.309,1.549,0.080
181900,5.000,0.309,1.545,0.080
182100,5.000,0.309,1.545,0.080
182300,5.000,0.309,1.542,0.080
182500,5.000,0.309,1.542,0.080
182700,5.000,0.309,1.542,0.080
182900,5.000,0.309,1.545,0.080
183100,5.000,0.309,1.545,0.080
183300,5.000,0.309,1.545,0.080
183500,5.000,0.308,1.542,0.080
183700,5.000,0.308,1.542,0.080
183900,5.000,0.308,1.542,0.081
184100,5.000,0.309,1.545,0.081
184300,5.000,0.308,1.542,0.081
184500,5.000,0.308,1.542,0.081
184700,5.000,0.308,1.542,0.081
184900,5.000,0.309,1.545,0.081
185100,5.000,0.309,1.545,0.081
185300,5.000,0.309,1.545,0.081
185500,5.000,0.308,1.542,0.081
185700,5.000,0.308,1.542,0.081
185900,5.000,0.309,1.545,0.081
186100,5.000,0.308,1.545,0.082
186300,5.000,0.308,1.545,0.082
186500,5.000,0.309,1.545,0.082
186700,5.000,0.309,1.545,0.082
186900,5.000,0.309,1.545,0.082
187100,5.000,0.309,1.545,0.082
187300,5.000,0.309,1.545,0.082
187500,5.000,0.309,1.545,0.082
187700,5.000,0.309,1.545,0.082
187900,5.000,0.308,1.542,0.082
188100,5.000,0.309,1.545,0.082
188300,5.000,0.309,1.545,0.082
188500,5.000,0.308,1.542,0.083
188700,5.000,0.308,1.542,0.083
188900,5.000,0.309,1.545,0.083
189100,5.000,0.308,1.542,0.083
189300,5.000,0.309,1.545,0.083
189500,5.000,0.309,1.545,0.083
189700,5.000,0.309,1.545,0.083
189900,5.000,0.309,1.545,0.083
190100,5.000,0.309,1.545,0.083
190300,5.000,0.309,1.545,0.083
190500,5.000,0.309,1.545,0.083
190700,5.000,0.309,1.545,0.084
190900,5.000,0.309,1.545,0.084
191100,5.000,0.309,1.545,0.084
191300,5.000,0.308,1.542,0.084
191500,5.000,0.309,1.545,0.084
191700,5.000,0.309,1.545,0.084
191900,5.000,0.309,1.549,0.084
192100,5.000,0.309,1.542,0.084
192300,5.000,0.309,1.545,0.084
192500,5.000,0.308,1.545,0.084
192700,5.000,0.308,1.545,0.084
192900,5.000,0.308,1.542,0.085
193100,5.000,0.308,1.542,0.085
193300,5.000,0.308,1.542,0.085
193500,5.000,0.308,1.542,0.085
193700,5.000,0.309,1.545,0.085
193900,5.000,0.309,1.545,0.085
194100,5.000,0.309,1.545,0.085
194300,5.000,0.309,1.545,0.085
194500,5.000,0.309,1.545,0.085
194700,5.000,0.308,1.545,0.085
194900,5.000,0.308,1.545,0.085
195100,5.000,0.308,1.542,0.085
195300,5.000,0.309,1.545,0.086
195500,5.000,0.309,1.545,0.086
195700,5.000,0.312,1.561,0.086
195900,5.000,0.312,1.561,0.086
196100,5.000,0.309,1.545,0.086
196300,5.000,0.308,1.542,0.086
196500,5.000,0.309,1.545,0.086
196700,5.000,0.309,1.545,0.086
196900,5.000,0.309,1.542,0.086
197100,5.000,0.309,1.545,0.086
197300,5.000,0.309,1.545,0.086
197500,5.000,0.309,1.545,0.087
197700,5.000,0.308,1.542,0.087
197900,5.000,0.308,1.542,0.087
198100,5.000,0.308,1.542,0.087
198300,5.000,0.308,1.542,0.087
198500,5.000,0.309,1.545,0.087
198700,5.000,0.309,1.545,0.087
198900,5.000,0.309,1.542,0.087
199100,5.000,0.309,1.545,0.087
199300,5.000,0.309,1.542,0.087
199500,5.000,0.309,1.549,0.087
199700,5.000,0.309,1.549,0.088
199900,5.000,0.308,1.542,0.088
200100,5.000,0.313,1.568,0.088
200300,5.000,0.310,1.549,0.088
200500,5.000,0.310,1.549,0.088
200700,5.000,0.309,1.549,0.088
200900,5.000,0.309,1.545,0.088
201100,5.000,0.308,1.542,0.088
201300,5.000,0.308,1.542,0.088
201500,5.000,0.309,1.545,0.088
201700,5.000,0.310,1.549,0.088
201900,5.000,0.310,1.549,0.088
202100,5.000,0.308,1.542,0.089
202300,5.000,0.308,1.542,0.089
202500,5.000,0.308,1.542,0.089
202700,5.000,0.309,1.545,0.089
202900,5.000,0.309,1.545,0.089
203100,5.000,0.308,1.542,0.089
203300,5.000,0.308,1.542,0.089
203500,5.000,0.315,1.576,0.089
203700,5.000,0.315,1.576,0.089
203900,5.000,0.309,1.545,0.089
204100,5.000,0.308,1.542,0.089
204300,5.000,0.309,1.545,0.090
204500,5.000,0.309,1.545,0.090
204700,5.000,0.309,1.545,0.090
204900,5.000,0.308,1.542,0.090
205100,5.000,0.308,1.542,0.090
205300,5.000,0.309,1.545,0.090
205500,5.000,0.309,1.545,0.090
205700,5.000,0.309,1.545,0.090
205900,5.000,0.309,1.545,0.090
206100,5.000,0.309,1.545,0.090
206300,5.000,0.309,1.545,0.090
206500,5.000,0.309,1.545,0.091
206700,5.000,0.308,1.542,0.091
206900,5.000,0.308,1.542,0.091
207100,5.000,0.308,1.542,0.091
207300,5.000,0.309,1.549,0.091
207500,5.000,0.308,1.542,0.091
207700,5.000,0.308,1.542,0.091
207900,5.000,0.309,1.545,0.091
208100,5.000,0.308,1.542,0.091
208300,5.000,0.308,1.542,0.091
208500,5.000,0.309,1.545,0.091
208700,5.000,0.309,1.545,0.091
208900,5.000,0.308,1.542,0.092
209100,5.000,0.308,1.542,0.092
209300,5.000,0.309,1.545,0.092
209500,5.000,0.309,1.545,0.092
209700,5.000,0.308,1.542,0.092
209900,5.000,0.309,1.545,0.092
210100,5.000,0.309,1.545,0.092
210300,5.000,0.309,1.549,0.092
210500,5.000,0.308,1.542,0.092
210700,5.000,0.308,1.542,0.092
210900,5.000,0.309,1.545,0.092
211100,5.000,0.309,1.545,0.093
211300,5.000,0.309,1.545,0.093
211500,5.000,0.309,1.545,0.093
211700,5.000,0.309,1.545,0.093
211900,5.000,0.308,1.542,0.093
212100,5.000,0.309,1.545,0.093
212300,5.000,0.309,1.545,0.093
212500,5.000,0.308,1.542,0.093
212700,5.000,0.308,1.542,0.093
212900,5.000,0.308,1.542,0.093
213100,5.000,0.308,1.545,0.093
213300,5.000,0.308,1.545,0.094
213500,5.000,0.309,1.545,0.094
213700,5.000,0.309,1.545,0.094
213900,5.000,0.309,1.545,0.094
214100,5.000,0.308,1.542,0.094
214300,5.000,0.308,1.542,0.094
214500,5.000,0.308,1.542,0.094
214700,5.000,0.308,1.542,0.094
214900,5.000,0.308,1.542,0.094
215100,5.000,0.309,1.545,0.094
215300,5.000,0.308,1.542,0.094
215500,5.000,0.308,1.542,0.094
215700,5.000,0.309,1.545,0.095
215900,5.000,0.309,1.542,0.095
216100,5.000,0.309,1.542,0.095
216300,5.000,0.308,1.542,0.095
216500,5.000,0.309,1.545,0.095
216700,5.000,0.309,1.545,0.095
216900,5.000,0.309,1.549,0.095
217100,5.000,0.309,1.549,0.095
217300,5.000,0.309,1.545,0.095
217500,5.000,0.308,1.542,0.095
217700,5.000,0.308,1.542,0.095
217900,5.000,0.308,1.542,0.096
218100,5.000,0.309,1.549,0.096
218300,5.000,0.309,1.545,0.096
218500,5.000,0.308,1.542,0.096
218700,5.000,0.308,1.542,0.096
218900,5.000,0.309,1.545,0.096
219100,5.000,0.308,1.542,0.096
219300,5.000,0.308,1.542,0.096
219500,5.000,0.308,1.545,0.096
219700,5.000,0.308,1.542,0.096
219900,5.000,0.310,1.549,0.096
220100,5.000,0.309,1.545,0.097
220300,5.000,0.309,1.545,0.097
220500,5.000,0.309,1.545,0.097
220700,5.000,0.309,1.545,0.097
220900,5.000,0.309,1.545,0.097
221100,5.000,0.309,1.545,0.097
221300,5.000,0.309,1.545,0.097
221500,5.000,0.309,1.545,0.097
221700,5.000,0.309,1.545,0.097
221900,5.000,0.308,1.542,0.097
222100,5.000,0.309,1.545,0.097
222300,5.000,0.309,1.542,0.097
222500,5.000,0.309,1.542,0.098
222700,5.000,0.308,1.542,0.098
222900,5.000,0.309,1.545,0.098
223100,5.000,0.308,1.542,0.098
223300,5.000,0.308,1.542,0.098
223500,5.000,0.309,1.545,0.098
223700,5.000,0.309,1.545,0.098
223900,5.000,0.309,1.545,0.098
224100,5.000,0.309,1.545,0.098
224300,5.000,0.309,1.545,0.098
224500,5.000,0.308,1.545,0.098
224700,5.000,0.309,1.545,0.099
224900,5.000,0.309,1.545,0.099
225100,5.000,0.309,1.545,0.099
225300,5.000,0.309,1.542,0.099
225500,5.000,0.309,1.545,0.099
225700,5.000,0.309,1.545,0.099
225900,5.000,0.308,1.542,0.099
226100,5.000,0.308,1.542,0.099
226300,5.000,0.309,1.545,0.099
226500,5.000,0.309,1.545,0.099
226700,5.000,0.308,1.542,0.099
226900,5.000,0.308,1.542,0.099
227100,5.000,0.309,1.545,0.100
227300,5.000,0.309,1.542,0.100
227500,5.000,0.309,1.542,0.100
227700,5.000,0.309,1.545,0.100
227900,5.000,0.309,1.545,0.100
228100,5.000,0.309,1.545,0.100
228300,5.000,0.308,1.542,0.100
228500,5.000,0.309,1.545,0.100
228700,5.000,0.309,1.545,0.100
228900,5.000,0.309,1.545,0.100
229100,5.000,0.308,1.542,0.100
229300,5.000,0.309,1.545,0.101
229500,5.000,0.309,1.545,0.101
229700,5.000,0.309,1.545,0.101
229900,5.000,0.310,1.549,0.101
230100,5.000,0.308,1.542,0.101
230300,5.000,0.308,1.542,0.101
230500,5.000,0.309,1.545,0.101
230700,5.000,0.309,1.545,0.101
230900,5.000,0.309,1.545,0.101
231100,5.000,0.309,1.545,0.101
231300,5.000,0.309,1.545,0.101
231500,5.000,0.308,1.545,0.102
231700,5.000,0.309,1.545,0.102
231900,5.000,0.309,1.545,0.102
232100,5.000,0.309,1.545,0.102
232300,5.000,0.309,1.545,0.102
232500,5.000,0.308,1.542,0.102
232700,5.000,0.308,1.542,0.102
232900,5.000,0.314,1.572,0.102
233100,5.000,0.311,1.557,0.102
233300,5.000,0.326,1.629,0.102
233500,5.000,0.326,1.629,0.102
233700,5.000,0.309,1.545,0.103
233900,5.000,0.308,1.542,0.103
234100,5.000,0.309,1.545,0.103
234300,5.000,0.309,1.545,0.103
234500,5.000,0.309,1.545,0.103
234700,5.000,0.308,1.542,0.103
234900,5.000,0.308,1.542,0.103
235100,5.000,0.308,1.542,0.103
235300,5.000,0.308,1.542,0.103
235500,5.000,0.310,1.549,0.103
235700,5.000,0.309,1.545,0.103
235900,5.000,0.309,1.545,0.103
236100,5.000,0.308,1.542,0.104
236300,5.000,0.309,1.545,0.104
236500,5.000,0.309,1.545,0.104
236700,5.000,0.309,1.545,0.104
236900,5.000,0.309,1.545,0.104
237100,5.000,0.308,1.542,0.104
237300,5.000,0.309,1.545,0.104
237500,5.000,0.309,1.549,0.104
237700,5.000,0.309,1.549,0.104
237900,5.000,0.309,1.545,0.104
238100,5.000,0.308,1.542,0.104
238300,5.000,0.309,1.545,0.105
238500,5.000,0.309,1.545,0.105
238700,5.000,0.309,1.545,0.105
238900,5.000,0.309,1.545,0.105
239100,5.000,0.309,1.545,0.105
239300,5.000,0.308,1.542,0.105
239500,5.000,0.308,1.542,0.105
239700,5.000,0.308,1.542,0.105
239900,5.000,0.308,1.542,0.105
240100,5.000,0.309,1.545,0.105
240300,5.000,0.309,1.545,0.105
240500,5.000,0.309,1.545,0.106
240700,5.000,0.309,1.545,0.106
240900,5.000,0.308,1.542,0.106
241100,5.000,0.309,1.545,0.106
241300,5.000,0.310,1.549,0.106
241500,5.000,0.308,1.542,0.106
241700,5.000,0.308,1.542,0.106
241900,5.000,0.308,1.542,0.106
242100,5.000,0.309,1.545,0.106
242300,5.000,0.309,1.545,0.106
242500,5.000,0.309,1.545,0.106
242700,5.000,0.309,1.545,0.106
242900,5.000,0.308,1.542,0.107
243100,5.000,0.308,1.542,0.107
243300,5.000,0.309,1.545,0.107
243500,5.000,0.309,1.545,0.107
243700,5.000,0.309,1.545,0.107
243900,5.000,0.308,1.542,0.107
244100,5.000,0.308,1.542,0.107
244300,5.000,0.309,1.549,0.107
244500,5.000,0.309,1.545,0.107
244700,5.000,0.309,1.545,0.107
244900,5.000,0.309,1.545,0.107
245100,5.000,0.308,1.545,0.108
245300,5.000,0.308,1.542,0.108
245500,5.000,0.308,1.542,0.108
245700,5.000,0.308,1.545,0.108
245900,5.000,0.309,1.542,0.108
246100,5.000,0.309,1.545,0.108
246300,5.000,0.309,1.545,0.108
246500,5.000,0.309,1.545,0.108
246700,5.000,0.309,1.542,0.108
246900,5.000,0.309,1.542,0.108
247100,5.000,0.309,1.545,0.108
247300,5.000,0.309,1.545,0.109
247500,5.000,0.308,1.542,0.109
247700,5.000,0.308,1.542,0.109
247900,5.000,0.309,1.545,0.109
248100,5.000,0.309,1.545,0.109
248300,5.000,0.309,1.545,0.109
248500,5.000,0.308,1.542,0.109
248700,5.000,0.308,1.542,0.109
248900,5.000,0.308,1.542,0.109
249100,5.000,0.309,1.542,0.109
249300,5.000,0.309,1.545,0.109
249500,5.000,0.309,1.545,0.109
249700,5.000,0.309,1.545,0.110
249900,5.000,0.309,1.542,0.110
250100,5.000,0.309,1.542,0.110
250300,5.000,0.309,1.545,0.110
250500,5.000,0.309,1.545,0.110
250700,5.000,0.308,1.542,0.110
250900,5.000,0.308,1.542,0.110
251100,5.000,0.308,1.542,0.110
251300,5.000,0.309,1.545,0.110
251500,5.000,0.309,1.545,0.110
251700,5.000,0.309,1.545,0.110
251900,5.000,0.309,1.545,0.111
252100,5.000,0.309,1.545,0.111
252300,5.000,0.309,1.542,0.111
252500,5.000,0.309,1.545,0.111
252700,5.000,0.309,1.545,0.111
252900,5.000,0.309,1.545,0.111
253100,5.000,0.309,1.545,0.111
253300,5.000,0.309,1.545,0.111
253500,5.000,0.309,1.545,0.111
253700,5.000,0.308,1.542,0.111
253900,5.000,0.309,1.545,0.111
254100,5.000,0.309,1.545,0.112
254300,5.000,0.309,1.545,0.112
254500,5.000,0.308,1.542,0.112
254700,5.000,0.308,1.542,0.112
254900,5.000,0.309,1.545,0.112
255100,5.000,0.309,1.545,0.112
255300,5.000,0.309,1.545,0.112
255500,5.000,0.309,1.545,0.112
255700,5.000,0.309,1.545,0.112
255900,5.000,0.309,1.545,0.112
256100,5.000,0.309,1.545,0.112
256300,5.000,0.309,1.545,0.112
256500,5.000,0.309,1.545,0.113
256700,5.000,0.309,1.545,0.113
256900,5.000,0.309,1.545,0.113
257100,5.000,0.309,1.545,0.113
257300,5.000,0.309,1.545,0.113
257500,5.000,0.309,1.545,0.113
257700,5.000,0.309,1.542,0.113
257900,5.000,0.309,1.542,0.113
258100,5.000,0.308,1.542,0.113
258300,5.000,0.309,1.545,0.113
258500,5.000,0.309,1.549,0.113
258700,5.000,0.309,1.545,0.114
258900,5.000,0.309,1.545,0.114
259100,5.000,0.309,1.545,0.114
259300,5.000,0.308,1.542,0.114
259500,5.000,0.309,1.545,0.114
259700,5.000,0.309,1.545,0.114
259900,5.000,0.310,1.553,0.114
260100,5.000,0.308,1.542,0.114
260300,5.000,0.309,1.549,0.114
260500,5.000,0.309,1.549,0.114
260700,5.000,0.309,1.545,0.114
260900,5.000,0.309,1.545,0.115
261100,5.000,0.309,1.545,0.115
261300,5.000,0.309,1.545,0.115
261500,5.000,0.309,1.542,0.115
261700,5.000,0.309,1.549,0.115
261900,5.000,0.309,1.549,0.115
262100,5.000,0.309,1.549,0.115
262300,5.000,0.309,1.545,0.115
262500,5.000,0.309,1.545,0.115
262700,5.000,0.308,1.542,0.115
262900,5.000,0.308,1.542,0.115
263100,5.000,0.308,1.542,0.116
263300,5.000,0.309,1.545,0.116
263500,5.000,0.309,1.545,0.116
263700,5.000,0.309,1.545,0.116
263900,5.000,0.310,1.553,0.116
264100,5.000,0.308,1.542,0.116
264300,5.000,0.308,1.542,0.116
264500,5.000,0.308,1.542,0.116
264700,5.000,0.309,1.545,0.116
264900,5.000,0.308,1.542,0.116
265100,5.000,0.308,1.542,0.116
265300,5.000,0.309,1.542,0.116
265500,5.000,0.309,1.545,0.117
265700,5.000,0.309,1.542,0.117
265900,5.000,0.309,1.545,0.117
266100,5.000,0.309,1.545,0.117
266300,5.000,0.309,1.545,0.117
266500,5.000,0.308,1.542,0.117
266700,5.000,0.308,1.542,0.117
266900,5.000,0.309,1.545,0.117
267100,5.000,0.309,1.545,0.117
267300,5.000,0.309,1.545,0.117
267500,5.000,0.309,1.545,0.117
267700,5.000,0.309,1.545,0.118
267900,5.000,0.308,1.542,0.118
268100,5.000,0.309,1.545,0.118
268300,5.000,0.309,1.545,0.118
268500,5.000,0.309,1.545,0.118
268700,5.000,0.309,1.545,0.118
268900,5.000,0.309,1.545,0.118
269100,5.000,0.308,1.542,0.118
269300,5.000,0.308,1.542,0.118
269500,5.000,0.309,1.549,0.118
269700,5.000,0.308,1.542,0.118
269900,5.000,0.308,1.542,0.119
270100,5.000,0.308,1.542,0.119
270300,5.000,0.309,1.542,0.119
270500,5.000,0.309,1.545,0.119
270700,5.000,0.309,1.545,0.119
270900,5.000,0.309,1.545,0.119
271100,5.000,0.309,1.545,0.119
271300,5.000,0.309,1.545,0.119
271500,5.000,0.309,1.545,0.119
271700,5.000,0.309,1.545,0.119
271900,5.000,0.309,1.545,0.119
272100,5.000,0.309,1.545,0.119
272300,5.000,0.309,1.545,0.120
272500,5.000,0.310,1.549,0.120
272700,5.000,0.309,1.545,0.120
272900,5.000,0.309,1.542,0.120
273100,5.000,0.309,1.542,0.120
273300,5.000,0.309,1.545,0.120
273500,5.000,0.309,1.542,0.120
273700,5.000,0.308,1.545,0.120
273900,5.000,0.308,1.545,0.120
274100,5.000,0.309,1.545,0.120
274300,5.000,0.308,1.545,0.120
274500,5.000,0.308,1.542,0.121
274700,5.000,0.308,1.542,0.121
274900,5.000,0.308,1.542,0.121
275100,5.000,0.309,1.545,0.121
275300,5.000,0.309,1.545,0.121
275500,5.000,0.309,1.549,0.121
275700,5.000,0.308,1.542,0.121
275900,5.000,0.309,1.545,0.121
276100,5.000,0.309,1.549,0.121
276300,5.000,0.309,1.549,0.121
276500,5.000,0.309,1.545,0.121
276700,5.000,0.309,1.545,0.122
276900,5.000,0.308,1.542,0.122
277100,5.000,0.308,1.542,0.122
277300,5.000,0.309,1.549,0.122
277500,5.000,0.309,1.549,0.122
277700,5.000,0.309,1.549,0.122
277900,5.000,0.309,1.545,0.122
278100,5.000,0.309,1.545,0.122
278300,5.000,0.309,1.545,0.122
278500,5.000,0.309,1.545,0.122
278700,5.000,0.309,1.545,0.122
278900,5.000,0.308,1.542,0.122
279100,5.000,0.309,1.545,0.123
279300,5.000,0.309,1.545,0.123
279500,5.000,0.309,1.545,0.123
279700,5.000,0.309,1.545,0.123
279900,5.000,0.308,1.542,0.123
280100,5.000,0.309,1.545,0.123
280300,5.000,0.309,1.545,0.123
280500,5.000,0.309,1.545,0.123
280700,5.000,0.309,1.545,0.123
280900,5.000,0.309,1.545,0.123
281100,5.000,0.309,1.545,0.123
281300,5.000,0.309,1.549,0.124
281500,5.000,0.309,1.545,0.124
281700,5.000,0.309,1.545,0.124
281900,5.000,0.309,1.545,0.124
282100,5.000,0.309,1.545,0.124
282300,5.000,0.309,1.545,0.124
282500,5.000,0.309,1.545,0.124
282700,5.000,0.308,1.542,0.124
282900,5.000,0.309,1.545,0.124
283100,5.000,0.309,1.549,0.124
283300,5.000,0.309,1.549,0.124
283500,5.000,0.309,1.549,0.125
283700,5.000,0.309,1.545,0.125
283900,5.000,0.309,1.545,0.125
284100,5.000,0.309,1.545,0.125
284300,5.000,0.308,1.542,0.125
284500,5.000,0.309,1.545,0.125
284700,5.000,0.309,1.545,0.125
284900,5.000,0.309,1.545,0.125
285100,5.000,0.309,1.545,0.125
285300,5.000,0.310,1.549,0.125
285500,5.000,0.308,1.538,0.125
285700,5.000,0.308,1.538,0.125
285900,5.000,0.308,1.542,0.126
286100,5.000,0.309,1.545,0.126
286300,5.000,0.309,1.545,0.126
286500,5.000,0.309,1.545,0.126
286700,5.000,0.309,1.545,0.126
286900,5.000,0.309,1.545,0.126
287100,5.000,0.309,1.545,0.126
287300,5.000,0.309,1.545,0.126
287500,5.000,0.309,1.542,0.126
287700,5.000,0.309,1.545,0.126
287900,5.000,0.310,1.549,0.126
288100,5.000,0.310,1.549,0.127
288300,5.000,0.309,1.545,0.127
288500,5.000,0.309,1.545,0.127
288700,5.000,0.309,1.545,0.127
288900,5.000,0.308,1.542,0.127
289100,5.000,0.309,1.545,0.127
289300,5.000,0.308,1.542,0.127
289500,5.000,0.308,1.542,0.127
289700,5.000,0.309,1.542,0.127
289900,5.000,0.308,1.542,0.127
290100,5.000,0.309,1.545,0.127
290300,5.000,0.309,1.542,0.128
290500,5.000,0.309,1.542,0.128
290700,5.000,0.308,1.542,0.128
290900,5.000,0.309,1.545,0.128
291100,5.000,0.308,1.542,0.128
291300,5.000,0.308,1.542,0.128
291500,5.000,0.313,1.564,0.128
291700,5.000,0.326,1.629,0.128
291900,5.000,0.326,1.629,0.128
292100,5.000,0.308,1.542,0.128
292300,5.000,0.309,1.545,0.128
292500,5.000,0.308,1.542,0.128
292700,5.000,0.308,1.542,0.129
292900,5.000,0.308,1.545,0.129
293100,5.000,0.309,1.545,0.129
293300,5.000,0.308,1.542,0.129
293500,5.000,0.309,1.545,0.129
293700,5.000,0.309,1.545,0.129
293900,5.000,0.309,1.545,0.129
294100,5.000,0.309,1.545,0.129
294300,5.000,0.308,1.542,0.129
294500,5.000,0.308,1.542,0.129
294700,5.000,0.308,1.542,0.129
294900,5.000,0.308,1.542,0.130
295100,5.000,0.308,1.542,0.130
295300,5.000,0.309,1.545,0.130
295500,5.000,0.308,1.542,0.130
295700,5.000,0.309,1.545,0.130
295900,5.000,0.309,1.545,0.130
296100,5.000,0.308,1.542,0.130
296300,5.000,0.308,1.542,0.130
296500,5.000,0.309,1.545,0.130
296700,5.000,0.309,1.545,0.130
296900,5.000,0.309,1.545,0.130
297100,5.000,0.309,1.545,0.131
297300,5.000,0.309,1.545,0.131
297500,5.000,0.308,1.542,0.131
297700,5.000,0.308,1.542,0.131
297900,5.000,0.309,1.549,0.131
298100,5.000,0.308,1.542,0.131
298300,5.000,0.308,1.542,0.131
298500,5.000,0.308,1.542,0.131
