300,5.000,0.337,1.690,0.000
500,5.000,0.323,1.614,0.000
700,5.000,0.323,1.614,0.000
900,5.000,0.323,1.618,0.000
1100,5.000,0.322,1.610,0.000
1300,5.000,0.322,1.614,0.000
1500,5.000,0.322,1.610,0.000
1700,5.000,0.322,1.610,0.000
1900,5.000,0.322,1.610,0.000
2100,5.000,0.322,1.610,0.000
2300,5.000,0.323,1.614,0.000
2500,5.000,0.323,1.614,0.001
2700,5.000,0.322,1.614,0.001
2900,5.000,0.322,1.614,0.001
3100,5.000,0.322,1.614,0.001
3300,5.000,0.323,1.614,0.001
3500,5.000,0.322,1.614,0.001
3700,5.000,0.322,1.614,0.001
3900,5.000,0.322,1.614,0.001
4100,5.000,0.322,1.614,0.001
4300,5.000,0.323,1.614,0.001
4500,5.000,0.327,1.633,0.002
4700,5.000,0.322,1.610,0.002
4900,5.000,0.322,1.610,0.002
5100,5.000,0.322,1.610,0.002
5300,5.000,0.322,1.610,0.002
5500,5.000,0.322,1.610,0.002
5700,5.000,0.322,1.610,0.002
5900,5.000,0.323,1.614,0.002
6100,5.000,0.322,1.614,0.002
6300,5.000,0.322,1.614,0.002
6500,5.000,0.322,1.614,0.002
6700,5.000,0.322,1.614,0.003
6900,5.000,0.322,1.614,0.003
7100,5.000,0.322,1.614,0.003
7300,5.000,0.323,1.614,0.003
7500,5.000,0.323,1.614,0.003
7700,5.000,0.323,1.614,0.003
7900,5.000,0.322,1.614,0.003
8100,5.000,0.322,1.610,0.003
8300,5.000,0.322,1.614,0.003
8500,5.000,0.322,1.614,0.003
8700,5.000,0.322,1.614,0.003
8900,5.000,0.322,1.610,0.004
9100,5.000,0.323,1.614,0.004
9300,5.000,0.323,1.614,0.004
9500,5.000,0.323,1.614,0.004
9700,5.000,0.322,1.614,0.004
9900,5.000,0.322,1.610,0.004
10100,5.000,0.323,1.614,0.004
10300,5.000,0.323,1.614,0.004
10500,5.000,0.323,1.614,0.004
10700,5.000,0.322,1.614,0.004
10900,5.000,0.322,1.614,0.004
11100,5.000,0.323,1.614,0.005
11300,5.000,0.323,1.614,0.005
11500,5.000,0.322,1.614,0.005
11700,5.000,0.322,1.614,0.005
11900,5.000,0.322,1.614,0.005
12100,5.000,0.322,1.614,0.005
12300,5.000,0.322,1.614,0.005
12500,5.000,0.322,1.614,0.005
12700,5.000,0.322,1.614,0.005
12900,5.000,0.322,1.614,0.005
13100,5.000,0.322,1.610,0.005
13300,5.000,0.322,1.614,0.006
13500,5.000,0.322,1.614,0.006
13700,5.000,0.322,1.610,0.006
13900,5.000,0.322,1.614,0.006
14100,5.000,0.322,1.614,0.006
14300,5.000,0.322,1.610,0.006
14500,5.000,0.325,1.625,0.006
14700,5.000,0.323,1.614,0.006
14900,5.000,0.323,1.614,0.006
15100,5.000,0.323,1.614,0.006
15300,5.000,0.322,1.614,0.006
15500,5.000,0.322,1.610,0.007
15700,5.000,0.322,1.610,0.007
15900,5.000,0.322,1.610,0.007
16100,5.000,0.323,1.614,0.007
16300,5.000,0.323,1.614,0.007
16500,5.000,0.323,1.614,0.007
16700,5.000,0.322,1.614,0.007
16900,5.000,0.322,1.610,0.007
17100,5.000,0.322,1.614,0.007
17300,5.000,0.322,1.614,0.007
17500,5.000,0.322,1.614,0.007
17700,5.000,0.322,1.610,0.008
17900,5.000,0.323,1.614,0.008
18100,5.000,0.323,1.614,0.008
18300,5.000,0.323,1.614,0.008
18500,5.000,0.323,1.614,0.008
18700,5.000,0.322,1.614,0.008
18900,5.000,0.323,1.614,0.008
19100,5.000,0.323,1.614,0.008
19300,5.000,0.322,1.614,0.008
19500,5.000,0.322,1.614,0.008
19700,5.000,0.322,1.614,0.009
19900,5.000,0.323,1.614,0.009
20100,5.000,0.323,1.614,0.009
20300,5.000,0.322,1.614,0.009
20500,5.000,0.322,1.614,0.009
20700,5.000,0.322,1.610,0.009
20900,5.000,0.322,1.614,0.009
21100,5.000,0.322,1.614,0.009
21300,5.000,0.322,1.614,0.009
21500,5.000,0.322,1.610,0.009
21700,5.000,0.322,1.614,0.009
21900,5.000,0.322,1.614,0.010
22100,5.000,0.323,1.614,0.010
22300,5.000,0.323,1.614,0.010
22500,5.000,0.322,1.614,0.010
22700,5.000,0.322,1.614,0.010
22900,5.000,0.322,1.614,0.010
23100,5.000,0.322,1.614,0.010
23300,5.000,0.323,1.614,0.010
23500,5.000,0.323,1.614,0.010
23700,5.000,0.323,1.614,0.010
23900,5.000,0.322,1.614,0.010
24100,5.000,0.323,1.614,0.011
24300,5.000,0.322,1.614,0.011
24500,5.000,0.322,1.614,0.011
24700,5.000,0.322,1.614,0.011
24900,5.000,0.322,1.614,0.011
25100,5.000,0.322,1.614,0.011
25300,5.000,0.323,1.614,0.011
25500,5.000,0.323,1.614,0.011
25700,5.000,0.323,1.614,0.011
25900,5.000,0.323,1.614,0.011
26100,5.000,0.323,1.614,0.011
26300,5.000,0.322,1.614,0.012
26500,5.000,0.322,1.614,0.012
26700,5.000,0.323,1.614,0.012
26900,5.000,0.323,1.614,0.012
27100,5.000,0.323,1.614,0.012
27300,5.000,0.323,1.614,0.012
27500,5.000,0.322,1.614,0.012
27700,5.000,0.322,1.614,0.012
27900,5.000,0.322,1.614,0.012
28100,5.000,0.322,1.614,0.012
28300,5.000,0.322,1.614,0.012
28500,5.000,0.322,1.614,0.013
28700,5.000,0.322,1.614,0.013
28900,5.000,0.323,1.614,0.013
29100,5.000,0.323,1.614,0.013
29300,5.000,0.323,1.614,0.013
29500,5.000,0.322,1.614,0.013
29700,5.000,0.322,1.614,0.013
29900,5.000,0.322,1.610,0.013
30100,5.000,0.322,1.610,0.013
30300,5.000,0.323,1.614,0.013
30500,5.000,0.323,1.614,0.013
30700,5.000,0.323,1.614,0.014
30900,5.000,0.323,1.614,0.014
31100,5.000,0.322,1.614,0.014
31300,5.000,0.322,1.610,0.014
31500,5.000,0.322,1.610,0.014
31700,5.000,0.322,1.610,0.014
31900,5.000,0.322,1.614,0.014
32100,5.000,0.322,1.614,0.014
32300,5.000,0.322,1.614,0.014
32500,5.000,0.323,1.618,0.014
32700,5.000,0.322,1.614,0.015
32900,5.000,0.322,1.614,0.015
33100,5.000,0.322,1.614,0.015
33300,5.000,0.322,1.614,0.015
33500,5.000,0.322,1.610,0.015
33700,5.000,0.322,1.614,0.015
33900,5.000,0.322,1.614,0.015
34100,5.000,0.325,1.625,0.015
34300,5.000,0.323,1.618,0.015
34500,5.000,0.322,1.614,0.015
34700,5.000,0.322,1.614,0.015
34900,5.000,0.322,1.610,0.016
35100,5.000,0.322,1.614,0.016
35300,5.000,0.322,1.614,0.016
35500,5.000,0.322,1.614,0.016
35700,5.000,0.323,1.614,0.016
35900,5.000,0.322,1.614,0.016
36100,5.000,0.322,1.614,0.016
36300,5.000,0.323,1.614,0.016
36500,5.000,0.323,1.614,0.016
36700,5.000,0.322,1.614,0.016
36900,5.000,0.322,1.610,0.016
37100,5.000,0.322,1.610,0.017
37300,5.000,0.322,1.614,0.017
37500,5.000,0.323,1.614,0.017
37700,5.000,0.323,1.614,0.017
37900,5.000,0.323,1.614,0.017
38100,5.000,0.322,1.614,0.017
38300,5.000,0.322,1.614,0.017
38500,5.000,0.323,1.614,0.017
38700,5.000,0.323,1.614,0.017
38900,5.000,0.322,1.614,0.017
39100,5.000,0.322,1.610,0.017
39300,5.000,0.347,1.736,0.018
39500,5.000,0.327,1.637,0.018
39700,5.000,0.327,1.637,0.018
39900,5.000,0.322,1.610,0.018
40100,5.000,0.322,1.614,0.018
40300,5.000,0.322,1.614,0.018
40500,5.000,0.322,1.614,0.018
40700,5.000,0.323,1.614,0.018
40900,5.000,0.322,1.614,0.018
41100,5.000,0.322,1.614,0.018
41300,5.000,0.322,1.614,0.018
41500,5.000,0.322,1.614,0.019
41700,5.000,0.322,1.614,0.019
41900,5.000,0.322,1.614,0.019
42100,5.000,0.322,1.614,0.019
42300,5.000,0.323,1.614,0.019
42500,5.000,0.322,1.614,0.019
42700,5.000,0.322,1.614,0.019
42900,5.000,0.322,1.614,0.019
43100,5.000,0.323,1.618,0.019
43300,5.000,0.322,1.614,0.019
43500,5.000,0.322,1.614,0.020
43700,5.000,0.323,1.614,0.020
43900,5.000,0.322,1.610,0.020
44100,5.000,0.323,1.618,0.020
44300,5.000,0.323,1.618,0.020
44500,5.000,0.322,1.614,0.020
44700,5.000,0.322,1.610,0.020
44900,5.000,0.322,1.610,0.020
45100,5.000,0.322,1.614,0.020
45300,5.000,0.322,1.614,0.020
45500,5.000,0.322,1.614,0.020
45700,5.000,0.322,1.614,0.020
45900,5.000,0.322,1.610,0.021
46100,5.000,0.323,1.614,0.021
46300,5.000,0.323,1.618,0.021
46500,5.000,0.323,1.614,0.021
46700,5.000,0.323,1.614,0.021
46900,5.000,0.322,1.614,0.021
47100,5.000,0.323,1.614,0.021
47300,5.000,0.322,1.614,0.021
47500,5.000,0.322,1.614,0.021
47700,5.000,0.322,1.614,0.021
47900,5.000,0.322,1.614,0.022
48100,5.000,0.322,1.614,0.022
48300,5.000,0.322,1.614,0.022
48500,5.000,0.322,1.610,0.022
48700,5.000,0.322,1.614,0.022
48900,5.000,0.322,1.614,0.022
49100,5.000,0.322,1.610,0.022
49300,5.000,0.322,1.614,0.022
49500,5.000,0.322,1.610,0.022
49700,5.000,0.322,1.614,0.022
49900,5.000,0.322,1.614,0.022
50100,5.000,0.323,1.618,0.023
50300,5.000,0.323,1.614,0.023
50500,5.000,0.322,1.610,0.023
50700,5.000,0.322,1.610,0.023
50900,5.000,0.323,1.614,0.023
51100,5.000,0.323,1.614,0.023
51300,5.000,0.323,1.614,0.023
51500,5.000,0.323,1.614,0.023
51700,5.000,0.322,1.614,0.023
51900,5.000,0.323,1.614,0.023
52100,5.000,0.323,1.614,0.023
52300,5.000,0.323,1.614,0.024
52500,5.000,0.322,1.610,0.024
52700,5.000,0.322,1.610,0.024
52900,5.000,0.322,1.610,0.024
53100,5.000,0.323,1.618,0.024
53300,5.000,0.325,1.625,0.024
53500,5.000,0.323,1.614,0.024
53700,5.000,0.323,1.614,0.024
53900,5.000,0.323,1.614,0.024
54100,5.000,0.323,1.614,0.024
54300,5.000,0.323,1.614,0.024
54500,5.000,0.323,1.614,0.025
54700,5.000,0.322,1.614,0.025
54900,5.000,0.323,1.618,0.025
55100,5.000,0.323,1.614,0.025
55300,5.000,0.323,1.614,0.025
55500,5.000,0.322,1.614,0.025
55700,5.000,0.322,1.614,0.025
55900,5.000,0.322,1.614,0.025
56100,5.000,0.323,1.614,0.025
56300,5.000,0.323,1.614,0.025
56500,5.000,0.322,1.614,0.026
56700,5.000,0.323,1.614,0.026
56900,5.000,0.323,1.614,0.026
57100,5.000,0.323,1.614,0.026
57300,5.000,0.323,1.614,0.026
57500,5.000,0.322,1.614,0.026
57700,5.000,0.322,1.614,0.026
57900,5.000,0.323,1.614,0.026
58100,5.000,0.322,1.614,0.026
58300,5.000,0.323,1.614,0.026
58500,5.000,0.323,1.614,0.026
58700,5.000,0.323,1.614,0.027
58900,5.000,0.322,1.614,0.027
59100,5.000,0.322,1.614,0.027
59300,5.000,0.323,1.614,0.027
59500,5.000,0.322,1.614,0.027
59700,5.000,0.322,1.610,0.027
59900,5.000,0.322,1.610,0.027
60100,5.000,0.323,1.618,0.027
60300,5.000,0.323,1.614,0.027
60500,5.000,0.323,1.614,0.027
60700,5.000,0.323,1.614,0.027
60900,5.000,0.323,1.614,0.028
61100,5.000,0.323,1.614,0.028
61300,5.000,0.322,1.614,0.028
61500,5.000,0.322,1.610,0.028
61700,5.000,0.322,1.610,0.028
61900,5.000,0.323,1.614,0.028
62100,5.000,0.323,1.614,0.028
62300,5.000,0.323,1.614,0.028
62500,5.000,0.323,1.614,0.028
62700,5.000,0.323,1.618,0.028
62900,5.000,0.323,1.614,0.028
63100,5.000,0.323,1.614,0.029
63300,5.000,0.322,1.614,0.029
63500,5.000,0.322,1.614,0.029
63700,5.000,0.323,1.614,0.029
63900,5.000,0.323,1.614,0.029
64100,5.000,0.323,1.614,0.029
64300,5.000,0.323,1.614,0.029
64500,5.000,0.323,1.614,0.029
64700,5.000,0.323,1.614,0.029
64900,5.000,0.323,1.614,0.029
65100,5.000,0.322,1.614,0.029
65300,5.000,0.322,1.610,0.030
65500,5.000,0.322,1.610,0.030
65700,5.000,0.323,1.614,0.030
65900,5.000,0.322,1.614,0.030
66100,5.000,0.322,1.614,0.030
66300,5.000,0.322,1.614,0.030
66500,5.000,0.322,1.614,0.030
66700,5.000,0.322,1.610,0.030
66900,5.000,0.322,1.610,0.030
67100,5.000,0.322,1.614,0.030
67300,5.000,0.322,1.614,0.030
67500,5.000,0.322,1.610,0.031
67700,5.000,0.323,1.614,0.031
67900,5.000,0.323,1.614,0.031
68100,5.000,0.323,1.618,0.031
68300,5.000,0.323,1.614,0.031
68500,5.000,0.322,1.610,0.031
68700,5.000,0.322,1.610,0.031
68900,5.000,0.322,1.614,0.031
69100,5.000,0.323,1.614,0.031
69300,5.000,0.322,1.614,0.031
69500,5.000,0.322,1.614,0.031
69700,5.000,0.323,1.614,0.032
69900,5.000,0.323,1.614,0.032
70100,5.000,0.323,1.614,0.032
70300,5.000,0.323,1.618,0.032
70500,5.000,0.322,1.614,0.032
70700,5.000,0.322,1.614,0.032
70900,5.000,0.322,1.614,0.032
71100,5.000,0.322,1.614,0.032
71300,5.000,0.323,1.614,0.032
71500,5.000,0.323,1.618,0.032
71700,5.000,0.323,1.614,0.033
71900,5.000,0.323,1.614,0.033
72100,5.000,0.322,1.614,0.033
72300,5.000,0.322,1.614,0.033
72500,5.000,0.322,1.614,0.033
72700,5.000,0.322,1.614,0.033
72900,5.000,0.323,1.618,0.033
73100,5.000,0.323,1.614,0.033
73300,5.000,0.323,1.614,0.033
73500,5.000,0.323,1.618,0.033
73700,5.000,0.323,1.614,0.033
73900,5.000,0.323,1.614,0.034
74100,5.000,0.323,1.614,0.034
74300,5.000,0.323,1.614,0.034
74500,5.000,0.322,1.614,0.034
74700,5.000,0.322,1.614,0.034
74900,5.000,0.323,1.614,0.034
75100,5.000,0.323,1.614,0.034
75300,5.000,0.323,1.614,0.034
75500,5.000,0.322,1.610,0.034
75700,5.000,0.322,1.614,0.034
75900,5.000,0.322,1.614,0.034
76100,5.000,0.322,1.614,0.035
76300,5.000,0.323,1.614,0.035
76500,5.000,0.323,1.614,0.035
76700,5.000,0.322,1.610,0.035
76900,5.000,0.323,1.614,0.035
77100,5.000,0.323,1.614,0.035
77300,5.000,0.323,1.614,0.035
77500,5.000,0.322,1.614,0.035
77700,5.000,0.322,1.614,0.035
77900,5.000,0.322,1.614,0.035
78100,5.000,0.323,1.614,0.035
78300,5.000,0.323,1.614,0.036
78500,5.000,0.323,1.618,0.036
78700,5.000,0.323,1.614,0.036
78900,5.000,0.323,1.614,0.036
79100,5.000,0.323,1.614,0.036
79300,5.000,0.323,1.614,0.036
79500,5.000,0.323,1.614,0.036
79700,5.000,0.323,1.614,0.036
79900,5.000,0.323,1.614,0.036
80100,5.000,0.323,1.614,0.036
80300,5.000,0.323,1.614,0.036
80500,5.000,0.323,1.614,0.037
80700,5.000,0.323,1.618,0.037
80900,5.000,0.323,1.614,0.037
81100,5.000,0.322,1.614,0.037
81300,5.000,0.322,1.610,0.037
81500,5.000,0.322,1.610,0.037
81700,5.000,0.322,1.610,0.037
81900,5.000,0.322,1.614,0.037
82100,5.000,0.322,1.614,0.037
82300,5.000,0.323,1.618,0.037
82500,5.000,0.324,1.622,0.037
82700,5.000,0.322,1.614,0.038
82900,5.000,0.322,1.614,0.038
83100,5.000,0.322,1.614,0.038
83300,5.000,0.323,1.618,0.038
83500,5.000,0.322,1.614,0.038
83700,5.000,0.322,1.614,0.038
83900,5.000,0.322,1.614,0.038
84100,5.000,0.323,1.614,0.038
84300,5.000,0.323,1.614,0.038
84500,5.000,0.322,1.614,0.038
84700,5.000,0.322,1.614,0.039
84900,5.000,0.322,1.614,0.039
85100,5.000,0.322,1.610,0.039
85300,5.000,0.322,1.610,0.039
85500,5.000,0.322,1.614,0.039
85700,5.000,0.323,1.614,0.039
85900,5.000,0.323,1.614,0.039
86100,5.000,0.323,1.614,0.039
86300,5.000,0.322,1.614,0.039
86500,5.000,0.322,1.614,0.039
86700,5.000,0.323,1.618,0.039
86900,5.000,0.323,1.618,0.040
87100,5.000,0.323,1.614,0.040
87300,5.000,0.323,1.614,0.040
87500,5.000,0.323,1.614,0.040
87700,5.000,0.323,1.614,0.040
87900,5.000,0.323,1.614,0.040
88100,5.000,0.322,1.614,0.040
88300,5.000,0.322,1.610,0.040
88500,5.000,0.322,1.610,0.040
88700,5.000,0.322,1.610,0.040
88900,5.000,0.323,1.618,0.040
89100,5.000,0.323,1.618,0.041
89300,5.000,0.323,1.618,0.041
89500,5.000,0.322,1.614,0.041
89700,5.000,0.322,1.610,0.041
89900,5.000,0.322,1.610,0.041
90100,5.000,0.322,1.614,0.041
90300,5.000,0.323,1.618,0.041
90500,5.000,0.322,1.610,0.041
90700,5.000,0.322,1.610,0.041
90900,5.000,0.323,1.614,0.041
91100,5.000,0.323,1.618,0.041
91300,5.000,0.323,1.614,0.042
91500,5.000,0.322,1.614,0.042
91700,5.000,0.322,1.614,0.042
91900,5.000,0.322,1.610,0.042
92100,5.000,0.323,1.618,0.042
92300,5.000,0.323,1.614,0.042
92500,5.000,0.323,1.614,0.042
92700,5.000,0.323,1.614,0.042
92900,5.000,0.323,1.614,0.042
93100,5.000,0.323,1.614,0.042
93300,5.000,0.323,1.614,0.042
93500,5.000,0.322,1.614,0.043
93700,5.000,0.323,1.618,0.043
93900,5.000,0.323,1.618,0.043
94100,5.000,0.323,1.614,0.043
94300,5.000,0.323,1.614,0.043
94500,5.000,0.323,1.614,0.043
94700,5.000,0.323,1.614,0.043
94900,5.000,0.323,1.618,0.043
95100,5.000,0.323,1.614,0.043
95300,5.000,0.323,1.614,0.043
95500,5.000,0.322,1.614,0.044
95700,5.000,0.322,1.614,0.044
95900,5.000,0.323,1.614,0.044
96100,5.000,0.323,1.618,0.044
96300,5.000,0.323,1.618,0.044
96500,5.000,0.323,1.614,0.044
96700,5.000,0.323,1.614,0.044
96900,5.000,0.322,1.614,0.044
97100,5.000,0.322,1.614,0.044
97300,5.000,0.325,1.625,0.044
97500,5.000,0.322,1.614,0.044
97700,5.000,0.345,1.725,0.044
97900,5.000,0.345,1.725,0.045
98100,5.000,0.326,1.629,0.045
98300,5.000,0.323,1.614,0.045
98500,5.000,0.323,1.614,0.045
98700,5.000,0.323,1.614,0.045
98900,5.000,0.323,1.614,0.045
99100,5.000,0.323,1.618,0.045
99300,5.000,0.322,1.614,0.045
99500,5.000,0.322,1.614,0.045
99700,5.000,0.323,1.614,0.045
99900,5.000,0.323,1.614,0.046
100100,5.000,0.323,1.614,0.046
100300,5.000,0.323,1.614,0.046
100500,5.000,0.323,1.614,0.046
100700,5.000,0.323,1.618,0.046
100900,5.000,0.323,1.618,0.046
101100,5.000,0.323,1.618,0.046
101300,5.000,0.322,1.610,0.046
101500,5.000,0.322,1.614,0.046
101700,5.000,0.323,1.614,0.046
101900,5.000,0.323,1.614,0.046
102100,5.000,0.324,1.622,0.047
102300,5.000,0.323,1.614,0.047
102500,5.000,0.323,1.618,0.047
102700,5.000,0.323,1.618,0.047
102900,5.000,0.323,1.618,0.047
103100,5.000,0.323,1.614,0.047
103300,5.000,0.322,1.610,0.047
103500,5.000,0.322,1.610,0.047
103700,5.000,0.323,1.614,0.047
103900,5.000,0.323,1.614,0.047
104100,5.000,0.323,1.614,0.047
104300,5.000,0.323,1.618,0.048
104500,5.000,0.323,1.614,0.048
104700,5.000,0.323,1.614,0.048
104900,5.000,0.323,1.614,0.048
105100,5.000,0.322,1.614,0.048
105300,5.000,0.322,1.610,0.048
105500,5.000,0.323,1.618,0.048
105700,5.000,0.323,1.614,0.048
105900,5.000,0.323,1.614,0.048
106100,5.000,0.323,1.618,0.048
106300,5.000,0.323,1.614,0.048
106500,5.000,0.323,1.614,0.049
106700,5.000,0.323,1.614,0.049
106900,5.000,0.323,1.614,0.049
107100,5.000,0.323,1.614,0.049
107300,5.000,0.323,1.614,0.049
107500,5.000,0.323,1.614,0.049
107700,5.000,0.323,1.614,0.049
107900,5.000,0.323,1.614,0.049
108100,5.000,0.323,1.614,0.049
108300,5.000,0.323,1.614,0.049
108500,5.000,0.323,1.614,0.049
108700,5.000,0.323,1.614,0.050
108900,5.000,0.322,1.614,0.050
109100,5.000,0.322,1.614,0.050
109300,5.000,0.322,1.614,0.050
109500,5.000,0.323,1.614,0.050
109700,5.000,0.323,1.618,0.050
109900,5.000,0.323,1.618,0.050
110100,5.000,0.322,1.614,0.050
110300,5.000,0.322,1.614,0.050
110500,5.000,0.322,1.614,0.050
110700,5.000,0.323,1.614,0.051
110900,5.000,0.323,1.618,0.051
111100,5.000,0.323,1.614,0.051
111300,5.000,0.323,1.614,0.051
111500,5.000,0.323,1.618,0.051
111700,5.000,0.325,1.625,0.051
111900,5.000,0.323,1.614,0.051
112100,5.000,0.322,1.614,0.051
112300,5.000,0.322,1.614,0.051
112500,5.000,0.322,1.610,0.051
112700,5.000,0.322,1.614,0.051
112900,5.000,0.323,1.614,0.052
113100,5.000,0.323,1.614,0.052
113300,5.000,0.323,1.618,0.052
113500,5.000,0.322,1.610,0.052
113700,5.000,0.322,1.610,0.052
113900,5.000,0.322,1.614,0.052
114100,5.000,0.323,1.614,0.052
114300,5.000,0.323,1.618,0.052
114500,5.000,0.323,1.618,0.052
114700,5.000,0.323,1.614,0.052
114900,5.000,0.323,1.614,0.052
115100,5.000,0.323,1.614,0.053
115300,5.000,0.323,1.618,0.053
115500,5.000,0.323,1.614,0.053
115700,5.000,0.322,1.614,0.053
115900,5.000,0.323,1.614,0.053
116100,5.000,0.323,1.614,0.053
116300,5.000,0.322,1.614,0.053
116500,5.000,0.322,1.614,0.053
116700,5.000,0.323,1.614,0.053
116900,5.000,0.323,1.614,0.053
117100,5.000,0.323,1.614,0.053
117300,5.000,0.322,1.614,0.054
117500,5.000,0.322,1.614,0.054
117700,5.000,0.322,1.614,0.054
117900,5.000,0.323,1.614,0.054
118100,5.000,0.323,1.614,0.054
118300,5.000,0.323,1.614,0.054
118500,5.000,0.323,1.614,0.054
118700,5.000,0.323,1.614,0.054
118900,5.000,0.323,1.614,0.054
119100,5.000,0.322,1.614,0.054
119300,5.000,0.322,1.614,0.055
119500,5.000,0.322,1.614,0.055
119700,5.000,0.322,1.614,0.055
119900,5.000,0.323,1.614,0.055
120100,5.000,0.323,1.614,0.055
120300,5.000,0.323,1.614,0.055
120500,5.000,0.323,1.614,0.055
120700,5.000,0.322,1.614,0.055
120900,5.000,0.322,1.614,0.055
121100,5.000,0.322,1.614,0.055
121300,5.000,0.322,1.614,0.055
121500,5.000,0.322,1.614,0.055
121700,5.000,0.323,1.618,0.056
121900,5.000,0.323,1.614,0.056
122100,5.000,0.323,1.614,0.056
122300,5.000,0.323,1.614,0.056
122500,5.000,0.323,1.614,0.056
122700,5.000,0.323,1.614,0.056
122900,5.000,0.323,1.618,0.056
123100,5.000,0.322,1.610,0.056
123300,5.000,0.322,1.610,0.056
123500,5.000,0.322,1.610,0.056
123700,5.000,0.323,1.614,0.057
123900,5.000,0.323,1.618,0.057
124100,5.000,0.323,1.618,0.057
124300,5.000,0.322,1.614,0.057
124500,5.000,0.322,1.610,0.057
124700,5.000,0.322,1.610,0.057
124900,5.000,0.323,1.614,0.057
125100,5.000,0.323,1.614,0.057
125300,5.000,0.322,1.610,0.057
125500,5.000,0.322,1.610,0.057
125700,5.000,0.323,1.614,0.057
125900,5.000,0.323,1.614,0.058
126100,5.000,0.322,1.614,0.058
126300,5.000,0.323,1.614,0.058
126500,5.000,0.323,1.614,0.058
126700,5.000,0.322,1.614,0.058
126900,5.000,0.323,1.614,0.058
127100,5.000,0.323,1.614,0.058
127300,5.000,0.323,1.614,0.058
127500,5.000,0.323,1.614,0.058
127700,5.000,0.326,1.629,0.058
127900,5.000,0.326,1.629,0.058
128100,5.000,0.332,1.660,0.059
128300,5.000,0.323,1.614,0.059
128500,5.000,0.323,1.614,0.059
128700,5.000,0.323,1.614,0.059
128900,5.000,0.323,1.614,0.059
129100,5.000,0.323,1.614,0.059
129300,5.000,0.323,1.614,0.059
129500,5.000,0.323,1.618,0.059
129700,5.000,0.322,1.614,0.059
129900,5.000,0.323,1.618,0.059
130100,5.000,0.323,1.614,0.059
130300,5.000,0.323,1.614,0.060
130500,5.000,0.322,1.614,0.060
130700,5.000,0.323,1.614,0.060
130900,5.000,0.323,1.618,0.060
131100,5.000,0.323,1.618,0.060
131300,5.000,0.325,1.625,0.060
131500,5.000,0.322,1.614,0.060
131700,5.000,0.323,1.614,0.060
131900,5.000,0.323,1.614,0.060
132100,5.000,0.323,1.614,0.060
132300,5.000,0.322,1.614,0.060
132500,5.000,0.322,1.614,0.061
132700,5.000,0.323,1.618,0.061
132900,5.000,0.323,1.614,0.061
133100,5.000,0.323,1.614,0.061
133300,5.000,0.322,1.614,0.061
133500,5.000,0.322,1.614,0.061
133700,5.000,0.322,1.614,0.061
133900,5.000,0.323,1.614,0.061
134100,5.000,0.323,1.614,0.061
134300,5.000,0.323,1.614,0.061
134500,5.000,0.323,1.618,0.062
134700,5.000,0.323,1.614,0.062
134900,5.000,0.322,1.614,0.062
135100,5.000,0.322,1.614,0.062
135300,5.000,0.322,1.610,0.062
135500,5.000,0.322,1.614,0.062
135700,5.000,0.322,1.614,0.062
135900,5.000,0.322,1.614,0.062
136100,5.000,0.323,1.614,0.062
136300,5.000,0.323,1.614,0.062
136500,5.000,0.323,1.614,0.062
136700,5.000,0.323,1.618,0.063
136900,5.000,0.323,1.614,0.063
137100,5.000,0.322,1.614,0.063
137300,5.000,0.322,1.614,0.063
137500,5.000,0.322,1.614,0.063
137700,5.000,0.323,1.614,0.063
137900,5.000,0.323,1.614,0.063
138100,5.000,0.323,1.614,0.063
138300,5.000,0.323,1.614,0.063
138500,5.000,0.323,1.614,0.063
138700,5.000,0.323,1.614,0.063
138900,5.000,0.323,1.614,0.064
139100,5.000,0.322,1.614,0.064
139300,5.000,0.322,1.614,0.064
139500,5.000,0.322,1.614,0.064
139700,5.000,0.322,1.614,0.064
139900,5.000,0.323,1.618,0.064
140100,5.000,0.323,1.614,0.064
140300,5.000,0.323,1.614,0.064
140500,5.000,0.323,1.614,0.064
140700,5.000,0.323,1.614,0.064
140900,5.000,0.322,1.614,0.064
141100,5.000,0.322,1.614,0.065
141300,5.000,0.322,1.614,0.065
141500,5.000,0.323,1.614,0.065
141700,5.000,0.323,1.614,0.065
141900,5.000,0.323,1.614,0.065
142100,5.000,0.323,1.614,0.065
142300,5.000,0.322,1.614,0.065
142500,5.000,0.323,1.614,0.065
142700,5.000,0.322,1.614,0.065
142900,5.000,0.322,1.614,0.065
143100,5.000,0.322,1.610,0.065
143300,5.000,0.323,1.614,0.066
143500,5.000,0.323,1.614,0.066
143700,5.000,0.323,1.618,0.066
143900,5.000,0.323,1.618,0.066
144100,5.000,0.322,1.614,0.066
144300,5.000,0.323,1.614,0.066
144500,5.000,0.323,1.614,0.066
144700,5.000,0.322,1.614,0.066
144900,5.000,0.322,1.614,0.066
145100,5.000,0.322,1.614,0.066
145300,5.000,0.322,1.614,0.066
145500,5.000,0.323,1.618,0.067
145700,5.000,0.323,1.614,0.067
145900,5.000,0.323,1.614,0.067
146100,5.000,0.323,1.614,0.067
146300,5.000,0.323,1.614,0.067
146500,5.000,0.323,1.614,0.067
146700,5.000,0.323,1.614,0.067
146900,5.000,0.323,1.618,0.067
147100,5.000,0.323,1.614,0.067
147300,5.000,0.322,1.614,0.067
147500,5.000,0.323,1.618,0.068
147700,5.000,0.323,1.618,0.068
147900,5.000,0.322,1.614,0.068
148100,5.000,0.322,1.614,0.068
148300,5.000,0.322,1.614,0.068
148500,5.000,0.322,1.614,0.068
148700,5.000,0.323,1.618,0.068
148900,5.000,0.323,1.614,0.068
149100,5.000,0.322,1.614,0.068
149300,5.000,0.322,1.614,0.068
149500,5.000,0.322,1.614,0.068
149700,5.000,0.323,1.614,0.069
149900,5.000,0.323,1.614,0.069
150100,5.000,0.323,1.614,0.069
150300,5.000,0.323,1.614,0.069
150500,5.000,0.324,1.622,0.069
150700,5.000,0.323,1.618,0.069
150900,5.000,0.323,1.618,0.069
151100,5.000,0.323,1.618,0.069
151300,5.000,0.323,1.614,0.069
151500,5.000,0.323,1.614,0.069
151700,5.000,0.323,1.614,0.069
151900,5.000,0.323,1.614,0.070
152100,5.000,0.323,1.614,0.070
152300,5.000,0.323,1.614,0.070
152500,5.000,0.323,1.614,0.070
152700,5.000,0.323,1.614,0.070
152900,5.000,0.322,1.610,0.070
153100,5.000,0.322,1.610,0.070
153300,5.000,0.323,1.614,0.070
153500,5.000,0.322,1.614,0.070
153700,5.000,0.323,1.614,0.070
153900,5.000,0.323,1.614,0.070
154100,5.000,0.323,1.618,0.071
154300,5.000,0.323,1.614,0.071
154500,5.000,0.323,1.614,0.071
154700,5.000,0.323,1.618,0.071
154900,5.000,0.323,1.618,0.071
155100,5.000,0.322,1.614,0.071
155300,5.000,0.322,1.610,0.071
155500,5.000,0.322,1.610,0.071
155700,5.000,0.323,1.614,0.071
155900,5.000,0.323,1.614,0.071
156100,5.000,0.347,1.732,0.071
156300,5.000,0.347,1.732,0.072
156500,5.000,0.327,1.637,0.072
156700,5.000,0.323,1.614,0.072
156900,5.000,0.323,1.618,0.072
157100,5.000,0.323,1.618,0.072
157300,5.000,0.323,1.618,0.072
157500,5.000,0.323,1.618,0.072
157700,5.000,0.323,1.614,0.072
157900,5.000,0.323,1.618,0.072
158100,5.000,0.323,1.618,0.072
158300,5.000,0.323,1.614,0.073
158500,5.000,0.323,1.614,0.073
158700,5.000,0.323,1.614,0.073
158900,5.000,0.323,1.618,0.073
159100,5.000,0.323,1.614,0.073
159300,5.000,0.322,1.614,0.073
159500,5.000,0.322,1.614,0.073
159700,5.000,0.322,1.614,0.073
159900,5.000,0.323,1.618,0.073
160100,5.000,0.322,1.614,0.073
160300,5.000,0.322,1.614,0.073
160500,5.000,0.324,1.622,0.074
160700,5.000,0.323,1.618,0.074
160900,5.000,0.323,1.618,0.074
161100,5.000,0.323,1.618,0.074
161300,5.000,0.323,1.618,0.074
161500,5.000,0.322,1.614,0.074
161700,5.000,0.323,1.614,0.074
161900,5.000,0.323,1.614,0.074
162100,5.000,0.323,1.618,0.074
162300,5.000,0.323,1.618,0.074
162500,5.000,0.323,1.614,0.074
162700,5.000,0.323,1.614,0.075
162900,5.000,0.323,1.614,0.075
163100,5.000,0.323,1.614,0.075
163300,5.000,0.323,1.614,0.075
163500,5.000,0.323,1.614,0.075
163700,5.000,0.322,1.614,0.075
163900,5.000,0.323,1.618,0.075
164100,5.000,0.323,1.618,0.075
164300,5.000,0.323,1.614,0.075
164500,5.000,0.322,1.614,0.075
164700,5.000,0.323,1.614,0.075
164900,5.000,0.322,1.614,0.076
165100,5.000,0.322,1.614,0.076
165300,5.000,0.323,1.618,0.076
165500,5.000,0.323,1.614,0.076
165700,5.000,0.323,1.618,0.076
165900,5.000,0.323,1.618,0.076
166100,5.000,0.323,1.618,0.076
166300,5.000,0.323,1.614,0.076
166500,5.000,0.323,1.614,0.076
166700,5.000,0.323,1.614,0.076
166900,5.000,0.323,1.618,0.076
167100,5.000,0.322,1.614,0.077
167300,5.000,0.322,1.614,0.077
167500,5.000,0.323,1.614,0.077
167700,5.000,0.323,1.614,0.077
167900,5.000,0.323,1.614,0.077
168100,5.000,0.323,1.614,0.077
168300,5.000,0.323,1.614,0.077
168500,5.000,0.322,1.610,0.077
168700,5.000,0.322,1.610,0.077
168900,5.000,0.322,1.614,0.077
169100,5.000,0.322,1.614,0.077
169300,5.000,0.323,1.614,0.078
169500,5.000,0.323,1.614,0.078
169700,5.000,0.323,1.614,0.078
169900,5.000,0.323,1.618,0.078
170100,5.000,0.323,1.614,0.078
170300,5.000,0.323,1.614,0.078
170500,5.000,0.323,1.614,0.078
170700,5.000,0.323,1.618,0.078
170900,5.000,0.323,1.614,0.078
171100,5.000,0.322,1.614,0.078
171300,5.000,0.323,1.614,0.079
171500,5.000,0.323,1.614,0.079
171700,5.000,0.323,1.618,0.079
171900,5.000,0.323,1.614,0.079
172100,5.000,0.322,1.614,0.079
172300,5.000,0.322,1.614,0.079
172500,5.000,0.323,1.614,0.079
172700,5.000,0.323,1.614,0.079
172900,5.000,0.323,1.614,0.079
173100,5.000,0.323,1.614,0.079
173300,5.000,0.322,1.614,0.079
173500,5.000,0.323,1.614,0.080
173700,5.000,0.323,1.614,0.080
173900,5.000,0.323,1.614,0.080
174100,5.000,0.322,1.614,0.080
174300,5.000,0.322,1.614,0.080
174500,5.000,0.322,1.614,0.080
174700,5.000,0.323,1.614,0.080
174900,5.000,0.323,1.618,0.080
175100,5.000,0.323,1.614,0.080
175300,5.000,0.323,1.614,0.080
175500,5.000,0.323,1.614,0.080
175700,5.000,0.322,1.614,0.081
175900,5.000,0.322,1.614,0.081
176100,5.000,0.322,1.614,0.081
176300,5.000,0.322,1.614,0.081
176500,5.000,0.323,1.614,0.081
176700,5.000,0.322,1.614,0.081
176900,5.000,0.322,1.614,0.081
177100,5.000,0.322,1.614,0.081
177300,5.000,0.322,1.610,0.081
177500,5.000,0.322,1.610,0.081
177700,5.000,0.322,1.614,0.081
177900,5.000,0.322,1.614,0.082
178100,5.000,0.322,1.614,0.082
178300,5.000,0.323,1.618,0.082
178500,5.000,0.323,1.618,0.082
178700,5.000,0.323,1.618,0.082
178900,5.000,0.323,1.618,0.082
179100,5.000,0.322,1.610,0.082
179300,5.000,0.322,1.610,0.082
179500,5.000,0.323,1.614,0.082
179700,5.000,0.323,1.618,0.082
179900,5.000,0.323,1.618,0.082
180100,5.000,0.323,1.618,0.083
180300,5.000,0.322,1.610,0.083
180500,5.000,0.323,1.614,0.083
180700,5.000,0.323,1.614,0.083
180900,5.000,0.322,1.614,0.083
181100,5.000,0.322,1.610,0.083
181300,5.000,0.322,1.614,0.083
181500,5.000,0.322,1.614,0.083
181700,5.000,0.323,1.614,0.083
181900,5.000,0.323,1.618,0.083
182100,5.000,0.323,1.614,0.084
182300,5.000,0.323,1.614,0.084
182500,5.000,0.323,1.614,0.084
182700,5.000,0.323,1.618,0.084
182900,5.000,0.322,1.614,0.084
183100,5.000,0.322,1.614,0.084
183300,5.000,0.322,1.614,0.084
183500,5.000,0.323,1.618,0.084
183700,5.000,0.323,1.614,0.084
183900,5.000,0.323,1.614,0.084
184100,5.000,0.322,1.614,0.084
184300,5.000,0.322,1.614,0.084
184500,5.000,0.323,1.614,0.085
184700,5.000,0.323,1.614,0.085
184900,5.000,0.322,1.610,0.085
185100,5.000,0.322,1.610,0.085
185300,5.000,0.323,1.614,0.085
185500,5.000,0.323,1.614,0.085
185700,5.000,0.323,1.614,0.085
185900,5.000,0.323,1.614,0.085
186100,5.000,0.323,1.614,0.085
186300,5.000,0.322,1.614,0.085
186500,5.000,0.322,1.614,0.086
186700,5.000,0.323,1.614,0.086
186900,5.000,0.322,1.614,0.086
187100,5.000,0.322,1.614,0.086
187300,5.000,0.323,1.614,0.086
187500,5.000,0.323,1.614,0.086
187700,5.000,0.322,1.614,0.086
187900,5.000,0.322,1.614,0.086
188100,5.000,0.322,1.614,0.086
188300,5.000,0.322,1.614,0.086
188500,5.000,0.322,1.614,0.086
188700,5.000,0.322,1.614,0.087
188900,5.000,0.322,1.614,0.087
189100,5.000,0.323,1.614,0.087
189300,5.000,0.324,1.625,0.087
189500,5.000,0.324,1.625,0.087
189700,5.000,0.323,1.614,0.087
189900,5.000,0.322,1.614,0.087
190100,5.000,0.323,1.618,0.087
190300,5.000,0.323,1.618,0.087
190500,5.000,0.323,1.618,0.087
190700,5.000,0.323,1.618,0.087
190900,5.000,0.323,1.614,0.088
191100,5.000,0.323,1.614,0.088
191300,5.000,0.323,1.614,0.088
191500,5.000,0.323,1.614,0.088
191700,5.000,0.323,1.614,0.088
191900,5.000,0.322,1.614,0.088
192100,5.000,0.322,1.610,0.088
192300,5.000,0.323,1.614,0.088
192500,5.000,0.323,1.614,0.088
192700,5.000,0.323,1.614,0.088
192900,5.000,0.323,1.614,0.088
193100,5.000,0.323,1.618,0.089
193300,5.000,0.322,1.614,0.089
193500,5.000,0.322,1.614,0.089
193700,5.000,0.322,1.614,0.089
193900,5.000,0.323,1.614,0.089
194100,5.000,0.323,1.618,0.089
194300,5.000,0.323,1.618,0.089
194500,5.000,0.323,1.614,0.089
194700,5.000,0.324,1.625,0.089
194900,5.000,0.324,1.625,0.089
195100,5.000,0.323,1.614,0.089
195300,5.000,0.322,1.614,0.090
195500,5.000,0.322,1.614,0.090
195700,5.000,0.323,1.614,0.090
195900,5.000,0.323,1.614,0.090
196100,5.000,0.322,1.614,0.090
196300,5.000,0.323,1.614,0.090
196500,5.000,0.323,1.614,0.090
196700,5.000,0.323,1.614,0.090
196900,5.000,0.323,1.614,0.090
197100,5.000,0.322,1.614,0.090
197300,5.000,0.323,1.614,0.091
197500,5.000,0.323,1.614,0.091
197700,5.000,0.323,1.618,0.091
197900,5.000,0.323,1.614,0.091
198100,5.000,0.323,1.614,0.091
198300,5.000,0.323,1.614,0.091
198500,5.000,0.323,1.618,0.091
198700,5.000,0.323,1.614,0.091
198900,5.000,0.323,1.614,0.091
199100,5.000,0.322,1.614,0.091
199300,5.000,0.323,1.618,0.091
199500,5.000,0.324,1.622,0.092
199700,5.000,0.323,1.618,0.092
199900,5.000,0.323,1.618,0.092
200100,5.000,0.323,1.614,0.092
200300,5.000,0.323,1.614,0.092
200500,5.000,0.323,1.614,0.092
200700,5.000,0.322,1.614,0.092
200900,5.000,0.323,1.614,0.092
201100,5.000,0.323,1.618,0.092
201300,5.000,0.323,1.618,0.092
201500,5.000,0.323,1.614,0.092
201700,5.000,0.323,1.618,0.093
201900,5.000,0.323,1.618,0.093
202100,5.000,0.323,1.618,0.093
202300,5.000,0.323,1.614,0.093
202500,5.000,0.323,1.614,0.093
202700,5.000,0.323,1.618,0.093
202900,5.000,0.323,1.614,0.093
203100,5.000,0.323,1.614,0.093
203300,5.000,0.323,1.618,0.093
203500,5.000,0.323,1.618,0.093
203700,5.000,0.323,1.618,0.093
203900,5.000,0.322,1.614,0.094
204100,5.000,0.323,1.614,0.094
204300,5.000,0.323,1.614,0.094
204500,5.000,0.323,1.614,0.094
204700,5.000,0.323,1.618,0.094
204900,5.000,0.323,1.614,0.094
205100,5.000,0.323,1.614,0.094
205300,5.000,0.323,1.614,0.094
205500,5.000,0.323,1.614,0.094
205700,5.000,0.323,1.618,0.094
205900,5.000,0.323,1.618,0.094
206100,5.000,0.323,1.614,0.095
206300,5.000,0.322,1.614,0.095
206500,5.000,0.323,1.618,0.095
206700,5.000,0.323,1.618,0.095
206900,5.000,0.323,1.618,0.095
207100,5.000,0.323,1.614,0.095
207300,5.000,0.323,1.614,0.095
207500,5.000,0.323,1.614,0.095
207700,5.000,0.323,1.614,0.095
207900,5.000,0.323,1.614,0.095
208100,5.000,0.322,1.614,0.095
208300,5.000,0.323,1.614,0.096
208500,5.000,0.323,1.614,0.096
208700,5.000,0.323,1.614,0.096
208900,5.000,0.324,1.622,0.096
209100,5.000,0.324,1.622,0.096
209300,5.000,0.323,1.614,0.096
209500,5.000,0.322,1.614,0.096
209700,5.000,0.323,1.618,0.096
209900,5.000,0.323,1.614,0.096
210100,5.000,0.323,1.614,0.096
210300,5.000,0.323,1.614,0.097
210500,5.000,0.323,1.618,0.097
210700,5.000,0.323,1.618,0.097
210900,5.000,0.323,1.618,0.097
211100,5.000,0.322,1.614,0.097
211300,5.000,0.323,1.614,0.097
211500,5.000,0.323,1.614,0.097
211700,5.000,0.323,1.618,0.097
211900,5.000,0.323,1.614,0.097
212100,5.000,0.323,1.614,0.097
212300,5.000,0.323,1.614,0.097
212500,5.000,0.323,1.618,0.098
212700,5.000,0.323,1.614,0.098
212900,5.000,0.322,1.614,0.098
213100,5.000,0.322,1.614,0.098
213300,5.000,0.322,1.614,0.098
213500,5.000,0.323,1.614,0.098
213700,5.000,0.323,1.614,0.098
213900,5.000,0.323,1.618,0.098
214100,5.000,0.323,1.618,0.098
214300,5.000,0.323,1.618,0.098
214500,5.000,0.347,1.736,0.098
214700,5.000,0.347,1.736,0.099
214900,5.000,0.326,1.629,0.099
215100,5.000,0.322,1.614,0.099
215300,5.000,0.323,1.618,0.099
215500,5.000,0.323,1.618,0.099
215700,5.000,0.323,1.618,0.099
215900,5.000,0.323,1.614,0.099
216100,5.000,0.322,1.614,0.099
216300,5.000,0.322,1.614,0.099
216500,5.000,0.323,1.618,0.099
216700,5.000,0.322,1.614,0.099
216900,5.000,0.322,1.614,0.100
217100,5.000,0.322,1.614,0.100
217300,5.000,0.322,1.614,0.100
217500,5.000,0.323,1.614,0.100
217700,5.000,0.323,1.618,0.100
217900,5.000,0.323,1.618,0.100
218100,5.000,0.323,1.618,0.100
218300,5.000,0.323,1.614,0.100
218500,5.000,0.323,1.618,0.100
218700,5.000,0.323,1.618,0.100
218900,5.000,0.323,1.618,0.100
219100,5.000,0.323,1.614,0.101
219300,5.000,0.322,1.614,0.101
219500,5.000,0.322,1.614,0.101
219700,5.000,0.323,1.614,0.101
219900,5.000,0.323,1.614,0.101
220100,5.000,0.323,1.614,0.101
220300,5.000,0.323,1.614,0.101
220500,5.000,0.323,1.614,0.101
220700,5.000,0.322,1.610,0.101
220900,5.000,0.322,1.614,0.101
221100,5.000,0.322,1.614,0.102
221300,5.000,0.323,1.614,0.102
221500,5.000,0.323,1.618,0.102
221700,5.000,0.323,1.614,0.102
221900,5.000,0.323,1.614,0.102
222100,5.000,0.323,1.614,0.102
222300,5.000,0.323,1.618,0.102
222500,5.000,0.323,1.614,0.102
222700,5.000,0.323,1.614,0.102
222900,5.000,0.322,1.614,0.102
223100,5.000,0.323,1.618,0.102
223300,5.000,0.323,1.618,0.103
223500,5.000,0.323,1.618,0.103
223700,5.000,0.323,1.614,0.103
223900,5.000,0.323,1.618,0.103
224100,5.000,0.323,1.614,0.103
224300,5.000,0.323,1.614,0.103
224500,5.000,0.322,1.614,0.103
224700,5.000,0.322,1.614,0.103
224900,5.000,0.323,1.618,0.103
225100,5.000,0.323,1.618,0.103
225300,5.000,0.323,1.618,0.103
225500,5.000,0.323,1.618,0.104
225700,5.000,0.323,1.618,0.104
225900,5.000,0.322,1.610,0.104
226100,5.000,0.323,1.614,0.104
226300,5.000,0.323,1.614,0.104
226500,5.000,0.323,1.614,0.104
226700,5.000,0.323,1.614,0.104
226900,5.000,0.323,1.614,0.104
227100,5.000,0.323,1.614,0.104
227300,5.000,0.323,1.614,0.104
227500,5.000,0.323,1.614,0.104
227700,5.000,0.323,1.614,0.105
227900,5.000,0.322,1.610,0.105
228100,5.000,0.323,1.614,0.105
228300,5.000,0.323,1.614,0.105
228500,5.000,0.323,1.618,0.105
228700,5.000,0.324,1.618,0.105
228900,5.000,0.324,1.618,0.105
229100,5.000,0.323,1.614,0.105
229300,5.000,0.322,1.614,0.105
229500,5.000,0.323,1.614,0.105
229700,5.000,0.323,1.614,0.105
229900,5.000,0.323,1.614,0.106
230100,5.000,0.323,1.618,0.106
230300,5.000,0.323,1.614,0.106
230500,5.000,0.323,1.614,0.106
230700,5.000,0.323,1.614,0.106
230900,5.000,0.323,1.614,0.106
231100,5.000,0.323,1.614,0.106
231300,5.000,0.323,1.614,0.106
231500,5.000,0.323,1.614,0.106
231700,5.000,0.322,1.614,0.106
231900,5.000,0.323,1.618,0.106
232100,5.000,0.323,1.618,0.107
232300,5.000,0.323,1.614,0.107
232500,5.000,0.323,1.614,0.107
232700,5.000,0.322,1.614,0.107
232900,5.000,0.322,1.614,0.107
233100,5.000,0.323,1.614,0.107
233300,5.000,0.323,1.614,0.107
233500,5.000,0.323,1.614,0.107
233700,5.000,0.323,1.614,0.107
233900,5.000,0.323,1.618,0.107
234100,5.000,0.323,1.618,0.108
234300,5.000,0.323,1.618,0.108
234500,5.000,0.323,1.618,0.108
234700,5.000,0.323,1.618,0.108
234900,5.000,0.323,1.614,0.108
235100,5.000,0.323,1.614,0.108
235300,5.000,0.323,1.614,0.108
235500,5.000,0.323,1.614,0.108
235700,5.000,0.323,1.614,0.108
235900,5.000,0.323,1.614,0.108
236100,5.000,0.323,1.614,0.108
236300,5.000,0.322,1.614,0.109
236500,5.000,0.323,1.614,0.109
236700,5.000,0.323,1.614,0.109
236900,5.000,0.323,1.614,0.109
237100,5.000,0.322,1.614,0.109
237300,5.000,0.323,1.614,0.109
237500,5.000,0.323,1.618,0.109
237700,5.000,0.323,1.618,0.109
237900,5.000,0.323,1.618,0.109
238100,5.000,0.323,1.614,0.109
238300,5.000,0.323,1.618,0.109
238500,5.000,0.323,1.618,0.110
238700,5.000,0.323,1.614,0.110
238900,5.000,0.323,1.614,0.110
239100,5.000,0.323,1.614,0.110
239300,5.000,0.323,1.614,0.110
239500,5.000,0.323,1.614,0.110
239700,5.000,0.323,1.614,0.110
239900,5.000,0.323,1.614,0.110
240100,5.000,0.323,1.614,0.110
240300,5.000,0.322,1.614,0.110
240500,5.000,0.322,1.614,0.110
240700,5.000,0.322,1.614,0.111
240900,5.000,0.322,1.614,0.111
241100,5.000,0.323,1.614,0.111
241300,5.000,0.323,1.614,0.111
241500,5.000,0.323,1.618,0.111
241700,5.000,0.323,1.618,0.111
241900,5.000,0.323,1.614,0.111
242100,5.000,0.322,1.614,0.111
242300,5.000,0.323,1.614,0.111
242500,5.000,0.323,1.614,0.111
242700,5.000,0.323,1.618,0.111
242900,5.000,0.323,1.614,0.112
243100,5.000,0.323,1.614,0.112
243300,5.000,0.322,1.614,0.112
243500,5.000,0.323,1.614,0.112
