300,5.000,0.347,1.740,0.000
500,5.000,0.330,1.656,0.000
700,5.000,0.330,1.656,0.000
900,5.000,0.330,1.656,0.000
1100,5.000,0.330,1.656,0.000
1300,5.000,0.330,1.656,0.000
1500,5.000,0.330,1.656,0.000
1700,5.000,0.330,1.656,0.000
1900,5.000,0.330,1.652,0.000
2100,5.000,0.331,1.656,0.000
2300,5.000,0.331,1.656,0.001
2500,5.000,0.331,1.656,0.001
2700,5.000,0.331,1.656,0.001
2900,5.000,0.330,1.656,0.001
3100,5.000,0.330,1.656,0.001
3300,5.000,0.330,1.652,0.001
3500,5.000,0.331,1.656,0.001
3700,5.000,0.330,1.656,0.001
3900,5.000,0.330,1.656,0.001
4100,5.000,0.355,1.778,0.001
4300,5.000,0.331,1.656,0.001
4500,5.000,0.330,1.656,0.002
4700,5.000,0.330,1.652,0.002
4900,5.000,0.330,1.652,0.002
5100,5.000,0.330,1.656,0.002
5300,5.000,0.330,1.656,0.002
5500,5.000,0.330,1.656,0.002
5700,5.000,0.330,1.656,0.002
5900,5.000,0.330,1.656,0.002
6100,5.000,0.331,1.656,0.002
6300,5.000,0.331,1.656,0.002
6500,5.000,0.330,1.652,0.003
6700,5.000,0.330,1.656,0.003
6900,5.000,0.330,1.656,0.003
7100,5.000,0.330,1.656,0.003
7300,5.000,0.330,1.656,0.003
7500,5.000,0.330,1.652,0.003
7700,5.000,0.330,1.671,0.003
7900,5.000,0.333,1.671,0.003
8100,5.000,0.331,1.656,0.003
8300,5.000,0.330,1.652,0.003
8500,5.000,0.330,1.656,0.003
8700,5.000,0.330,1.656,0.004
8900,5.000,0.330,1.656,0.004
9100,5.000,0.331,1.656,0.004
9300,5.000,0.331,1.656,0.004
9500,5.000,0.331,1.656,0.004
9700,5.000,0.330,1.656,0.004
9900,5.000,0.331,1.656,0.004
10100,5.000,0.330,1.656,0.004
10300,5.000,0.330,1.656,0.004
10500,5.000,0.330,1.652,0.004
10700,5.000,0.331,1.656,0.004
10900,5.000,0.331,1.656,0.005
11100,5.000,0.330,1.652,0.005
11300,5.000,0.331,1.656,0.005
11500,5.000,0.330,1.656,0.005
11700,5.000,0.330,1.656,0.005
11900,5.000,0.330,1.656,0.005
12100,5.000,0.331,1.656,0.005
12300,5.000,0.330,1.656,0.005
12500,5.000,0.330,1.652,0.005
12700,5.000,0.330,1.652,0.005
12900,5.000,0.330,1.656,0.006
13100,5.000,0.331,1.656,0.006
13300,5.000,0.331,1.660,0.006
13500,5.000,0.331,1.660,0.006
13700,5.000,0.330,1.652,0.006
13900,5.000,0.330,1.656,0.006
14100,5.000,0.330,1.656,0.006
14300,5.000,0.330,1.656,0.006
14500,5.000,0.330,1.652,0.006
14700,5.000,0.331,1.656,0.006
14900,5.000,0.331,1.656,0.006
15100,5.000,0.331,1.656,0.007
15300,5.000,0.331,1.656,0.007
15500,5.000,0.331,1.656,0.007
15700,5.000,0.331,1.656,0.007
15900,5.000,0.331,1.656,0.007
16100,5.000,0.330,1.656,0.007
16300,5.000,0.331,1.656,0.007
16500,5.000,0.331,1.656,0.007
16700,5.000,0.331,1.656,0.007
16900,5.000,0.330,1.656,0.007
17100,5.000,0.330,1.656,0.008
17300,5.000,0.330,1.656,0.008
17500,5.000,0.332,1.660,0.008
17700,5.000,0.331,1.656,0.008
17900,5.000,0.331,1.656,0.008
18100,5.000,0.331,1.656,0.008
18300,5.000,0.330,1.652,0.008
18500,5.000,0.330,1.656,0.008
18700,5.000,0.332,1.660,0.008
18900,5.000,0.331,1.660,0.008
19100,5.000,0.331,1.660,0.008
19300,5.000,0.331,1.656,0.009
19500,5.000,0.330,1.652,0.009
19700,5.000,0.330,1.656,0.009
19900,5.000,0.330,1.656,0.009
20100,5.000,0.330,1.656,0.009
20300,5.000,0.331,1.656,0.009
20500,5.000,0.331,1.656,0.009
20700,5.000,0.331,1.656,0.009
20900,5.000,0.330,1.656,0.009
21100,5.000,0.331,1.656,0.009
21300,5.000,0.331,1.656,0.009
21500,5.000,0.331,1.656,0.010
21700,5.000,0.330,1.652,0.010
21900,5.000,0.330,1.656,0.010
22100,5.000,0.331,1.656,0.010
22300,5.000,0.331,1.656,0.010
22500,5.000,0.332,1.664,0.010
22700,5.000,0.331,1.656,0.010
22900,5.000,0.331,1.656,0.010
23100,5.000,0.331,1.656,0.010
23300,5.000,0.330,1.656,0.010
23500,5.000,0.330,1.656,0.011
23700,5.000,0.330,1.656,0.011
23900,5.000,0.330,1.656,0.011
24100,5.000,0.331,1.656,0.011
24300,5.000,0.331,1.656,0.011
24500,5.000,0.331,1.656,0.011
24700,5.000,0.331,1.656,0.011
24900,5.000,0.331,1.656,0.011
25100,5.000,0.331,1.656,0.011
25300,5.000,0.330,1.656,0.011
25500,5.000,0.331,1.656,0.011
25700,5.000,0.331,1.656,0.012
25900,5.000,0.331,1.656,0.012
26100,5.000,0.331,1.656,0.012
26300,5.000,0.331,1.656,0.012
26500,5.000,0.331,1.656,0.012
26700,5.000,0.330,1.656,0.012
26900,5.000,0.330,1.656,0.012
27100,5.000,0.330,1.652,0.012
27300,5.000,0.331,1.656,0.012
27500,5.000,0.331,1.660,0.012
27700,5.000,0.331,1.660,0.013
27900,5.000,0.331,1.656,0.013
28100,5.000,0.330,1.656,0.013
28300,5.000,0.330,1.656,0.013
28500,5.000,0.331,1.656,0.013
28700,5.000,0.330,1.656,0.013
28900,5.000,0.330,1.656,0.013
29100,5.000,0.330,1.656,0.013
29300,5.000,0.331,1.656,0.013
29500,5.000,0.331,1.656,0.013
29700,5.000,0.330,1.656,0.014
29900,5.000,0.331,1.656,0.014
30100,5.000,0.331,1.656,0.014
30300,5.000,0.331,1.660,0.014
30500,5.000,0.331,1.656,0.014
30700,5.000,0.331,1.656,0.014
30900,5.000,0.331,1.656,0.014
31100,5.000,0.331,1.656,0.014
31300,5.000,0.330,1.656,0.014
31500,5.000,0.330,1.656,0.014
31700,5.000,0.331,1.656,0.014
31900,5.000,0.331,1.660,0.015
32100,5.000,0.331,1.660,0.015
32300,5.000,0.331,1.660,0.015
32500,5.000,0.330,1.656,0.015
32700,5.000,0.330,1.652,0.015
32900,5.000,0.330,1.656,0.015
33100,5.000,0.331,1.656,0.015
33300,5.000,0.331,1.656,0.015
33500,5.000,0.331,1.660,0.015
33700,5.000,0.330,1.652,0.015
33900,5.000,0.331,1.656,0.015
34100,5.000,0.331,1.656,0.016
34300,5.000,0.330,1.656,0.016
34500,5.000,0.330,1.656,0.016
34700,5.000,0.330,1.656,0.016
34900,5.000,0.331,1.656,0.016
35100,5.000,0.332,1.660,0.016
35300,5.000,0.331,1.656,0.016
35500,5.000,0.331,1.656,0.016
35700,5.000,0.331,1.656,0.016
35900,5.000,0.331,1.656,0.016
36100,5.000,0.331,1.656,0.016
36300,5.000,0.331,1.656,0.017
36500,5.000,0.331,1.656,0.017
36700,5.000,0.330,1.652,0.017
36900,5.000,0.332,1.664,0.017
37100,5.000,0.332,1.664,0.017
37300,5.000,0.331,1.660,0.017
37500,5.000,0.332,1.660,0.017
37700,5.000,0.331,1.656,0.017
37900,5.000,0.331,1.656,0.017
38100,5.000,0.331,1.656,0.017
38300,5.000,0.331,1.656,0.018
38500,5.000,0.331,1.660,0.018
38700,5.000,0.331,1.660,0.018
38900,5.000,0.330,1.656,0.018
39100,5.000,0.331,1.660,0.018
39300,5.000,0.331,1.660,0.018
39500,5.000,0.331,1.660,0.018
39700,5.000,0.330,1.656,0.018
39900,5.000,0.331,1.656,0.018
40100,5.000,0.330,1.652,0.018
40300,5.000,0.330,1.652,0.019
40500,5.000,0.330,1.656,0.019
40700,5.000,0.331,1.656,0.019
40900,5.000,0.331,1.660,0.019
41100,5.000,0.331,1.660,0.019
41300,5.000,0.331,1.656,0.019
41500,5.000,0.330,1.656,0.019
41700,5.000,0.333,1.671,0.019
41900,5.000,0.333,1.671,0.019
42100,5.000,0.332,1.664,0.019
42300,5.000,0.331,1.656,0.019
42500,5.000,0.331,1.656,0.020
42700,5.000,0.331,1.656,0.020
42900,5.000,0.331,1.656,0.020
43100,5.000,0.331,1.660,0.020
43300,5.000,0.331,1.656,0.020
43500,5.000,0.331,1.656,0.020
43700,5.000,0.331,1.656,0.020
43900,5.000,0.330,1.656,0.020
44100,5.000,0.331,1.656,0.020
44300,5.000,0.331,1.656,0.020
44500,5.000,0.330,1.656,0.021
44700,5.000,0.331,1.656,0.021
44900,5.000,0.331,1.660,0.021
45100,5.000,0.331,1.660,0.021
45300,5.000,0.331,1.656,0.021
45500,5.000,0.331,1.656,0.021
45700,5.000,0.331,1.656,0.021
45900,5.000,0.331,1.656,0.021
46100,5.000,0.331,1.660,0.021
46300,5.000,0.331,1.660,0.021
46500,5.000,0.331,1.660,0.021
46700,5.000,0.332,1.664,0.022
46900,5.000,0.331,1.656,0.022
47100,5.000,0.331,1.656,0.022
47300,5.000,0.330,1.656,0.022
47500,5.000,0.330,1.656,0.022
47700,5.000,0.331,1.656,0.022
47900,5.000,0.331,1.660,0.022
48100,5.000,0.331,1.660,0.022
48300,5.000,0.331,1.660,0.022
48500,5.000,0.330,1.656,0.022
48700,5.000,0.330,1.656,0.022
48900,5.000,0.330,1.656,0.023
49100,5.000,0.331,1.656,0.023
49300,5.000,0.331,1.660,0.023
49500,5.000,0.331,1.656,0.023
49700,5.000,0.331,1.656,0.023
49900,5.000,0.331,1.656,0.023
50100,5.000,0.332,1.660,0.023
50300,5.000,0.331,1.660,0.023
50500,5.000,0.331,1.660,0.023
50700,5.000,0.331,1.660,0.023
50900,5.000,0.331,1.656,0.024
51100,5.000,0.331,1.656,0.024
51300,5.000,0.331,1.656,0.024
51500,5.000,0.331,1.656,0.024
51700,5.000,0.331,1.656,0.024
51900,5.000,0.331,1.660,0.024
52100,5.000,0.331,1.660,0.024
52300,5.000,0.331,1.656,0.024
52500,5.000,0.330,1.652,0.024
52700,5.000,0.331,1.656,0.024
52900,5.000,0.331,1.656,0.024
53100,5.000,0.330,1.656,0.025
53300,5.000,0.331,1.660,0.025
53500,5.000,0.331,1.660,0.025
53700,5.000,0.331,1.656,0.025
53900,5.000,0.331,1.656,0.025
54100,5.000,0.331,1.660,0.025
54300,5.000,0.331,1.660,0.025
54500,5.000,0.331,1.660,0.025
54700,5.000,0.331,1.656,0.025
54900,5.000,0.331,1.660,0.025
55100,5.000,0.332,1.660,0.026
55300,5.000,0.332,1.660,0.026
55500,5.000,0.331,1.660,0.026
55700,5.000,0.331,1.656,0.026
55900,5.000,0.331,1.656,0.026
56100,5.000,0.331,1.656,0.026
56300,5.000,0.332,1.664,0.026
56500,5.000,0.332,1.664,0.026
56700,5.000,0.332,1.664,0.026
56900,5.000,0.331,1.656,0.026
57100,5.000,0.331,1.656,0.026
57300,5.000,0.332,1.660,0.027
57500,5.000,0.331,1.660,0.027
57700,5.000,0.331,1.660,0.027
57900,5.000,0.331,1.660,0.027
58100,5.000,0.331,1.656,0.027
58300,5.000,0.331,1.656,0.027
58500,5.000,0.331,1.656,0.027
58700,5.000,0.331,1.656,0.027
58900,5.000,0.331,1.660,0.027
59100,5.000,0.331,1.660,0.027
59300,5.000,0.331,1.660,0.028
59500,5.000,0.331,1.656,0.028
59700,5.000,0.331,1.660,0.028
59900,5.000,0.331,1.660,0.028
60100,5.000,0.331,1.656,0.028
60300,5.000,0.330,1.656,0.028
60500,5.000,0.331,1.660,0.028
60700,5.000,0.332,1.660,0.028
60900,5.000,0.332,1.660,0.028
61100,5.000,0.332,1.660,0.028
61300,5.000,0.331,1.660,0.028
61500,5.000,0.331,1.660,0.029
61700,5.000,0.331,1.660,0.029
61900,5.000,0.331,1.656,0.029
62100,5.000,0.331,1.660,0.029
62300,5.000,0.355,1.778,0.029
62500,5.000,0.355,1.778,0.029
62700,5.000,0.331,1.660,0.029
62900,5.000,0.331,1.660,0.029
63100,5.000,0.331,1.660,0.029
63300,5.000,0.331,1.660,0.029
63500,5.000,0.331,1.660,0.029
63700,5.000,0.331,1.660,0.030
63900,5.000,0.331,1.660,0.030
64100,5.000,0.331,1.656,0.030
64300,5.000,0.331,1.660,0.030
64500,5.000,0.331,1.656,0.030
64700,5.000,0.331,1.660,0.030
64900,5.000,0.331,1.660,0.030
65100,5.000,0.332,1.660,0.030
65300,5.000,0.331,1.660,0.030
65500,5.000,0.331,1.660,0.030
65700,5.000,0.331,1.656,0.031
65900,5.000,0.331,1.660,0.031
66100,5.000,0.332,1.664,0.031
66300,5.000,0.332,1.664,0.031
66500,5.000,0.332,1.660,0.031
66700,5.000,0.331,1.656,0.031
66900,5.000,0.332,1.660,0.031
67100,5.000,0.332,1.660,0.031
67300,5.000,0.331,1.660,0.031
67500,5.000,0.331,1.656,0.031
67700,5.000,0.331,1.660,0.032
67900,5.000,0.331,1.660,0.032
68100,5.000,0.331,1.660,0.032
68300,5.000,0.331,1.660,0.032
68500,5.000,0.332,1.660,0.032
68700,5.000,0.332,1.660,0.032
68900,5.000,0.331,1.656,0.032
69100,5.000,0.331,1.660,0.032
69300,5.000,0.332,1.660,0.032
69500,5.000,0.332,1.660,0.032
69700,5.000,0.332,1.660,0.032
69900,5.000,0.331,1.660,0.033
70100,5.000,0.331,1.660,0.033
70300,5.000,0.331,1.660,0.033
70500,5.000,0.332,1.660,0.033
70700,5.000,0.331,1.660,0.033
70900,5.000,0.331,1.660,0.033
71100,5.000,0.334,1.671,0.033
71300,5.000,0.331,1.660,0.033
71500,5.000,0.331,1.660,0.033
71700,5.000,0.331,1.660,0.033
71900,5.000,0.331,1.660,0.034
72100,5.000,0.332,1.664,0.034
72300,5.000,0.332,1.660,0.034
72500,5.000,0.331,1.656,0.034
72700,5.000,0.331,1.656,0.034
72900,5.000,0.331,1.660,0.034
73100,5.000,0.332,1.660,0.034
73300,5.000,0.332,1.664,0.034
73500,5.000,0.332,1.664,0.034
73700,5.000,0.332,1.664,0.034
73900,5.000,0.332,1.660,0.034
74100,5.000,0.332,1.660,0.035
74300,5.000,0.332,1.660,0.035
74500,5.000,0.331,1.660,0.035
74700,5.000,0.331,1.660,0.035
74900,5.000,0.331,1.660,0.035
75100,5.000,0.331,1.660,0.035
75300,5.000,0.331,1.660,0.035
75500,5.000,0.331,1.660,0.035
75700,5.000,0.333,1.667,0.035
75900,5.000,0.333,1.667,0.035
76100,5.000,0.331,1.660,0.035
76300,5.000,0.331,1.660,0.036
76500,5.000,0.331,1.660,0.036
76700,5.000,0.331,1.660,0.036
76900,5.000,0.332,1.660,0.036
77100,5.000,0.332,1.660,0.036
77300,5.000,0.332,1.660,0.036
77500,5.000,0.332,1.660,0.036
77700,5.000,0.332,1.660,0.036
77900,5.000,0.332,1.660,0.036
78100,5.000,0.332,1.660,0.036
78300,5.000,0.331,1.660,0.037
78500,5.000,0.331,1.656,0.037
78700,5.000,0.331,1.660,0.037
78900,5.000,0.332,1.664,0.037
79100,5.000,0.332,1.664,0.037
79300,5.000,0.332,1.660,0.037
79500,5.000,0.331,1.660,0.037
79700,5.000,0.331,1.660,0.037
79900,5.000,0.331,1.660,0.037
80100,5.000,0.331,1.660,0.037
80300,5.000,0.331,1.660,0.037
80500,5.000,0.331,1.660,0.038
80700,5.000,0.332,1.660,0.038
80900,5.000,0.332,1.664,0.038
81100,5.000,0.332,1.664,0.038
81300,5.000,0.332,1.664,0.038
81500,5.000,0.332,1.660,0.038
81700,5.000,0.331,1.660,0.038
81900,5.000,0.331,1.660,0.038
82100,5.000,0.331,1.660,0.038
82300,5.000,0.331,1.660,0.038
82500,5.000,0.331,1.660,0.039
82700,5.000,0.332,1.664,0.039
82900,5.000,0.332,1.664,0.039
83100,5.000,0.332,1.664,0.039
83300,5.000,0.331,1.660,0.039
83500,5.000,0.331,1.660,0.039
83700,5.000,0.331,1.660,0.039
83900,5.000,0.331,1.660,0.039
84100,5.000,0.332,1.660,0.039
84300,5.000,0.331,1.660,0.039
84500,5.000,0.331,1.660,0.039
84700,5.000,0.332,1.664,0.040
84900,5.000,0.332,1.664,0.040
85100,5.000,0.332,1.664,0.040
85300,5.000,0.332,1.660,0.040
85500,5.000,0.332,1.660,0.040
85700,5.000,0.333,1.667,0.040
85900,5.000,0.332,1.660,0.040
86100,5.000,0.332,1.660,0.040
86300,5.000,0.332,1.664,0.040
86500,5.000,0.332,1.660,0.040
86700,5.000,0.332,1.664,0.041
86900,5.000,0.332,1.664,0.041
87100,5.000,0.331,1.660,0.041
87300,5.000,0.331,1.660,0.041
87500,5.000,0.332,1.660,0.041
87700,5.000,0.332,1.660,0.041
87900,5.000,0.332,1.660,0.041
88100,5.000,0.331,1.660,0.041
88300,5.000,0.331,1.660,0.041
88500,5.000,0.332,1.660,0.041
88700,5.000,0.332,1.660,0.041
88900,5.000,0.332,1.664,0.042
89100,5.000,0.332,1.664,0.042
89300,5.000,0.332,1.664,0.042
89500,5.000,0.331,1.660,0.042
89700,5.000,0.332,1.660,0.042
89900,5.000,0.332,1.664,0.042
90100,5.000,0.332,1.664,0.042
90300,5.000,0.332,1.664,0.042
90500,5.000,0.332,1.660,0.042
90700,5.000,0.332,1.660,0.042
90900,5.000,0.332,1.660,0.043
91100,5.000,0.332,1.660,0.043
91300,5.000,0.331,1.660,0.043
91500,5.000,0.331,1.660,0.043
91700,5.000,0.331,1.660,0.043
91900,5.000,0.332,1.664,0.043
92100,5.000,0.332,1.660,0.043
92300,5.000,0.332,1.660,0.043
92500,5.000,0.332,1.660,0.043
92700,5.000,0.332,1.664,0.043
92900,5.000,0.332,1.660,0.043
93100,5.000,0.332,1.660,0.044
93300,5.000,0.332,1.660,0.044
93500,5.000,0.332,1.664,0.044
93700,5.000,0.332,1.664,0.044
93900,5.000,0.332,1.664,0.044
94100,5.000,0.332,1.660,0.044
94300,5.000,0.331,1.660,0.044
94500,5.000,0.331,1.660,0.044
94700,5.000,0.331,1.660,0.044
94900,5.000,0.332,1.660,0.044
95100,5.000,0.332,1.660,0.044
95300,5.000,0.333,1.667,0.045
95500,5.000,0.333,1.667,0.045
95700,5.000,0.332,1.664,0.045
95900,5.000,0.332,1.660,0.045
96100,5.000,0.331,1.660,0.045
96300,5.000,0.332,1.664,0.045
96500,5.000,0.332,1.664,0.045
96700,5.000,0.331,1.660,0.045
96900,5.000,0.331,1.660,0.045
97100,5.000,0.331,1.660,0.045
97300,5.000,0.332,1.660,0.046
97500,5.000,0.332,1.664,0.046
97700,5.000,0.332,1.664,0.046
97900,5.000,0.332,1.664,0.046
98100,5.000,0.332,1.660,0.046
98300,5.000,0.332,1.664,0.046
98500,5.000,0.331,1.660,0.046
98700,5.000,0.331,1.660,0.046
98900,5.000,0.332,1.660,0.046
99100,5.000,0.332,1.664,0.046
99300,5.000,0.332,1.664,0.047
99500,5.000,0.332,1.660,0.047
99700,5.000,0.332,1.660,0.047
99900,5.000,0.332,1.664,0.047
100100,5.000,0.331,1.660,0.047
100300,5.000,0.331,1.660,0.047
100500,5.000,0.333,1.671,0.047
100700,5.000,0.332,1.660,0.047
100900,5.000,0.332,1.664,0.047
101100,5.000,0.332,1.664,0.047
101300,5.000,0.332,1.664,0.047
101500,5.000,0.332,1.660,0.048
101700,5.000,0.332,1.660,0.048
101900,5.000,0.332,1.660,0.048
102100,5.000,0.332,1.660,0.048
102300,5.000,0.332,1.660,0.048
102500,5.000,0.332,1.660,0.048
102700,5.000,0.332,1.664,0.048
102900,5.000,0.332,1.664,0.048
103100,5.000,0.332,1.660,0.048
103300,5.000,0.332,1.664,0.048
103500,5.000,0.332,1.664,0.049
103700,5.000,0.332,1.664,0.049
103900,5.000,0.332,1.660,0.049
104100,5.000,0.332,1.660,0.049
104300,5.000,0.332,1.660,0.049
104500,5.000,0.332,1.664,0.049
104700,5.000,0.332,1.660,0.049
104900,5.000,0.332,1.664,0.049
105100,5.000,0.332,1.664,0.049
105300,5.000,0.332,1.664,0.049
105500,5.000,0.332,1.664,0.049
105700,5.000,0.332,1.664,0.050
105900,5.000,0.332,1.660,0.050
106100,5.000,0.332,1.660,0.050
106300,5.000,0.332,1.664,0.050
106500,5.000,0.332,1.664,0.050
106700,5.000,0.332,1.664,0.050
106900,5.000,0.332,1.664,0.050
107100,5.000,0.332,1.660,0.050
107300,5.000,0.332,1.660,0.050
107500,5.000,0.332,1.660,0.050
107700,5.000,0.332,1.660,0.050
107900,5.000,0.332,1.664,0.051
108100,5.000,0.332,1.664,0.051
108300,5.000,0.332,1.664,0.051
108500,5.000,0.332,1.660,0.051
108700,5.000,0.331,1.660,0.051
108900,5.000,0.331,1.660,0.051
109100,5.000,0.332,1.664,0.051
109300,5.000,0.332,1.660,0.051
109500,5.000,0.332,1.660,0.051
109700,5.000,0.332,1.664,0.051
109900,5.000,0.332,1.664,0.052
110100,5.000,0.332,1.660,0.052
110300,5.000,0.332,1.664,0.052
110500,5.000,0.332,1.664,0.052
110700,5.000,0.332,1.664,0.052
110900,5.000,0.332,1.664,0.052
111100,5.000,0.332,1.660,0.052
111300,5.000,0.332,1.660,0.052
111500,5.000,0.331,1.660,0.052
111700,5.000,0.332,1.660,0.052
111900,5.000,0.332,1.664,0.052
112100,5.000,0.332,1.664,0.053
112300,5.000,0.332,1.664,0.053
112500,5.000,0.332,1.664,0.053
112700,5.000,0.332,1.660,0.053
112900,5.000,0.332,1.660,0.053
113100,5.000,0.332,1.660,0.053
113300,5.000,0.332,1.660,0.053
113500,5.000,0.332,1.660,0.053
113700,5.000,0.332,1.664,0.053
113900,5.000,0.332,1.664,0.053
114100,5.000,0.332,1.664,0.054
114300,5.000,0.332,1.660,0.054
114500,5.000,0.332,1.660,0.054
114700,5.000,0.333,1.667,0.054
114900,5.000,0.332,1.660,0.054
115100,5.000,0.332,1.664,0.054
115300,5.000,0.332,1.664,0.054
115500,5.000,0.332,1.660,0.054
115700,5.000,0.332,1.660,0.054
115900,5.000,0.332,1.664,0.054
116100,5.000,0.332,1.664,0.054
116300,5.000,0.332,1.660,0.055
116500,5.000,0.332,1.660,0.055
116700,5.000,0.332,1.660,0.055
116900,5.000,0.332,1.660,0.055
117100,5.000,0.332,1.660,0.055
117300,5.000,0.332,1.660,0.055
117500,5.000,0.332,1.664,0.055
117700,5.000,0.332,1.664,0.055
117900,5.000,0.332,1.660,0.055
118100,5.000,0.332,1.664,0.055
118300,5.000,0.331,1.660,0.056
118500,5.000,0.331,1.660,0.056
118700,5.000,0.332,1.664,0.056
118900,5.000,0.332,1.660,0.056
119100,5.000,0.332,1.660,0.056
119300,5.000,0.332,1.660,0.056
119500,5.000,0.332,1.660,0.056
119700,5.000,0.333,1.667,0.056
119900,5.000,0.333,1.667,0.056
120100,5.000,0.332,1.664,0.056
120300,5.000,0.332,1.660,0.056
120500,5.000,0.331,1.660,0.057
120700,5.000,0.357,1.786,0.057
120900,5.000,0.357,1.786,0.057
121100,5.000,0.332,1.664,0.057
121300,5.000,0.332,1.664,0.057
121500,5.000,0.332,1.664,0.057
121700,5.000,0.332,1.664,0.057
121900,5.000,0.331,1.660,0.057
122100,5.000,0.332,1.660,0.057
122300,5.000,0.332,1.660,0.057
122500,5.000,0.332,1.664,0.058
122700,5.000,0.332,1.664,0.058
122900,5.000,0.332,1.660,0.058
123100,5.000,0.332,1.660,0.058
123300,5.000,0.332,1.664,0.058
123500,5.000,0.332,1.664,0.058
123700,5.000,0.332,1.664,0.058
123900,5.000,0.332,1.660,0.058
124100,5.000,0.332,1.660,0.058
124300,5.000,0.331,1.660,0.058
124500,5.000,0.332,1.664,0.058
124700,5.000,0.332,1.664,0.059
124900,5.000,0.332,1.664,0.059
125100,5.000,0.332,1.664,0.059
125300,5.000,0.332,1.664,0.059
125500,5.000,0.332,1.664,0.059
125700,5.000,0.332,1.660,0.059
125900,5.000,0.332,1.664,0.059
126100,5.000,0.332,1.660,0.059
126300,5.000,0.332,1.660,0.059
126500,5.000,0.332,1.660,0.059
126700,5.000,0.333,1.667,0.060
126900,5.000,0.332,1.664,0.060
127100,5.000,0.332,1.664,0.060
127300,5.000,0.332,1.660,0.060
127500,5.000,0.332,1.660,0.060
127700,5.000,0.332,1.664,0.060
127900,5.000,0.332,1.664,0.060
128100,5.000,0.332,1.664,0.060
128300,5.000,0.332,1.664,0.060
128500,5.000,0.332,1.664,0.060
128700,5.000,0.332,1.664,0.060
128900,5.000,0.332,1.664,0.061
129100,5.000,0.332,1.660,0.061
129300,5.000,0.332,1.660,0.061
129500,5.000,0.332,1.660,0.061
129700,5.000,0.332,1.664,0.061
129900,5.000,0.332,1.664,0.061
130100,5.000,0.332,1.664,0.061
130300,5.000,0.332,1.664,0.061
130500,5.000,0.332,1.664,0.061
130700,5.000,0.332,1.664,0.061
130900,5.000,0.332,1.664,0.062
131100,5.000,0.332,1.660,0.062
131300,5.000,0.332,1.660,0.062
131500,5.000,0.332,1.660,0.062
131700,5.000,0.332,1.660,0.062
131900,5.000,0.332,1.660,0.062
132100,5.000,0.332,1.664,0.062
132300,5.000,0.332,1.664,0.062
132500,5.000,0.332,1.664,0.062
132700,5.000,0.332,1.664,0.062
132900,5.000,0.332,1.660,0.062
133100,5.000,0.332,1.664,0.063
133300,5.000,0.332,1.664,0.063
133500,5.000,0.332,1.664,0.063
133700,5.000,0.332,1.664,0.063
133900,5.000,0.332,1.664,0.063
134100,5.000,0.332,1.664,0.063
134300,5.000,0.334,1.671,0.063
134500,5.000,0.332,1.664,0.063
134700,5.000,0.332,1.664,0.063
134900,5.000,0.332,1.660,0.063
135100,5.000,0.332,1.660,0.064
135300,5.000,0.332,1.664,0.064
135500,5.000,0.332,1.664,0.064
135700,5.000,0.332,1.664,0.064
135900,5.000,0.332,1.664,0.064
136100,5.000,0.332,1.660,0.064
136300,5.000,0.332,1.664,0.064
136500,5.000,0.332,1.664,0.064
136700,5.000,0.332,1.664,0.064
136900,5.000,0.332,1.664,0.064
137100,5.000,0.332,1.660,0.064
137300,5.000,0.332,1.660,0.065
137500,5.000,0.332,1.664,0.065
137700,5.000,0.333,1.664,0.065
137900,5.000,0.332,1.664,0.065
138100,5.000,0.332,1.664,0.065
138300,5.000,0.332,1.664,0.065
138500,5.000,0.332,1.664,0.065
138700,5.000,0.332,1.660,0.065
138900,5.000,0.332,1.660,0.065
139100,5.000,0.332,1.660,0.065
139300,5.000,0.332,1.664,0.066
139500,5.000,0.332,1.664,0.066
139700,5.000,0.332,1.664,0.066
139900,5.000,0.332,1.664,0.066
140100,5.000,0.332,1.660,0.066
140300,5.000,0.332,1.664,0.066
140500,5.000,0.332,1.664,0.066
140700,5.000,0.332,1.660,0.066
140900,5.000,0.332,1.664,0.066
141100,5.000,0.332,1.664,0.066
141300,5.000,0.332,1.664,0.066
141500,5.000,0.332,1.664,0.067
141700,5.000,0.332,1.664,0.067
141900,5.000,0.332,1.664,0.067
142100,5.000,0.332,1.660,0.067
142300,5.000,0.332,1.660,0.067
142500,5.000,0.332,1.660,0.067
142700,5.000,0.332,1.664,0.067
142900,5.000,0.332,1.664,0.067
143100,5.000,0.332,1.664,0.067
143300,5.000,0.332,1.664,0.067
143500,5.000,0.332,1.660,0.068
143700,5.000,0.332,1.660,0.068
143900,5.000,0.332,1.664,0.068
144100,5.000,0.332,1.660,0.068
144300,5.000,0.332,1.660,0.068
144500,5.000,0.332,1.660,0.068
144700,5.000,0.332,1.660,0.068
144900,5.000,0.333,1.664,0.068
145100,5.000,0.332,1.664,0.068
145300,5.000,0.332,1.664,0.068
145500,5.000,0.332,1.664,0.068
145700,5.000,0.332,1.664,0.069
145900,5.000,0.332,1.660,0.069
146100,5.000,0.332,1.660,0.069
146300,5.000,0.332,1.664,0.069
146500,5.000,0.333,1.667,0.069
146700,5.000,0.332,1.664,0.069
146900,5.000,0.332,1.664,0.069
147100,5.000,0.332,1.664,0.069
147300,5.000,0.332,1.664,0.069
147500,5.000,0.332,1.664,0.069
147700,5.000,0.332,1.660,0.069
147900,5.000,0.332,1.660,0.070
148100,5.000,0.332,1.664,0.070
148300,5.000,0.332,1.664,0.070
148500,5.000,0.332,1.664,0.070
148700,5.000,0.332,1.664,0.070
148900,5.000,0.332,1.664,0.070
149100,5.000,0.332,1.664,0.070
149300,5.000,0.332,1.664,0.070
149500,5.000,0.332,1.664,0.070
149700,5.000,0.332,1.660,0.070
149900,5.000,0.332,1.664,0.071
150100,5.000,0.332,1.664,0.071
150300,5.000,0.332,1.664,0.071
150500,5.000,0.332,1.664,0.071
150700,5.000,0.332,1.664,0.071
150900,5.000,0.332,1.664,0.071
151100,5.000,0.343,1.717,0.071
151300,5.000,0.332,1.660,0.071
151500,5.000,0.332,1.660,0.071
151700,5.000,0.332,1.660,0.071
151900,5.000,0.332,1.664,0.072
152100,5.000,0.332,1.664,0.072
152300,5.000,0.332,1.664,0.072
152500,5.000,0.332,1.664,0.072
152700,5.000,0.332,1.664,0.072
152900,5.000,0.332,1.664,0.072
153100,5.000,0.332,1.664,0.072
153300,5.000,0.332,1.664,0.072
153500,5.000,0.332,1.664,0.072
153700,5.000,0.334,1.667,0.072
153900,5.000,0.334,1.667,0.072
154100,5.000,0.333,1.667,0.073
154300,5.000,0.332,1.660,0.073
154500,5.000,0.332,1.664,0.073
154700,5.000,0.332,1.664,0.073
154900,5.000,0.332,1.664,0.073
155100,5.000,0.332,1.660,0.073
155300,5.000,0.331,1.660,0.073
155500,5.000,0.332,1.664,0.073
155700,5.000,0.332,1.664,0.073
155900,5.000,0.332,1.664,0.073
156100,5.000,0.332,1.660,0.074
156300,5.000,0.332,1.664,0.074
156500,5.000,0.332,1.664,0.074
156700,5.000,0.332,1.660,0.074
156900,5.000,0.332,1.664,0.074
157100,5.000,0.332,1.664,0.074
157300,5.000,0.332,1.664,0.074
157500,5.000,0.332,1.664,0.074
157700,5.000,0.332,1.664,0.074
157900,5.000,0.332,1.664,0.074
158100,5.000,0.332,1.664,0.074
158300,5.000,0.332,1.664,0.075
158500,5.000,0.332,1.660,0.075
158700,5.000,0.332,1.664,0.075
158900,5.000,0.332,1.664,0.075
159100,5.000,0.332,1.660,0.075
159300,5.000,0.332,1.664,0.075
159500,5.000,0.332,1.664,0.075
159700,5.000,0.332,1.664,0.075
159900,5.000,0.332,1.664,0.075
160100,5.000,0.332,1.660,0.075
160300,5.000,0.332,1.660,0.075
160500,5.000,0.332,1.660,0.076
160700,5.000,0.332,1.660,0.076
160900,5.000,0.332,1.664,0.076
161100,5.000,0.332,1.664,0.076
161300,5.000,0.332,1.664,0.076
161500,5.000,0.332,1.664,0.076
161700,5.000,0.332,1.664,0.076
161900,5.000,0.332,1.664,0.076
162100,5.000,0.332,1.664,0.076
162300,5.000,0.332,1.660,0.076
162500,5.000,0.332,1.664,0.077
162700,5.000,0.332,1.664,0.077
162900,5.000,0.332,1.664,0.077
163100,5.000,0.332,1.664,0.077
163300,5.000,0.332,1.664,0.077
163500,5.000,0.332,1.664,0.077
163700,5.000,0.333,1.667,0.077
163900,5.000,0.332,1.660,0.077
164100,5.000,0.332,1.664,0.077
164300,5.000,0.332,1.664,0.077
164500,5.000,0.332,1.664,0.077
164700,5.000,0.332,1.664,0.078
164900,5.000,0.332,1.664,0.078
165100,5.000,0.332,1.664,0.078
165300,5.000,0.332,1.664,0.078
165500,5.000,0.333,1.667,0.078
165700,5.000,0.332,1.664,0.078
165900,5.000,0.332,1.664,0.078
166100,5.000,0.332,1.660,0.078
166300,5.000,0.332,1.660,0.078
166500,5.000,0.332,1.664,0.078
166700,5.000,0.332,1.664,0.079
166900,5.000,0.332,1.664,0.079
167100,5.000,0.332,1.664,0.079
167300,5.000,0.332,1.664,0.079
167500,5.000,0.332,1.664,0.079
167700,5.000,0.332,1.664,0.079
167900,5.000,0.332,1.660,0.079
168100,5.000,0.332,1.660,0.079
168300,5.000,0.332,1.664,0.079
168500,5.000,0.332,1.664,0.079
168700,5.000,0.332,1.664,0.079
168900,5.000,0.332,1.664,0.080
169100,5.000,0.332,1.664,0.080
169300,5.000,0.332,1.664,0.080
169500,5.000,0.333,1.664,0.080
169700,5.000,0.332,1.664,0.080
169900,5.000,0.332,1.664,0.080
170100,5.000,0.332,1.664,0.080
170300,5.000,0.332,1.664,0.080
170500,5.000,0.332,1.664,0.080
170700,5.000,0.332,1.664,0.080
170900,5.000,0.332,1.664,0.081
171100,5.000,0.332,1.660,0.081
171300,5.000,0.332,1.660,0.081
171500,5.000,0.332,1.664,0.081
171700,5.000,0.332,1.664,0.081
171900,5.000,0.332,1.660,0.081
172100,5.000,0.332,1.660,0.081
172300,5.000,0.332,1.664,0.081
172500,5.000,0.332,1.664,0.081
172700,5.000,0.333,1.667,0.081
172900,5.000,0.332,1.664,0.082
173100,5.000,0.332,1.664,0.082
173300,5.000,0.332,1.664,0.082
173500,5.000,0.332,1.664,0.082
173700,5.000,0.332,1.664,0.082
173900,5.000,0.332,1.664,0.082
174100,5.000,0.332,1.664,0.082
174300,5.000,0.332,1.664,0.082
174500,5.000,0.332,1.664,0.082
174700,5.000,0.332,1.660,0.082
174900,5.000,0.332,1.660,0.082
175100,5.000,0.332,1.664,0.083
175300,5.000,0.332,1.664,0.083
175500,5.000,0.332,1.664,0.083
175700,5.000,0.332,1.660,0.083
175900,5.000,0.332,1.660,0.083
176100,5.000,0.332,1.664,0.083
176300,5.000,0.332,1.664,0.083
176500,5.000,0.332,1.664,0.083
176700,5.000,0.332,1.664,0.083
176900,5.000,0.332,1.664,0.083
177100,5.000,0.332,1.664,0.083
177300,5.000,0.332,1.664,0.084
