300,5.000,0.853,4.248,0.000
500,5.000,0.798,3.973,0.000
700,5.000,0.798,3.973,0.001
900,5.000,0.798,3.973,0.001
1100,5.000,0.796,3.966,0.001
1300,5.000,0.866,4.313,0.001
1500,5.000,0.893,4.447,0.002
1700,5.000,0.893,4.447,0.002
1900,5.000,0.911,4.538,0.002
2100,5.000,0.925,4.603,0.002
2300,5.000,0.898,4.470,0.003
2500,5.000,0.907,4.515,0.003
2700,5.000,0.907,4.515,0.003
2900,5.000,0.924,4.599,0.003
3100,5.000,0.898,4.473,0.004
3300,5.000,0.874,4.347,0.004
3500,5.000,0.874,4.347,0.004
3700,5.000,0.915,4.554,0.004
3900,5.000,0.888,4.420,0.005
4100,5.000,0.864,4.298,0.005
4300,5.000,0.869,4.325,0.005
4500,5.000,0.869,4.454,0.006
4700,5.000,0.895,4.454,0.006
4900,5.000,0.869,4.325,0.006
5100,5.000,0.836,4.160,0.006
5300,5.000,0.836,4.160,0.007
5500,5.000,0.857,4.267,0.007
5700,5.000,0.836,4.160,0.007
5900,5.000,0.837,4.168,0.007
6100,5.000,0.837,4.168,0.007
6300,5.000,0.876,4.359,0.008
6500,5.000,0.876,4.359,0.008
6700,5.000,0.822,4.092,0.008
6900,5.000,0.836,4.160,0.008
7100,5.000,0.864,4.305,0.009
7300,5.000,0.864,4.305,0.009
7500,5.000,0.849,4.225,0.009
7700,5.000,0.835,4.160,0.009
7900,5.000,0.832,4.141,0.010
8100,5.000,0.832,4.141,0.010
8300,5.000,0.875,4.359,0.010
8500,5.000,0.837,4.168,0.010
8700,5.000,0.839,4.176,0.011
8900,5.000,0.847,4.218,0.011
9100,5.000,0.847,4.218,0.011
9300,5.000,0.865,4.305,0.011
9500,5.000,0.826,4.111,0.012
9700,5.000,0.838,4.176,0.012
9900,5.000,0.838,4.176,0.012
10100,5.000,0.835,4.157,0.012
10300,5.000,0.844,4.202,0.013
10500,5.000,0.839,4.179,0.013
10700,5.000,0.819,4.076,0.013
10900,5.000,0.819,4.076,0.013
11100,5.000,0.869,4.328,0.014
11300,5.000,0.821,4.092,0.014
11500,5.000,0.833,4.149,0.014
11700,5.000,0.833,4.149,0.014
11900,5.000,0.854,4.252,0.015
12100,5.000,0.864,4.302,0.015
12300,5.000,0.832,4.145,0.015
12500,5.000,0.840,4.183,0.015
12700,5.000,0.866,4.309,0.016
12900,5.000,0.866,4.309,0.016
13100,5.000,0.840,4.183,0.016
13300,5.000,0.830,4.130,0.016
13500,5.000,0.865,4.305,0.017
13700,5.000,0.865,4.305,0.017
13900,5.000,0.852,4.244,0.017
14100,5.000,0.821,4.088,0.017
14300,5.000,0.833,4.149,0.018
14500,5.000,0.845,4.210,0.018
14700,5.000,0.845,4.210,0.018
14900,5.000,0.853,4.248,0.018
15100,5.000,0.834,4.153,0.019
15300,5.000,0.833,4.145,0.019
15500,5.000,0.833,4.145,0.019
15700,5.000,0.859,4.275,0.019
15900,5.000,0.840,4.179,0.019
16100,5.000,0.829,4.126,0.020
16300,5.000,0.856,4.260,0.020
16500,5.000,0.856,4.260,0.020
16700,5.000,0.868,4.321,0.021
16900,5.000,0.841,4.187,0.021
17100,5.000,0.832,4.145,0.021
17300,5.000,0.832,4.145,0.021
17500,5.000,0.875,4.359,0.021
17700,5.000,0.829,4.126,0.022
17900,5.000,0.832,4.145,0.022
18100,5.000,0.832,4.145,0.022
18300,5.000,0.857,4.267,0.022
18500,5.000,0.857,4.267,0.023
18700,5.000,0.820,4.084,0.023
18900,5.000,0.833,4.145,0.023
19100,5.000,0.852,4.244,0.023
19300,5.000,0.852,4.244,0.024
19500,5.000,0.834,4.157,0.024
19700,5.000,0.836,4.160,0.024
19900,5.000,0.836,4.160,0.024
20100,5.000,0.820,4.084,0.025
20300,5.000,0.874,4.347,0.025
20500,5.000,0.838,4.172,0.025
20700,5.000,0.837,4.168,0.025
20900,5.000,0.854,4.252,0.026
21100,5.000,0.854,4.252,0.026
21300,5.000,0.848,4.221,0.026
21500,5.000,0.830,4.134,0.026
21700,5.000,0.841,4.187,0.027
21900,5.000,0.841,4.187,0.027
22100,5.000,0.851,4.237,0.027
22300,5.000,0.832,4.141,0.027
22500,5.000,0.842,4.195,0.028
22700,5.000,0.829,4.126,0.028
22900,5.000,0.829,4.126,0.028
23100,5.000,0.859,4.275,0.028
23300,5.000,0.819,4.080,0.029
23500,5.000,0.834,4.153,0.029
23700,5.000,0.834,4.153,0.029
23900,5.000,0.848,4.221,0.029
24100,5.000,0.829,4.130,0.029
24300,5.000,0.831,4.137,0.030
24500,5.000,0.837,4.168,0.030
24700,5.000,0.837,4.168,0.030
24900,5.000,0.867,4.317,0.031
25100,5.000,0.835,4.157,0.031
25300,5.000,0.828,4.122,0.031
25500,5.000,0.828,4.122,0.031
25700,5.000,0.872,4.340,0.031
25900,5.000,0.840,4.179,0.032
26100,5.000,0.821,4.088,0.032
26300,5.000,0.838,4.172,0.032
26500,5.000,0.850,4.229,0.032
26700,5.000,0.850,4.229,0.033
26900,5.000,0.841,4.187,0.033
27100,5.000,0.831,4.137,0.033
27300,5.000,0.847,4.221,0.033
27500,5.000,0.847,4.221,0.034
27700,5.000,0.839,4.179,0.034
27900,5.000,0.816,4.065,0.034
28100,5.000,0.829,4.130,0.034
28300,5.000,0.865,4.309,0.035
28500,5.000,0.865,4.309,0.035
28700,5.000,0.845,4.210,0.035
28900,5.000,0.837,4.164,0.035
29100,5.000,0.846,4.214,0.036
29300,5.000,0.846,4.214,0.036
29500,5.000,0.861,4.286,0.036
29700,5.000,0.833,4.149,0.036
29900,5.000,0.829,4.126,0.037
30100,5.000,0.829,4.126,0.037
30300,5.000,0.845,4.206,0.037
30500,5.000,0.847,4.214,0.037
30700,5.000,0.817,4.069,0.038
30900,5.000,0.827,4.118,0.038
31100,5.000,0.827,4.118,0.038
31300,5.000,0.854,4.252,0.038
31500,5.000,0.829,4.126,0.039
31700,5.000,0.840,4.179,0.039
31900,5.000,0.840,4.179,0.039
32100,5.000,0.835,4.160,0.039
32300,5.000,0.860,4.283,0.040
32500,5.000,0.841,4.187,0.040
32700,5.000,0.830,4.134,0.040
32900,5.000,0.871,4.336,0.040
33100,5.000,0.871,4.336,0.041
33300,5.000,0.830,4.134,0.041
33500,5.000,0.832,4.141,0.041
33700,5.000,0.819,4.080,0.041
33900,5.000,0.819,4.080,0.041
34100,5.000,0.855,4.256,0.042
34300,5.000,0.830,4.134,0.042
34500,5.000,0.839,4.176,0.042
34700,5.000,0.848,4.225,0.042
34900,5.000,0.848,4.225,0.043
35100,5.000,0.848,4.225,0.043
35300,5.000,0.819,4.080,0.043
35500,5.000,0.846,4.210,0.043
35700,5.000,0.846,4.210,0.044
35900,5.000,0.843,4.199,0.044
36100,5.000,0.828,4.122,0.044
36300,5.000,0.835,4.157,0.044
36500,5.000,0.843,4.199,0.045
36700,5.000,0.843,4.199,0.045
36900,5.000,0.863,4.298,0.045
37100,5.000,0.831,4.141,0.045
37300,5.000,0.836,4.164,0.046
37500,5.000,0.836,4.164,0.046
37700,5.000,0.865,4.305,0.046
37900,5.000,0.834,4.153,0.046
38100,5.000,0.821,4.088,0.047
38300,5.000,0.840,4.179,0.047
38500,5.000,0.845,4.210,0.047
38700,5.000,0.845,4.210,0.047
38900,5.000,0.836,4.160,0.048
39100,5.000,0.832,4.141,0.048
39300,5.000,0.850,4.233,0.048
39500,5.000,0.850,4.233,0.048
39700,4.990,0.835,4.157,0.049
39900,5.000,0.819,4.080,0.049
40100,5.000,0.819,4.080,0.049
40300,5.000,0.871,4.336,0.049
40500,5.000,0.871,4.336,0.050
40700,5.000,0.838,4.172,0.050
40900,5.000,0.826,4.115,0.050
41100,5.000,0.861,4.286,0.050
41300,5.000,0.861,4.286,0.050
41500,5.000,0.841,4.187,0.051
41700,5.000,0.839,4.179,0.051
41900,5.000,0.832,4.145,0.051
42100,5.000,0.832,4.145,0.051
42300,5.000,0.860,4.279,0.052
42500,5.000,0.842,4.191,0.052
42700,5.000,0.817,4.069,0.052
42900,5.000,0.843,4.199,0.052
43100,5.000,0.843,4.199,0.053
43300,5.000,0.844,4.202,0.053
43500,5.000,0.831,4.137,0.053
43700,5.000,0.842,4.195,0.053
43900,5.000,0.842,4.195,0.054
44100,5.000,0.846,4.210,0.054
44300,5.000,0.841,4.191,0.054
44500,5.000,0.839,4.179,0.054
44700,5.000,0.830,4.134,0.055
44900,5.000,0.830,4.134,0.055
45100,5.000,0.873,4.347,0.055
45300,5.000,0.831,4.137,0.055
45500,5.000,0.842,4.191,0.056
45700,5.000,0.842,4.191,0.056
45900,5.000,0.843,4.195,0.056
46100,5.000,0.863,4.298,0.056
46300,5.000,0.835,4.160,0.057
46500,5.000,0.848,4.221,0.057
46700,5.000,0.861,4.290,0.057
46900,5.000,0.861,4.290,0.057
47100,5.000,0.832,4.145,0.058
47300,5.000,0.823,4.099,0.058
47500,5.000,0.856,4.260,0.058
47700,5.000,0.856,4.260,0.058
47900,5.000,0.829,4.130,0.059
48100,5.000,0.830,4.134,0.059
48300,5.000,0.841,4.187,0.059
48500,5.000,0.847,4.214,0.059
48700,5.000,0.847,4.214,0.060
48900,5.000,0.848,4.221,0.060
49100,5.000,0.832,4.141,0.060
49300,5.000,0.850,4.233,0.060
49500,5.000,0.850,4.233,0.061
49700,5.000,0.857,4.263,0.061
49900,5.000,0.829,4.126,0.061
50100,5.000,0.836,4.160,0.061
50300,5.000,0.851,4.241,0.062
50500,5.000,0.851,4.241,0.062
50700,4.990,0.837,4.168,0.062
50900,5.000,0.827,4.115,0.062
51100,5.000,0.838,4.176,0.062
51300,5.000,0.838,4.176,0.063
51500,5.000,0.844,4.202,0.063
51700,5.000,0.841,4.187,0.063
51900,5.000,0.824,4.099,0.063
52100,5.000,0.824,4.099,0.064
52300,5.000,0.846,4.210,0.064
52500,5.000,0.846,4.210,0.064
52700,5.000,0.817,4.065,0.064
52900,5.000,0.830,4.134,0.065
53100,5.000,0.870,4.332,0.065
53300,5.000,0.870,4.332,0.065
53500,5.000,0.831,4.137,0.065
53700,5.000,0.842,4.191,0.066
53900,5.000,0.840,4.183,0.066
54100,5.000,0.840,4.183,0.066
54300,5.000,0.863,4.298,0.066
54500,5.000,0.839,4.179,0.067
54700,5.000,0.822,4.096,0.067
54900,5.000,0.862,4.290,0.067
55100,5.000,0.862,4.290,0.067
55300,5.000,0.833,4.149,0.068
55500,5.000,0.838,4.172,0.068
55700,5.000,0.837,4.168,0.068
55900,5.000,0.837,4.168,0.068
56100,4.990,0.846,4.214,0.069
56300,5.000,0.834,4.153,0.069
56500,5.000,0.821,4.088,0.069
56700,5.000,0.846,4.214,0.069
56900,5.000,0.846,4.214,0.070
57100,5.000,0.858,4.275,0.070
57300,5.000,0.835,4.157,0.070
57500,5.000,0.839,4.179,0.070
57700,5.000,0.839,4.179,0.071
57900,5.000,0.851,4.237,0.071
58100,5.000,0.840,4.183,0.071
58300,5.000,0.839,4.176,0.071
58500,5.000,0.828,4.122,0.072
58700,5.000,0.865,4.305,0.072
58900,5.000,0.865,4.305,0.072
59100,5.000,0.832,4.141,0.072
59300,5.000,0.823,4.099,0.072
59500,5.000,0.823,4.099,0.073
59700,5.000,0.858,4.267,0.073
59900,5.000,0.826,4.115,0.073
60100,5.000,0.835,4.157,0.073
60300,5.000,0.839,4.176,0.074
60500,5.000,0.858,4.271,0.074
60700,5.000,0.858,4.271,0.074
60900,5.000,0.830,4.130,0.074
61100,5.000,0.834,4.153,0.075
61300,5.000,0.857,4.267,0.075
61500,5.000,0.857,4.267,0.075
61700,5.000,0.849,4.225,0.075
61900,5.000,0.832,4.141,0.076
62100,5.000,0.843,4.199,0.076
62300,5.000,0.862,4.290,0.076
62500,5.000,0.862,4.290,0.076
62700,5.000,0.852,4.244,0.077
62900,5.000,0.831,4.137,0.077
63100,5.000,0.843,4.199,0.077
63300,5.000,0.843,4.199,0.077
63500,5.000,0.846,4.214,0.078
63700,5.000,0.842,4.195,0.078
63900,5.000,0.824,4.103,0.078
64100,5.000,0.824,4.103,0.078
64300,5.000,0.852,4.149,0.079
64500,5.000,0.833,4.149,0.079
64700,5.000,0.829,4.130,0.079
64900,5.000,0.839,4.176,0.079
65100,5.000,0.839,4.176,0.080
65300,5.000,0.840,4.183,0.080
65500,5.000,0.839,4.176,0.080
65700,5.000,0.837,4.168,0.080
65900,5.000,0.837,4.168,0.080
66100,5.000,0.846,4.214,0.081
66300,5.000,0.858,4.271,0.081
66500,5.000,0.834,4.153,0.081
66700,5.000,0.833,4.149,0.082
66900,5.000,0.872,4.340,0.082
67100,5.000,0.872,4.340,0.082
67300,5.000,0.825,4.107,0.082
67500,5.000,0.840,4.183,0.082
67700,5.000,0.831,4.137,0.083
67900,5.000,0.831,4.137,0.083
68100,5.000,0.843,4.199,0.083
68300,5.000,0.839,4.179,0.084
68500,5.000,0.821,4.088,0.084
68700,5.000,0.863,4.298,0.084
68900,5.000,0.863,4.298,0.084
69100,5.000,0.836,4.160,0.084
69300,5.000,0.844,4.202,0.085
69500,5.000,0.835,4.157,0.085
69700,5.000,0.835,4.157,0.085
69900,5.000,0.858,4.271,0.085
70100,5.000,0.835,4.160,0.086
70300,5.000,0.840,4.183,0.086
70500,5.000,0.845,4.206,0.086
70700,5.000,0.845,4.206,0.086
70900,5.000,0.854,4.252,0.087
71100,5.000,0.835,4.160,0.087
71300,5.000,0.820,4.084,0.087
71500,5.000,0.820,4.084,0.087
71700,5.000,0.849,4.229,0.088
71900,5.000,0.825,4.107,0.088
72100,5.000,0.843,4.195,0.088
72300,5.000,0.833,4.149,0.088
72500,5.000,0.844,4.199,0.089
72700,5.000,0.844,4.199,0.089
72900,5.000,0.833,4.145,0.089
73100,5.000,0.817,4.065,0.089
73300,5.000,0.852,4.244,0.090
73500,5.000,0.852,4.244,0.090
73700,5.000,0.848,4.221,0.090
73900,5.000,0.839,4.176,0.090
74100,5.000,0.840,4.183,0.090
74300,5.000,0.864,4.302,0.091
74500,5.000,0.864,4.302,0.091
74700,5.000,0.830,4.134,0.091
74900,5.000,0.837,4.168,0.092
75100,5.000,0.851,4.241,0.092
75300,5.000,0.851,4.241,0.092
75500,5.000,0.859,4.275,0.092
75700,5.000,0.838,4.172,0.092
75900,5.000,0.819,4.080,0.093
76100,5.000,0.819,4.080,0.093
76300,5.000,0.855,4.256,0.093
76500,4.990,0.827,4.118,0.094
76700,5.000,0.834,4.153,0.094
76900,5.000,0.847,4.218,0.094
77100,5.000,0.847,4.218,0.094
77300,5.000,0.846,4.210,0.094
77500,5.000,0.842,4.191,0.095
77700,5.000,0.817,4.069,0.095
77900,5.000,0.817,4.069,0.095
78100,5.000,0.849,4.225,0.095
78300,5.000,0.851,4.237,0.096
78500,5.000,0.828,4.122,0.096
78700,5.000,0.840,4.183,0.096
78900,5.000,0.863,4.298,0.096
79100,5.000,0.863,4.298,0.097
79300,5.000,0.836,4.160,0.097
79500,5.000,0.837,4.168,0.097
79700,5.000,0.837,4.168,0.097
79900,5.000,0.833,4.145,0.098
80100,5.000,0.846,4.214,0.098
80300,5.000,0.840,4.183,0.098
80500,5.000,0.822,4.092,0.098
80700,5.000,0.866,4.313,0.099
80900,5.000,0.866,4.313,0.099
81100,5.000,0.823,4.099,0.099
81300,5.000,0.819,4.080,0.099
81500,5.000,0.834,4.153,0.100
81700,5.000,0.834,4.153,0.100
81900,5.000,0.847,4.218,0.100
82100,5.000,0.843,4.195,0.100
82300,5.000,0.834,4.153,0.101
82500,5.000,0.860,4.283,0.101
82700,5.000,0.860,4.283,0.101
82900,5.000,0.842,4.195,0.101
83100,5.000,0.842,4.191,0.102
83300,5.000,0.831,4.137,0.102
83500,5.000,0.831,4.137,0.102
83700,5.000,0.872,4.344,0.102
83900,5.000,0.826,4.111,0.102
84100,5.000,0.840,4.179,0.103
84300,5.000,0.834,4.153,0.103
84500,5.000,0.834,4.153,0.103
84700,5.000,0.839,4.176,0.104
84900,5.000,0.838,4.176,0.104
85100,5.000,0.817,4.069,0.104
85300,5.000,0.817,4.069,0.104
85500,5.000,0.861,4.286,0.104
85700,5.000,0.818,4.073,0.105
85900,5.000,0.841,4.191,0.105
86100,5.000,0.841,4.191,0.105
86300,5.000,0.862,4.290,0.105
86500,5.000,0.862,4.290,0.106
86700,5.000,0.836,4.160,0.106
86900,5.000,0.843,4.199,0.106
87100,5.000,0.857,4.263,0.106
87300,5.000,0.857,4.263,0.107
87500,5.000,0.847,4.221,0.107
87700,5.000,0.827,4.118,0.107
87900,5.000,0.817,4.069,0.107
88100,5.000,0.817,4.069,0.108
88300,5.000,0.862,4.294,0.108
88500,5.000,0.822,4.096,0.108
88700,5.000,0.841,4.187,0.108
88900,5.000,0.841,4.187,0.109
89100,5.000,0.841,4.187,0.109
89300,5.000,0.858,4.275,0.109
89500,5.000,0.835,4.160,0.109
89700,5.000,0.823,4.099,0.110
89900,5.000,0.823,4.099,0.110
90100,5.000,0.853,4.244,0.110
90300,5.000,0.848,4.221,0.110
90500,5.000,0.835,4.157,0.111
90700,5.000,0.841,4.187,0.111
90900,5.000,0.841,4.187,0.111
91100,5.000,0.859,4.279,0.111
91300,5.000,0.843,4.199,0.112
91500,5.000,0.829,4.126,0.112
91700,5.000,0.829,4.126,0.112
91900,5.000,0.842,4.191,0.112
92100,5.000,0.859,4.279,0.112
92300,5.000,0.834,4.149,0.113
92500,5.000,0.817,4.069,0.113
92700,5.000,0.860,4.279,0.113
92900,5.000,0.860,4.279,0.114
93100,5.000,0.819,4.080,0.114
93300,5.000,0.828,4.122,0.114
93500,5.000,0.842,4.191,0.114
93700,5.000,0.842,4.191,0.114
93900,5.000,0.846,4.210,0.115
94100,5.000,0.843,4.199,0.115
94300,5.000,0.829,4.126,0.115
94500,5.000,0.863,4.294,0.115
94700,5.000,0.863,4.294,0.116
94900,5.000,0.840,4.183,0.116
95100,5.000,0.838,4.172,0.116
95300,5.000,0.839,4.176,0.116
95500,5.000,0.839,4.176,0.117
95700,5.000,0.860,4.283,0.117
95900,5.000,0.822,4.092,0.117
96100,5.000,0.833,4.145,0.117
96300,5.000,0.839,4.179,0.118
96500,5.000,0.839,4.179,0.118
96700,5.000,0.843,4.199,0.118
96900,5.000,0.844,4.202,0.118
97100,5.000,0.819,4.080,0.119
97300,5.000,0.819,4.080,0.119
97500,5.000,0.870,4.328,0.119
97700,5.000,0.819,4.076,0.119
97900,5.000,0.837,4.168,0.120
98100,5.000,0.837,4.168,0.120
98300,5.000,0.850,4.233,0.120
98500,5.000,0.850,4.233,0.120
98700,5.000,0.843,4.199,0.121
98900,5.000,0.835,4.157,0.121
99100,5.000,0.871,4.336,0.121
99300,5.000,0.871,4.336,0.121
99500,5.000,0.836,4.160,0.122
99700,5.000,0.832,4.141,0.122
99900,5.000,0.832,4.141,0.122
100100,5.000,0.818,4.073,0.122
100300,5.000,0.848,4.221,0.123
100500,4.990,0.822,4.092,0.123
100700,5.000,0.838,4.176,0.123
100900,5.000,0.835,4.160,0.123
101100,5.000,0.835,4.160,0.123
101300,5.000,0.852,4.244,0.124
101500,5.000,0.830,4.134,0.124
101700,5.000,0.824,4.103,0.124
101900,4.990,0.824,4.103,0.124
102100,5.000,0.866,4.313,0.125
102300,5.000,0.836,4.164,0.125
102500,5.000,0.839,4.179,0.125
102700,5.000,0.846,4.210,0.125
102900,5.000,0.846,4.210,0.126
103100,5.000,0.854,4.252,0.126
103300,5.000,0.832,4.145,0.126
103500,5.000,0.839,4.179,0.126
103700,5.000,0.839,4.179,0.127
103900,5.000,0.838,4.172,0.127
104100,5.000,0.852,4.241,0.127
104300,5.000,0.829,4.126,0.127
104500,5.000,0.819,4.080,0.128
104700,5.000,0.819,4.080,0.128
104900,5.000,0.862,4.290,0.128
105100,5.000,0.816,4.065,0.128
105300,5.000,0.827,4.115,0.129
105500,5.000,0.827,4.115,0.129
105700,5.000,0.850,4.229,0.129
105900,5.000,0.843,4.199,0.129
106100,5.000,0.835,4.157,0.130
106300,5.000,0.832,4.145,0.130
106500,5.000,0.864,4.302,0.130
106700,5.000,0.864,4.302,0.130
106900,5.000,0.844,4.206,0.131
107100,5.000,0.830,4.134,0.131
107300,5.000,0.863,4.294,0.131
107500,5.000,0.863,4.294,0.131
107700,5.000,0.840,4.179,0.132
107900,5.000,0.835,4.160,0.132
108100,5.000,0.827,4.115,0.132
108300,5.000,0.847,4.214,0.132
108500,5.000,0.847,4.214,0.133
108700,5.000,0.850,4.233,0.133
108900,5.000,0.839,4.176,0.133
109100,5.000,0.837,4.168,0.133
109300,5.000,0.837,4.168,0.133
109500,5.000,0.863,4.298,0.134
109700,5.000,0.824,4.099,0.134
109900,5.000,0.830,4.130,0.134
110100,5.000,0.830,4.130,0.134
110300,5.000,0.840,4.179,0.135
110500,5.000,0.841,4.187,0.135
110700,5.000,0.840,4.183,0.135
110900,5.000,0.828,4.122,0.135
111100,5.000,0.828,4.122,0.136
111300,5.000,0.873,4.347,0.136
111500,5.000,0.831,4.134,0.136
111700,5.000,0.836,4.164,0.136
111900,5.000,0.836,4.164,0.137
112100,5.000,0.843,4.199,0.137
112300,5.000,0.861,4.286,0.137
112500,5.000,0.817,4.069,0.137
112700,5.000,0.831,4.137,0.138
112900,5.000,0.848,4.225,0.138
113100,5.000,0.848,4.225,0.138
113300,5.000,0.831,4.141,0.138
113500,5.000,0.833,4.149,0.139
113700,5.000,0.821,4.088,0.139
113900,5.000,0.821,4.088,0.139
114100,5.000,0.874,4.351,0.139
114300,5.000,0.821,4.092,0.140
114500,5.000,0.841,4.187,0.140
114700,5.000,0.854,4.252,0.140
114900,5.000,0.854,4.252,0.140
115100,5.000,0.848,4.221,0.141
115300,5.000,0.827,4.118,0.141
115500,5.000,0.846,4.210,0.141
115700,5.000,0.846,4.210,0.141
115900,5.000,0.867,4.321,0.142
116100,5.000,0.835,4.157,0.142
116300,5.000,0.831,4.137,0.142
116500,5.000,0.833,4.149,0.142
116700,5.000,0.833,4.149,0.143
116900,5.000,0.860,4.283,0.143
117100,5.000,0.820,4.084,0.143
117300,5.000,0.833,4.145,0.143
117500,5.000,0.833,4.145,0.143
117700,5.000,0.855,4.256,0.144
117900,5.000,0.838,4.172,0.144
118100,5.000,0.827,4.118,0.144
118300,5.000,0.823,4.096,0.145
118500,5.000,0.864,4.302,0.145
118700,5.000,0.864,4.302,0.145
118900,5.000,0.839,4.179,0.145
119100,5.000,0.830,4.130,0.145
119300,5.000,0.830,4.260,0.146
119500,5.000,0.855,4.260,0.146
119700,4.990,0.830,4.134,0.146
119900,5.000,0.832,4.141,0.146
120100,5.000,0.832,4.141,0.147
120300,5.000,0.861,4.286,0.147
120500,5.000,0.861,4.286,0.147
120700,5.000,0.838,4.176,0.147
120900,5.000,0.827,4.118,0.148
121100,5.000,0.849,4.225,0.148
121300,5.000,0.849,4.225,0.148
121500,4.990,0.840,4.183,0.148
121700,5.000,0.825,4.107,0.149
121900,5.000,0.829,4.130,0.149
122100,5.000,0.829,4.130,0.149
122300,5.000,0.852,4.241,0.149
122500,5.000,0.843,4.199,0.150
122700,5.000,0.835,4.157,0.150
122900,5.000,0.833,4.149,0.150
123100,5.000,0.833,4.149,0.150
123300,5.000,0.860,4.283,0.151
123500,5.000,0.832,4.141,0.151
123700,5.000,0.844,4.202,0.151
123900,5.000,0.844,4.202,0.151
124100,5.000,0.863,4.298,0.152
124300,5.000,0.843,4.199,0.152
124500,5.000,0.838,4.172,0.152
124700,5.000,0.829,4.126,0.152
124900,5.000,0.829,4.126,0.153
125100,5.000,0.850,4.233,0.153
125300,5.000,0.827,4.118,0.153
125500,5.000,0.838,4.172,0.153
125700,5.000,0.838,4.172,0.153
125900,5.000,0.830,4.134,0.154
126100,5.000,0.860,4.279,0.154
126300,5.000,0.825,4.107,0.154
126500,5.000,0.834,4.153,0.155
126700,5.000,0.851,4.237,0.155
126900,5.000,0.851,4.237,0.155
127100,5.000,0.834,4.157,0.155
127300,5.000,0.831,4.137,0.155
127500,5.000,0.858,4.271,0.156
127700,5.000,0.858,4.271,0.156
127900,5.000,0.849,4.229,0.156
128100,5.000,0.827,4.118,0.156
128300,5.000,0.836,4.164,0.157
128500,5.000,0.855,4.256,0.157
128700,5.000,0.855,4.256,0.157
128900,5.000,0.830,4.134,0.157
129100,5.000,0.824,4.099,0.158
129300,5.000,0.849,4.229,0.158
129500,5.000,0.849,4.229,0.158
129700,5.000,0.849,4.229,0.158
129900,5.000,0.831,4.137,0.159
130100,5.000,0.832,4.141,0.159
130300,5.000,0.831,4.137,0.159
130500,5.000,0.831,4.137,0.159
130700,5.000,0.858,4.275,0.160
130900,5.000,0.820,4.084,0.160
131100,5.000,0.836,4.160,0.160
131300,5.000,0.836,4.160,0.160
131500,5.000,0.868,4.321,0.161
131700,5.000,0.837,4.168,0.161
131900,5.000,0.830,4.134,0.161
132100,5.000,0.830,4.134,0.161
132300,5.000,0.864,4.302,0.162
132500,5.000,0.864,4.302,0.162
132700,5.000,0.835,4.157,0.162
132900,5.000,0.828,4.122,0.162
133100,5.000,0.851,4.237,0.163
133300,5.000,0.851,4.237,0.163
133500,5.000,0.831,4.137,0.163
133700,5.000,0.822,4.096,0.163
133900,5.000,0.838,4.172,0.163
134100,5.000,0.838,4.172,0.164
134300,5.000,0.857,4.267,0.164
134500,5.000,0.841,4.187,0.164
134700,5.000,0.828,4.126,0.165
134900,5.000,0.847,4.218,0.165
135100,5.000,0.847,4.218,0.165
135300,5.000,0.839,4.176,0.165
135500,5.000,0.821,4.092,0.165
135700,5.000,0.837,4.168,0.166
135900,5.000,0.837,4.168,0.166
136100,5.000,0.874,4.351,0.166
136300,5.000,0.833,4.145,0.166
136500,5.000,0.834,4.153,0.167
136700,5.000,0.846,4.214,0.167
136900,5.000,0.846,4.214,0.167
137100,5.000,0.870,4.332,0.167
137300,5.000,0.830,4.134,0.168
137500,5.000,0.842,4.191,0.168
137700,5.000,0.842,4.191,0.168
137900,5.000,0.842,4.191,0.168
138100,5.000,0.839,4.176,0.169
138300,5.000,0.822,4.096,0.169
138500,5.000,0.830,4.130,0.169
138700,5.000,0.854,4.252,0.169
138900,5.000,0.854,4.252,0.170
139100,5.000,0.829,4.130,0.170
139300,5.000,0.839,4.176,0.170
139500,5.000,0.839,4.176,0.170
139700,5.000,0.842,4.191,0.171
139900,5.000,0.834,4.149,0.171
140100,5.000,0.832,4.141,0.171
140300,5.000,0.841,4.187,0.171
140500,5.000,0.871,4.336,0.172
140700,5.000,0.871,4.336,0.172
140900,5.000,0.832,4.141,0.172
141100,5.000,0.835,4.157,0.172
141300,5.000,0.859,4.275,0.173
141500,5.000,0.859,4.275,0.173
141700,5.000,0.836,4.160,0.173
141900,5.000,0.830,4.130,0.173
142100,5.000,0.838,4.176,0.173
142300,5.000,0.842,4.195,0.174
142500,5.000,0.842,4.195,0.174
142700,5.000,0.847,4.214,0.174
142900,5.000,0.821,4.088,0.175
143100,5.000,0.846,4.210,0.175
143300,5.000,0.846,4.210,0.175
143500,5.000,0.848,4.221,0.175
143700,5.000,0.844,4.202,0.175
143900,5.000,0.834,4.153,0.176
144100,5.000,0.834,4.153,0.176
144300,5.000,0.858,4.275,0.176
144500,5.000,0.852,4.244,0.177
144700,5.000,0.828,4.122,0.177
144900,5.000,0.835,4.157,0.177
145100,5.000,0.835,4.157,0.177
145300,5.000,0.862,4.294,0.177
145500,5.000,0.836,4.160,0.178
145700,5.000,0.827,4.118,0.178
145900,5.000,0.827,4.118,0.178
146100,5.000,0.848,4.221,0.178
146300,5.000,0.850,4.233,0.179
146500,5.000,0.835,4.157,0.179
146700,5.000,0.833,4.145,0.179
146900,5.000,0.853,4.244,0.179
147100,5.000,0.853,4.244,0.180
147300,5.000,0.832,4.141,0.180
147500,5.000,0.821,4.088,0.180
147700,5.000,0.830,4.137,0.180
147900,5.000,0.830,4.137,0.181
148100,5.000,0.841,4.187,0.181
148300,5.000,0.835,4.157,0.181
148500,5.000,0.829,4.130,0.181
148700,5.000,0.862,4.290,0.182
148900,5.000,0.862,4.290,0.182
149100,5.000,0.842,4.191,0.182
149300,5.000,0.840,4.179,0.182
149500,5.000,0.838,4.176,0.183
149700,5.000,0.838,4.176,0.183
149900,5.000,0.867,4.313,0.183
150100,5.000,0.830,4.134,0.183
150300,5.000,0.818,4.076,0.184
150500,5.000,0.843,4.199,0.184
150700,5.000,0.843,4.199,0.184
150900,5.000,0.842,4.195,0.184
151100,5.000,0.834,4.153,0.185
151300,5.000,0.845,4.206,0.185
151500,5.000,0.845,4.206,0.185
151700,5.000,0.848,4.221,0.185
151900,5.000,0.830,4.134,0.185
152100,5.000,0.839,4.179,0.186
152300,5.000,0.836,4.164,0.186
152500,5.000,0.871,4.340,0.186
152700,5.000,0.871,4.340,0.186
152900,5.000,0.828,4.122,0.187
153100,5.000,0.839,4.176,0.187
153300,5.000,0.857,4.267,0.187
153500,5.000,0.857,4.267,0.187
153700,5.000,0.846,4.214,0.188
153900,5.000,0.834,4.153,0.188
154100,5.000,0.843,4.199,0.188
154300,5.000,0.856,4.263,0.188
154500,5.000,0.856,4.263,0.189
154700,5.000,0.829,4.130,0.189
154900,5.000,0.822,4.092,0.189
155100,5.000,0.853,4.244,0.189
155300,5.000,0.853,4.244,0.190
155500,5.000,0.832,4.141,0.190
155700,5.000,0.838,4.172,0.190
155900,5.000,0.843,4.199,0.190
156100,5.000,0.843,4.199,0.191
156300,5.000,0.857,4.267,0.191
156500,5.000,0.842,4.191,0.191
156700,5.000,0.831,4.141,0.191
156900,5.000,0.850,4.237,0.192
157100,5.000,0.850,4.237,0.192
157300,5.000,0.855,4.256,0.192
157500,5.000,0.821,4.092,0.192
157700,5.000,0.831,4.137,0.193
157900,5.000,0.831,4.137,0.193
158100,5.000,0.854,4.252,0.193
158300,5.000,0.832,4.145,0.193
158500,5.000,0.829,4.126,0.194
158700,5.000,0.840,4.183,0.194
158900,5.000,0.844,4.202,0.194
159100,5.000,0.844,4.202,0.194
159300,5.000,0.840,4.183,0.195
159500,5.000,0.821,4.088,0.195
159700,5.000,0.821,4.088,0.195
159900,5.000,0.833,4.149,0.195
160100,5.000,0.855,4.260,0.195
160300,5.000,0.840,4.187,0.196
160500,5.000,0.831,4.137,0.196
160700,5.000,0.860,4.283,0.196
160900,5.000,0.860,4.283,0.196
161100,5.000,0.839,4.179,0.197
161300,5.000,0.842,4.191,0.197
161500,5.000,0.844,4.202,0.197
161700,5.000,0.844,4.202,0.197
161900,5.000,0.848,4.221,0.198
162100,5.000,0.838,4.172,0.198
162300,5.000,0.818,4.073,0.198
162500,5.000,0.862,4.294,0.198
162700,5.000,0.862,4.294,0.199
162900,4.990,0.831,4.137,0.199
163100,5.000,0.836,4.160,0.199
163300,5.000,0.838,4.172,0.199
163500,4.990,0.838,4.172,0.200
163700,5.000,0.856,4.263,0.200
163900,5.000,0.835,4.157,0.200
164100,5.000,0.822,4.092,0.200
164300,5.000,0.843,4.199,0.201
164500,5.000,0.843,4.199,0.201
164700,5.000,0.858,4.275,0.201
164900,5.000,0.831,4.134,0.201
165100,5.000,0.841,4.187,0.202
165300,5.000,0.841,4.187,0.202
165500,5.000,0.859,4.275,0.202
165700,5.000,0.839,4.176,0.202
165900,5.000,0.839,4.179,0.203
166100,5.000,0.839,4.179,0.203
166300,5.000,0.854,4.252,0.203
166500,5.000,0.854,4.252,0.203
166700,5.000,0.831,4.141,0.204
166900,5.000,0.822,4.092,0.204
167100,5.000,0.857,4.263,0.204
167300,5.000,0.857,4.263,0.204
167500,5.000,0.827,4.118,0.205
167700,5.000,0.830,4.134,0.205
167900,5.000,0.838,4.172,0.205
168100,5.000,0.838,4.172,0.205
168300,5.000,0.851,4.237,0.206
168500,5.000,0.830,4.134,0.206
168700,5.000,0.837,4.168,0.206
168900,5.000,0.853,4.244,0.206
169100,5.000,0.853,4.244,0.206
169300,5.000,0.851,4.237,0.207
169500,5.000,0.839,4.176,0.207
169700,5.000,0.828,4.122,0.207
169900,5.000,0.828,4.122,0.207
170100,5.000,0.855,4.256,0.208
170300,5.000,0.825,4.107,0.208
170500,5.000,0.831,4.134,0.208
170700,5.000,0.843,4.199,0.208
170900,5.000,0.843,4.199,0.209
171100,5.000,0.847,4.218,0.209
171300,5.000,0.844,4.202,0.209
171500,5.000,0.819,4.080,0.209
171700,5.000,0.819,4.080,0.210
171900,5.000,0.848,4.221,0.210
172100,5.000,0.835,4.160,0.210
172300,5.000,0.836,4.160,0.210
172500,5.000,0.838,4.176,0.211
172700,5.000,0.860,4.283,0.211
172900,5.000,0.860,4.283,0.211
173100,5.000,0.839,4.179,0.211
173300,5.000,0.835,4.157,0.212
173500,5.000,0.857,4.263,0.212
173700,5.000,0.857,4.263,0.212
173900,5.000,0.843,4.199,0.212
174100,5.000,0.843,4.199,0.213
174300,5.000,0.832,4.145,0.213
174500,5.000,0.882,4.393,0.213
174700,5.000,0.882,4.393,0.213
174900,5.000,0.824,4.103,0.214
175100,5.000,0.840,4.183,0.214
175300,5.000,0.821,4.088,0.214
175500,5.000,0.821,4.088,0.214
175700,5.000,0.855,4.260,0.215
175900,5.000,0.840,4.183,0.215
176100,5.000,0.820,4.084,0.215
176300,5.000,0.836,4.164,0.215
176500,5.000,0.836,4.164,0.216
176700,5.000,0.854,4.252,0.216
176900,5.000,0.840,4.187,0.216
177100,5.000,0.836,4.160,0.216
177300,5.000,0.836,4.160,0.216
177500,5.000,0.863,4.294,0.217
177700,5.000,0.835,4.160,0.217
177900,5.000,0.840,4.183,0.217
178100,5.000,0.840,4.183,0.217
178300,5.000,0.852,4.241,0.218
178500,5.000,0.852,4.241,0.218
178700,5.000,0.838,4.172,0.218
178900,5.000,0.820,4.084,0.218
179100,5.000,0.820,4.313,0.219
179300,5.000,0.866,4.313,0.219
179500,5.000,0.822,4.092,0.219
179700,5.000,0.829,4.130,0.219
179900,5.000,0.829,4.130,0.220
180100,5.000,0.837,4.168,0.220
180300,5.000,0.861,4.290,0.220
180500,5.000,0.832,4.141,0.220
180700,5.000,0.841,4.187,0.221
180900,5.000,0.856,4.263,0.221
181100,5.000,0.856,4.263,0.221
181300,5.000,0.850,4.233,0.221
181500,5.000,0.832,4.145,0.222
181700,5.000,0.834,4.157,0.222
181900,5.000,0.834,4.157,0.222
182100,5.000,0.861,4.286,0.222
182300,5.000,0.838,4.172,0.223
182500,5.000,0.837,4.168,0.223
182700,5.000,0.841,4.191,0.223
182900,5.000,0.841,4.191,0.223
183100,5.000,0.852,4.241,0.224
183300,5.000,0.837,4.168,0.224
183500,5.000,0.823,4.099,0.224
183700,5.000,0.823,4.099,0.224
183900,5.000,0.864,4.302,0.225
184100,5.000,0.829,4.126,0.225
184300,5.000,0.831,4.137,0.225
184500,5.000,0.842,4.195,0.225
184700,5.000,0.842,4.195,0.226
184900,5.000,0.848,4.221,0.226
185100,5.000,0.840,4.183,0.226
185300,5.000,0.828,4.122,0.226
185500,5.000,0.828,4.122,0.226
185700,5.000,0.871,4.336,0.227
185900,5.000,0.840,4.183,0.227
186100,5.000,0.838,4.172,0.227
186300,5.000,0.830,4.130,0.228
186500,4.990,0.861,4.286,0.228
186700,5.000,0.861,4.286,0.228
186900,5.000,0.823,4.099,0.228
187100,5.000,0.832,4.141,0.228
187300,5.000,0.837,4.168,0.229
187500,5.000,0.837,4.168,0.229
187700,5.000,0.843,4.199,0.229
187900,5.000,0.840,4.183,0.229
188100,5.000,0.818,4.069,0.230
188300,5.000,0.863,4.298,0.230
188500,5.000,0.863,4.298,0.230
188700,5.000,0.825,4.111,0.230
188900,5.000,0.855,4.260,0.231
189100,5.000,0.843,4.199,0.231
189300,5.000,0.843,4.199,0.231
189500,5.000,0.861,4.286,0.231
189700,5.000,0.828,4.126,0.232
189900,5.000,0.833,4.145,0.232
190100,5.000,0.833,4.145,0.232
190300,5.000,0.856,4.260,0.232
190500,5.000,0.842,4.191,0.233
190700,5.000,0.842,4.191,0.233
190900,5.000,0.819,4.080,0.233
191100,5.000,0.819,4.080,0.233
191300,5.000,0.872,4.340,0.234
191500,5.000,0.821,4.088,0.234
191700,5.000,0.832,4.141,0.234
191900,5.000,0.832,4.141,0.234
192100,5.000,0.832,4.141,0.235
192300,5.000,0.854,4.252,0.235
192500,5.000,0.838,4.172,0.235
192700,5.000,0.816,4.061,0.235
192900,5.000,0.863,4.298,0.236
193100,5.000,0.863,4.298,0.236
193300,5.000,0.837,4.168,0.236
193500,5.000,0.829,4.130,0.236
193700,5.000,0.841,4.187,0.236
193900,5.000,0.841,4.187,0.237
194100,5.000,0.871,4.336,0.237
194300,5.000,0.834,4.153,0.237
194500,5.000,0.840,4.183,0.238
194700,5.000,0.844,4.202,0.238
194900,5.000,0.844,4.202,0.238
195100,5.000,0.853,4.244,0.238
195300,5.000,0.828,4.122,0.238
195500,5.000,0.833,4.149,0.239
195700,5.000,0.833,4.149,0.239
195900,5.000,0.866,4.309,0.239
196100,5.000,0.821,4.088,0.239
196300,5.000,0.829,4.126,0.240
196500,5.000,0.837,4.168,0.240
196700,5.000,0.837,4.168,0.240
196900,5.000,0.859,4.279,0.240
197100,5.000,0.832,4.141,0.241
197300,5.000,0.821,4.088,0.241
197500,5.000,0.821,4.088,0.241
197700,5.000,0.868,4.321,0.241
197900,5.000,0.842,4.191,0.242
198100,5.000,0.829,4.126,0.242
198300,5.000,0.837,4.168,0.242
198500,5.000,0.859,4.275,0.242
198700,5.000,0.859,4.275,0.243
198900,5.000,0.841,4.187,0.243
199100,5.000,0.829,4.126,0.243
199300,5.000,0.829,4.126,0.243
199500,5.000,0.852,4.244,0.244
199700,5.000,0.827,4.118,0.244
199900,5.000,0.834,4.149,0.244
200100,5.000,0.834,4.149,0.244
200300,5.000,0.866,4.313,0.245
200500,5.000,0.866,4.313,0.245
200700,5.000,0.821,4.088,0.245
200900,5.000,0.835,4.160,0.245
201100,5.000,0.839,4.179,0.246
201300,5.000,0.839,4.179,0.246
201500,5.000,0.844,4.202,0.246
201700,5.000,0.832,4.141,0.246
201900,5.000,0.828,4.118,0.246
202100,5.000,0.828,4.118,0.247
202300,5.000,0.870,4.332,0.247
202500,5.000,0.837,4.168,0.247
202700,5.000,0.836,4.164,0.248
202900,5.000,0.839,4.179,0.248
203100,5.000,0.839,4.179,0.248
203300,5.000,0.860,4.279,0.248
203500,5.000,0.842,4.191,0.248
203700,5.000,0.842,4.195,0.249
203900,5.000,0.842,4.195,0.249
204100,5.000,0.840,4.183,0.249
204300,5.000,0.844,4.202,0.250
204500,5.000,0.842,4.191,0.250
204700,5.000,0.817,4.065,0.250
204900,5.000,0.817,4.065,0.250
205100,5.000,0.868,4.321,0.250
205300,5.000,0.821,4.088,0.251
205500,5.000,0.834,4.153,0.251
205700,5.000,0.834,4.153,0.251
205900,5.000,0.854,4.256,0.251
206100,5.000,0.861,4.290,0.252
206300,5.000,0.831,4.137,0.252
206500,5.000,0.837,4.168,0.252
206700,5.000,0.868,4.321,0.252
206900,5.000,0.868,4.321,0.253
207100,5.000,0.835,4.157,0.253
207300,5.000,0.827,4.118,0.253
207500,5.000,0.856,4.260,0.253
207700,5.000,0.856,4.260,0.254
207900,5.000,0.852,4.241,0.254
208100,5.000,0.819,4.080,0.254
208300,5.000,0.835,4.160,0.254
208500,5.000,0.840,4.183,0.255
208700,5.000,0.840,4.183,0.255
208900,5.000,0.852,4.244,0.255
209100,5.000,0.830,4.134,0.255
209300,5.000,0.835,4.160,0.256
209500,5.000,0.835,4.160,0.256
209700,5.000,0.852,4.241,0.256
209900,5.000,0.817,4.069,0.256
210100,5.000,0.828,4.122,0.256
210300,5.000,0.853,4.244,0.257
210500,5.000,0.853,4.244,0.257
210700,5.000,0.855,4.260,0.257
210900,5.000,0.836,4.160,0.258
211100,5.000,0.834,4.153,0.258
211300,5.000,0.834,4.153,0.258
211500,5.000,0.873,4.347,0.258
211700,5.000,0.834,4.153,0.258
211900,5.000,0.829,4.130,0.259
212100,5.000,0.829,4.130,0.259
212300,5.000,0.864,4.302,0.259
212500,5.000,0.864,4.302,0.260
212700,5.000,0.817,4.073,0.260
212900,5.000,0.826,4.115,0.260
213100,5.000,0.852,4.241,0.260
213300,5.000,0.852,4.241,0.260
213500,5.000,0.832,4.145,0.261
213700,5.000,0.839,4.179,0.261
213900,5.000,0.823,4.103,0.261
214100,5.000,0.823,4.103,0.261
214300,5.000,0.872,4.344,0.262
214500,5.000,0.842,4.195,0.262
214700,5.000,0.830,4.134,0.262
214900,5.000,0.861,4.283,0.262
215100,5.000,0.861,4.283,0.263
215300,5.000,0.842,4.191,0.263
215500,5.000,0.834,4.153,0.263
215700,5.000,0.841,4.187,0.263
215900,5.000,0.841,4.187,0.264
216100,5.000,0.856,4.263,0.264
216300,5.000,0.831,4.137,0.264
216500,5.000,0.838,4.172,0.264
216700,5.000,0.836,4.160,0.265
216900,5.000,0.836,4.160,0.265
217100,5.000,0.860,4.283,0.265
217300,5.000,0.822,4.092,0.265
217500,5.000,0.840,4.183,0.266
217700,5.000,0.840,4.183,0.266
217900,5.000,0.840,4.183,0.266
218100,5.000,0.853,4.248,0.266
218300,5.000,0.836,4.160,0.267
218500,5.000,0.831,4.137,0.267
218700,5.000,0.874,4.351,0.267
218900,5.000,0.874,4.351,0.267
219100,5.000,0.830,4.134,0.268
219300,5.000,0.837,4.168,0.268
219500,5.000,0.837,4.168,0.268
219700,5.000,0.863,4.298,0.268
219900,5.000,0.837,4.168,0.268
220100,5.000,0.820,4.088,0.269
220300,5.000,0.840,4.183,0.269
220500,5.000,0.846,4.214,0.269
220700,5.000,0.846,4.214,0.270
220900,5.000,0.838,4.172,0.270
221100,4.990,0.830,4.134,0.270
221300,5.000,0.858,4.271,0.270
221500,5.000,0.858,4.271,0.270
221700,5.000,0.842,4.195,0.271
221900,5.000,0.821,4.088,0.271
222100,5.000,0.835,4.157,0.271
222300,5.000,0.864,4.302,0.271
222500,5.000,0.864,4.302,0.272
222700,5.000,0.847,4.221,0.272
222900,5.000,0.827,4.118,0.272
223100,5.000,0.846,4.214,0.272
223300,5.000,0.846,4.214,0.273
223500,5.000,0.856,4.260,0.273
223700,5.000,0.840,4.187,0.273
223900,5.000,0.832,4.145,0.273
224100,5.000,0.832,4.145,0.274
224300,5.000,0.842,4.191,0.274
224500,5.000,0.853,4.248,0.274
224700,5.000,0.817,4.069,0.274
224900,5.000,0.832,4.141,0.275
225100,5.000,0.832,4.141,0.275
225300,5.000,0.856,4.263,0.275
225500,5.000,0.833,4.145,0.275
225700,5.000,0.842,4.195,0.276
225900,5.000,0.842,4.195,0.276
226100,5.000,0.833,4.145,0.276
226300,5.000,0.853,4.248,0.276
226500,5.000,0.839,4.179,0.277
226700,5.000,0.829,4.130,0.277
226900,5.000,0.871,4.340,0.277
227100,5.000,0.871,4.340,0.277
227300,5.000,0.828,4.126,0.278
227500,5.000,0.840,4.179,0.278
227700,5.000,0.834,4.153,0.278
227900,5.000,0.834,4.153,0.278
228100,5.000,0.858,4.271,0.278
228300,5.000,0.835,4.157,0.279
228500,5.000,0.831,4.141,0.279
228700,5.000,0.849,4.225,0.279
228900,5.000,0.849,4.225,0.280
229100,5.000,0.842,4.195,0.280
229300,5.000,0.828,4.122,0.280
229500,5.000,0.841,4.187,0.280
229700,5.000,0.841,4.187,0.280
229900,5.000,0.837,4.168,0.281
230100,5.000,0.831,4.137,0.281
230300,5.000,0.839,4.176,0.281
230500,5.000,0.842,4.191,0.281
230700,5.000,0.842,4.191,0.282
230900,5.000,0.860,4.283,0.282
231100,5.000,0.833,4.145,0.282
231300,5.000,0.844,4.202,0.282
231500,5.000,0.844,4.202,0.283
231700,5.000,0.862,4.294,0.283
231900,5.000,0.831,4.137,0.283
232100,5.000,0.837,4.172,0.283
232300,5.000,0.839,4.179,0.284
232500,5.000,0.851,4.237,0.284
232700,5.000,0.851,4.237,0.284
232900,5.000,0.827,4.118,0.284
233100,5.000,0.838,4.172,0.285
233300,5.000,0.843,4.199,0.285
233500,5.000,0.843,4.199,0.285
233700,5.000,0.825,4.111,0.285
233900,5.000,0.823,4.099,0.286
234100,5.000,0.823,4.099,0.286
234300,5.000,0.872,4.344,0.286
234500,5.000,0.872,4.344,0.286
234700,5.000,0.832,4.145,0.287
234900,5.000,0.832,4.145,0.287
235100,5.000,0.859,4.275,0.287
235300,5.000,0.859,4.275,0.287
235500,5.000,0.844,4.202,0.288
235700,5.000,0.842,4.191,0.288
235900,5.000,0.839,4.176,0.288
236100,5.000,0.839,4.176,0.288
236300,5.000,0.863,4.294,0.289
236500,5.000,0.840,4.183,0.289
236700,5.000,0.822,4.096,0.289
236900,5.000,0.847,4.218,0.289
237100,5.000,0.847,4.218,0.290
237300,5.000,0.847,4.218,0.290
237500,5.000,0.839,4.179,0.290
237700,5.000,0.835,4.160,0.290
237900,5.000,0.835,4.160,0.290
238100,5.000,0.837,4.164,0.291
238300,5.000,0.843,4.199,0.291
238500,5.000,0.821,4.092,0.291
238700,5.000,0.836,4.164,0.291
238900,5.000,0.836,4.317,0.292
239100,5.000,0.867,4.317,0.292
239300,5.000,0.837,4.164,0.292
239500,5.000,0.839,4.179,0.292
239700,5.000,0.839,4.179,0.293
239900,5.000,0.836,4.164,0.293
240100,5.000,0.853,4.248,0.293
240300,5.000,0.839,4.176,0.293
240500,5.000,0.830,4.134,0.294
240700,5.000,0.853,4.244,0.294
240900,5.000,0.853,4.244,0.294
241100,5.000,0.832,4.145,0.294
241300,5.000,0.822,4.096,0.295
241500,5.000,0.847,4.214,0.295
241700,5.000,0.847,4.214,0.295
241900,5.000,0.835,4.160,0.295
242100,5.000,0.834,4.153,0.296
242300,5.000,0.857,4.267,0.296
242500,5.000,0.847,4.214,0.296
242700,5.000,0.847,4.214,0.296
242900,5.000,0.838,4.176,0.297
243100,5.000,0.822,4.092,0.297
243300,5.000,0.839,4.179,0.297
243500,5.000,0.839,4.179,0.297
243700,5.000,0.863,4.298,0.298
243900,5.000,0.832,4.141,0.298
244100,5.000,0.842,4.191,0.298
244300,5.000,0.846,4.210,0.298
244500,5.000,0.846,4.210,0.299
244700,5.000,0.843,4.199,0.299
244900,5.000,0.831,4.137,0.299
245100,5.000,0.842,4.191,0.299
245300,5.000,0.842,4.191,0.300
245500,5.000,0.847,4.214,0.300
245700,5.000,0.842,4.195,0.300
245900,5.000,0.825,4.107,0.300
246100,5.000,0.825,4.107,0.300
246300,5.000,0.844,4.202,0.301
246500,5.000,0.844,4.202,0.301
246700,5.000,0.830,4.134,0.301
246900,5.000,0.838,4.176,0.301
247100,5.000,0.858,4.271,0.302
247300,5.000,0.858,4.271,0.302
247500,5.000,0.842,4.191,0.302
247700,5.000,0.834,4.153,0.302
247900,5.000,0.841,4.187,0.303
248100,5.000,0.841,4.187,0.303
248300,5.000,0.862,4.294,0.303
248500,5.000,0.832,4.145,0.303
248700,5.000,0.841,4.187,0.304
248900,5.000,0.858,4.275,0.304
249100,5.000,0.858,4.275,0.304
249300,5.000,0.835,4.157,0.304
249500,5.000,0.839,4.179,0.305
249700,5.000,0.828,4.122,0.305
249900,5.000,0.828,4.122,0.305
250100,5.000,0.861,4.283,0.305
250300,5.000,0.843,4.195,0.306
250500,5.000,0.821,4.092,0.306
250700,5.000,0.848,4.225,0.306
250900,5.000,0.848,4.225,0.306
251100,5.000,0.858,4.271,0.307
251300,5.000,0.844,4.202,0.307
251500,5.000,0.835,4.160,0.307
251700,5.000,0.835,4.160,0.307
251900,5.000,0.847,4.218,0.308
252100,5.000,0.845,4.206,0.308
252300,5.000,0.840,4.179,0.308
252500,5.000,0.836,4.160,0.308
252700,5.000,0.848,4.221,0.309
252900,5.000,0.848,4.221,0.309
253100,5.000,0.837,4.164,0.309
253300,5.000,0.819,4.080,0.309
253500,5.000,0.854,4.256,0.310
253700,5.000,0.854,4.256,0.310
253900,5.000,0.833,4.149,0.310
254100,5.000,0.842,4.195,0.310
254300,5.000,0.835,4.157,0.311
254500,5.000,0.848,4.221,0.311
254700,5.000,0.848,4.221,0.311
254900,5.000,0.833,4.149,0.311
255100,5.000,0.818,4.073,0.312
255300,5.000,0.838,4.172,0.312
255500,5.000,0.838,4.172,0.312
255700,5.000,0.854,4.248,0.312
255900,5.000,0.844,4.202,0.312
256100,5.000,0.830,4.134,0.313
256300,5.000,0.855,4.256,0.313
256500,5.000,0.855,4.256,0.313
256700,5.000,0.840,4.183,0.313
256900,5.000,0.842,4.191,0.314
257100,5.000,0.830,4.134,0.314
257300,5.000,0.830,4.134,0.314
257500,5.000,0.859,4.279,0.314
257700,5.000,0.838,4.172,0.315
257900,5.000,0.818,4.073,0.315
258100,5.000,0.843,4.199,0.315
258300,5.000,0.847,4.218,0.315
258500,4.990,0.847,4.218,0.316
258700,5.000,0.841,4.187,0.316
258900,5.000,0.836,4.164,0.316
259100,5.000,0.836,4.164,0.316
259300,5.000,0.860,4.286,0.317
259500,5.000,0.835,4.157,0.317
259700,5.000,0.839,4.176,0.317
259900,5.000,0.839,4.176,0.317
260100,5.000,0.873,4.344,0.318
260300,5.000,0.873,4.344,0.318
260500,5.000,0.836,4.164,0.318
260700,5.000,0.839,4.179,0.318
260900,5.000,0.855,4.260,0.319
261100,5.000,0.855,4.260,0.319
261300,5.000,0.831,4.137,0.319
261500,5.000,0.829,4.130,0.319
261700,5.000,0.834,4.153,0.320
261900,5.000,0.834,4.153,0.320
262100,5.000,0.860,4.283,0.320
262300,5.000,0.832,4.141,0.320
262500,5.000,0.819,4.080,0.321
262700,5.000,0.846,4.214,0.321
262900,5.000,0.846,4.214,0.321
263100,5.000,0.837,4.164,0.321
263300,5.000,0.833,4.153,0.322
263500,5.000,0.836,4.160,0.322
263700,5.000,0.836,4.160,0.322
263900,5.000,0.854,4.252,0.322
264100,5.000,0.847,4.218,0.323
264300,5.000,0.829,4.126,0.323
264500,5.000,0.838,4.176,0.323
264700,5.000,0.838,4.176,0.323
264900,5.000,0.859,4.279,0.323
265100,5.000,0.835,4.160,0.324
265300,5.000,0.821,4.092,0.324
265500,5.000,0.821,4.092,0.324
265700,5.000,0.855,4.256,0.324
265900,5.000,0.837,4.168,0.325
266100,5.000,0.832,4.145,0.325
266300,5.000,0.836,4.164,0.325
266500,5.000,0.847,4.218,0.325
266700,5.000,0.847,4.218,0.326
266900,5.000,0.843,4.195,0.326
267100,5.000,0.818,4.073,0.326
267300,5.000,0.860,4.279,0.326
267500,5.000,0.860,4.279,0.327
267700,5.000,0.852,4.241,0.327
267900,5.000,0.836,4.164,0.327
268100,5.000,0.831,4.137,0.327
268300,5.000,0.867,4.317,0.328
268500,5.000,0.867,4.317,0.328
268700,5.000,0.845,4.206,0.328
268900,5.000,0.837,4.172,0.328
269100,5.000,0.832,4.145,0.329
269300,5.000,0.832,4.145,0.329
269500,5.000,0.858,4.271,0.329
269700,5.000,0.839,4.176,0.329
269900,5.000,0.819,4.080,0.330
270100,5.000,0.860,4.279,0.330
270300,5.000,0.860,4.279,0.330
270500,5.000,0.834,4.157,0.330
270700,5.000,0.843,4.195,0.331
270900,5.000,0.831,4.137,0.331
271100,5.000,0.831,4.137,0.331
271300,5.000,0.861,4.286,0.331
271500,5.000,0.831,4.137,0.332
271700,5.000,0.818,4.076,0.332
271900,5.000,0.818,4.076,0.332
272100,5.000,0.859,4.275,0.332
272300,5.000,0.859,4.275,0.333
272500,5.000,0.841,4.183,0.333
272700,5.000,0.833,4.149,0.333
272900,5.000,0.869,4.325,0.333
273100,5.000,0.869,4.325,0.333
273300,5.000,0.836,4.160,0.334
273500,5.000,0.834,4.153,0.334
273700,5.000,0.831,4.141,0.334
273900,5.000,0.831,4.141,0.334
274100,5.000,0.859,4.275,0.335
274300,5.000,0.829,4.126,0.335
274500,5.000,0.817,4.069,0.335
274700,5.000,0.851,4.237,0.335
274900,5.000,0.851,4.237,0.336
275100,5.000,0.843,4.199,0.336
275300,5.000,0.827,4.115,0.336
275500,5.000,0.839,4.176,0.336
275700,5.000,0.839,4.176,0.337
275900,5.000,0.862,4.294,0.337
276100,5.000,0.834,4.153,0.337
276300,5.000,0.834,4.153,0.337
276500,5.000,0.846,4.210,0.338
276700,5.000,0.846,4.210,0.338
276900,5.000,0.860,4.283,0.338
277100,5.000,0.831,4.134,0.338
277300,5.000,0.832,4.145,0.339
277500,5.000,0.832,4.145,0.339
277700,4.990,0.866,4.309,0.339
277900,5.000,0.829,4.130,0.339
278100,5.000,0.829,4.130,0.340
278300,5.000,0.841,4.191,0.340
278500,5.000,0.858,4.275,0.340
278700,5.000,0.858,4.275,0.340
278900,5.000,0.839,4.179,0.341
279100,5.000,0.822,4.092,0.341
279300,5.000,0.822,4.092,0.341
279500,5.000,0.871,4.340,0.341
279700,5.000,0.819,4.076,0.342
279900,5.000,0.829,4.126,0.342
280100,5.000,0.835,4.157,0.342
280300,5.000,0.870,4.332,0.342
280500,5.000,0.870,4.332,0.343
280700,5.000,0.842,4.195,0.343
280900,5.000,0.831,4.137,0.343
281100,5.000,0.844,4.202,0.343
281300,5.000,0.844,4.202,0.343
281500,4.990,0.836,4.164,0.344
281700,5.000,0.835,4.157,0.344
281900,5.000,0.821,4.088,0.344
282100,5.000,0.871,4.336,0.345
282300,5.000,0.871,4.336,0.345
282500,5.000,0.820,4.084,0.345
282700,5.000,0.832,4.141,0.345
282900,5.000,0.833,4.149,0.345
283100,5.000,0.833,4.149,0.346
283300,5.000,0.849,4.225,0.346
283500,5.000,0.833,4.149,0.346
283700,5.000,0.820,4.080,0.346
283900,5.000,0.820,4.080,0.347
284100,5.000,0.862,4.290,0.347
284300,5.000,0.841,4.187,0.347
284500,5.000,0.837,4.168,0.347
284700,5.000,0.827,4.115,0.348
284900,5.000,0.827,4.115,0.348
285100,5.000,0.871,4.336,0.348
285300,5.000,0.827,4.118,0.348
285500,5.000,0.838,4.176,0.349
285700,5.000,0.838,4.176,0.349
285900,5.000,0.838,4.172,0.349
286100,5.000,0.844,4.202,0.349
286300,5.000,0.834,4.153,0.350
286500,5.000,0.820,4.084,0.350
286700,5.000,0.869,4.325,0.350
286900,5.000,0.869,4.325,0.350
287100,5.000,0.818,4.073,0.351
287300,5.000,0.832,4.141,0.351
287500,5.000,0.841,4.191,0.351
287700,5.000,0.841,4.191,0.351
287900,5.000,0.855,4.256,0.351
288100,5.000,0.829,4.130,0.352
288300,5.000,0.840,4.183,0.352
288500,5.000,0.855,4.256,0.352
288700,5.000,0.855,4.256,0.353
288900,5.000,0.849,4.229,0.353
289100,5.000,0.829,4.126,0.353
289300,5.000,0.848,4.221,0.353
289500,5.000,0.848,4.221,0.353
289700,5.000,0.864,4.298,0.354
289900,5.000,0.822,4.092,0.354
290100,5.000,0.835,4.157,0.354
290300,5.000,0.841,4.191,0.355
290500,5.000,0.841,4.191,0.355
290700,5.000,0.857,4.267,0.355
290900,5.000,0.831,4.137,0.355
291100,5.000,0.825,4.107,0.355
291300,5.000,0.825,4.107,0.356
291500,5.000,0.867,4.317,0.356
291700,5.000,0.820,4.084,0.356
291900,5.000,0.828,4.122,0.356
292100,5.000,0.846,4.214,0.357
292300,5.000,0.864,4.302,0.357
292500,5.000,0.864,4.302,0.357
292700,5.000,0.834,4.153,0.357
292900,5.000,0.828,4.126,0.358
293100,5.000,0.873,4.347,0.358
293300,5.000,0.873,4.347,0.358
293500,5.000,0.833,4.145,0.358
293700,5.000,0.829,4.126,0.359
293900,5.000,0.829,4.126,0.359
294100,5.000,0.863,4.298,0.359
294300,5.000,0.863,4.298,0.359
294500,5.000,0.817,4.069,0.360
294700,5.000,0.826,4.115,0.360
294900,5.000,0.843,4.195,0.360
295100,5.000,0.843,4.195,0.360
295300,5.000,0.834,4.153,0.361
295500,5.000,0.838,4.176,0.361
295700,5.000,0.823,4.099,0.361
295900,5.000,0.823,4.099,0.361
296100,5.000,0.873,4.347,0.362
296300,5.000,0.836,4.164,0.362
296500,5.000,0.834,4.149,0.362
296700,5.000,0.847,4.214,0.362
296900,5.000,0.847,4.214,0.363
297100,5.000,0.858,4.271,0.363
297300,5.000,0.832,4.141,0.363
297500,5.000,0.842,4.195,0.363
297700,5.000,0.842,4.195,0.363
297900,5.000,0.852,4.241,0.364
298100,5.000,0.850,4.233,0.364
298300,5.000,0.840,4.183,0.364
298500,5.000,0.822,4.096,0.365
298700,5.000,0.822,4.344,0.365
298900,5.000,0.873,4.344,0.365
299100,5.000,0.823,4.099,0.365
299300,5.000,0.838,4.172,0.365
299500,5.000,0.838,4.172,0.366
299700,5.000,0.840,4.183,0.366
299900,5.000,0.842,4.195,0.366
300100,5.000,0.833,4.149,0.366
300300,5.000,0.815,4.061,0.367
300500,5.000,0.872,4.344,0.367
300700,5.000,0.872,4.344,0.367
300900,5.000,0.833,4.145,0.367
301100,5.000,0.836,4.160,0.368
301300,5.000,0.858,4.271,0.368
301500,5.000,0.858,4.271,0.368
301700,5.000,0.846,4.214,0.368
301900,5.000,0.828,4.126,0.369
302100,5.000,0.840,4.183,0.369
302300,5.000,0.841,4.191,0.369
302500,5.000,0.841,4.191,0.369
302700,5.000,0.845,4.210,0.370
302900,5.000,0.828,4.122,0.370
303100,5.000,0.830,4.134,0.370
303300,5.000,0.830,4.134,0.370
303500,5.000,0.856,4.260,0.371
303700,5.000,0.822,4.092,0.371
303900,5.000,0.837,4.168,0.371
304100,5.000,0.843,4.199,0.371
304300,5.000,0.843,4.199,0.372
304500,5.000,0.852,4.241,0.372
304700,5.000,0.826,4.115,0.372
304900,5.000,0.835,4.160,0.372
305100,5.000,0.835,4.160,0.373
305300,5.000,0.862,4.294,0.373
305500,5.000,0.838,4.172,0.373
305700,5.000,0.833,4.145,0.373
305900,5.000,0.833,4.145,0.373
306100,5.000,0.858,4.271,0.374
306300,5.000,0.858,4.271,0.374
306500,5.000,0.820,4.088,0.374
306700,5.000,0.830,4.137,0.375
306900,5.000,0.852,4.241,0.375
307100,5.000,0.852,4.241,0.375
307300,5.000,0.839,4.176,0.375
307500,5.000,0.840,4.179,0.375
307700,5.000,0.822,4.096,0.376
307900,5.000,0.822,4.096,0.376
308100,5.000,0.862,4.290,0.376
308300,5.000,0.823,4.096,0.376
308500,5.000,0.829,4.126,0.377
308700,5.000,0.863,4.294,0.377
308900,5.000,0.863,4.294,0.377
309100,5.000,0.841,4.187,0.377
309300,5.000,0.838,4.172,0.378
309500,5.000,0.836,4.164,0.378
309700,5.000,0.836,4.164,0.378
309900,5.000,0.868,4.321,0.378
310100,5.000,0.834,4.149,0.379
310300,5.000,0.840,4.183,0.379
310500,5.000,0.852,4.241,0.379
310700,5.000,0.852,4.241,0.379
310900,5.000,0.858,4.271,0.380
311100,5.000,0.824,4.103,0.380
311300,5.000,0.842,4.191,0.380
311500,5.000,0.842,4.191,0.380
311700,5.000,0.838,4.172,0.381
311900,5.000,0.837,4.168,0.381
312100,5.000,0.841,4.187,0.381
312300,5.000,0.816,4.061,0.381
312500,5.000,0.870,4.332,0.382
312700,5.000,0.870,4.332,0.382
312900,5.000,0.823,4.096,0.382
313100,5.000,0.843,4.195,0.382
313300,5.000,0.860,4.283,0.383
313500,5.000,0.860,4.283,0.383
313700,5.000,0.834,4.153,0.383
313900,5.000,0.839,4.179,0.383
314100,5.000,0.839,4.179,0.384
314300,5.000,0.852,4.244,0.384
314500,5.000,0.852,4.244,0.384
314700,5.000,0.835,4.157,0.384
314900,5.000,0.835,4.160,0.385
315100,5.000,0.830,4.134,0.385
315300,5.000,0.830,4.134,0.385
315500,5.000,0.848,4.221,0.385
315700,5.000,0.826,4.115,0.385
315900,5.000,0.843,4.199,0.386
316100,5.000,0.843,4.195,0.386
316300,5.000,0.843,4.195,0.386
316500,5.000,0.845,4.206,0.386
316700,5.000,0.830,4.134,0.387
316900,5.000,0.824,4.099,0.387
317100,5.000,0.824,4.099,0.387
317300,5.000,0.854,4.248,0.387
317500,5.000,0.841,4.187,0.388
317700,5.000,0.838,4.172,0.388
317900,5.000,0.838,4.172,0.388
318100,5.000,0.851,4.241,0.388
318300,5.000,0.851,4.241,0.389
318500,4.990,0.829,4.126,0.389
318700,5.000,0.840,4.183,0.389
318900,5.000,0.840,4.183,0.389
319100,5.000,0.857,4.267,0.390
319300,5.000,0.820,4.084,0.390
319500,5.000,0.835,4.160,0.390
319700,5.000,0.835,4.160,0.390
319900,5.000,0.824,4.103,0.391
320100,5.000,0.855,4.260,0.391
320300,5.000,0.817,4.069,0.391
320500,5.000,0.833,4.149,0.391
320700,5.000,0.852,4.241,0.392
320900,5.000,0.852,4.241,0.392
321100,5.000,0.842,4.191,0.392
321300,5.000,0.842,4.191,0.392
321500,5.000,0.831,4.137,0.393
321700,5.000,0.831,4.137,0.393
321900,5.000,0.860,4.283,0.393
322100,5.000,0.839,4.176,0.393
322300,5.000,0.833,4.149,0.394
322500,5.000,0.859,4.279,0.394
322700,5.000,0.859,4.279,0.394
322900,5.000,0.839,4.176,0.394
323100,5.000,0.837,4.168,0.395
323300,5.000,0.836,4.164,0.395
323500,5.000,0.836,4.164,0.395
323700,5.000,0.842,4.191,0.395
323900,5.000,0.844,4.202,0.395
324100,5.000,0.840,4.183,0.396
324300,5.000,0.829,4.130,0.396
324500,5.000,0.829,4.130,0.396
324700,5.000,0.853,4.248,0.396
324900,5.000,0.821,4.088,0.397
325100,5.000,0.838,4.172,0.397
325300,5.000,0.838,4.172,0.397
325500,5.000,0.861,4.286,0.397
325700,5.000,0.833,4.145,0.398
325900,5.000,0.844,4.199,0.398
326100,5.000,0.835,4.157,0.398
326300,5.000,0.863,4.298,0.398
326500,5.000,0.863,4.298,0.399
326700,5.000,0.832,4.141,0.399
326900,5.000,0.840,4.183,0.399
327100,5.000,0.863,4.294,0.399
327300,5.000,0.863,4.294,0.400
327500,5.000,0.847,4.218,0.400
327700,5.000,0.822,4.096,0.400
327900,5.000,0.837,4.168,0.400
328100,5.000,0.847,4.214,0.401
328300,5.000,0.847,4.214,0.401
328500,5.000,0.830,4.134,0.401
328700,5.000,0.839,4.179,0.401
328900,5.000,0.832,4.145,0.402
329100,5.000,0.832,4.145,0.402
329300,5.000,0.849,4.229,0.402
329500,5.000,0.818,4.073,0.402
329700,5.000,0.839,4.179,0.403
329900,5.000,0.839,4.179,0.403
330100,5.000,0.854,4.248,0.403
330300,5.000,0.848,4.221,0.403
330500,5.000,0.833,4.149,0.404
330700,5.000,0.849,4.225,0.404
330900,5.000,0.849,4.225,0.404
331100,5.000,0.858,4.275,0.404
331300,5.000,0.845,4.206,0.405
331500,5.000,0.831,4.141,0.405
331700,5.000,0.831,4.141,0.405
331900,5.000,0.830,4.134,0.405
332100,5.000,0.853,4.244,0.406
332300,5.000,0.834,4.157,0.406
332500,5.000,0.838,4.172,0.406
332700,5.000,0.855,4.256,0.406
332900,5.000,0.855,4.256,0.406
333100,5.000,0.841,4.191,0.407
333300,5.000,0.837,4.164,0.407
333500,5.000,0.827,4.118,0.407
333700,5.000,0.827,4.118,0.407
333900,5.000,0.860,4.283,0.408
334100,5.000,0.842,4.195,0.408
334300,5.000,0.828,4.122,0.408
334500,5.000,0.865,4.305,0.408
334700,5.000,0.865,4.305,0.409
334900,5.000,0.835,4.157,0.409
335100,5.000,0.839,4.176,0.409
335300,5.000,0.840,4.183,0.409
335500,5.000,0.840,4.183,0.410
335700,5.000,0.846,4.214,0.410
335900,5.000,0.844,4.202,0.410
336100,5.000,0.835,4.160,0.410
336300,5.000,0.843,4.195,0.411
336500,5.000,0.843,4.195,0.411
336700,5.000,0.841,4.191,0.411
336900,5.000,0.819,4.076,0.411
337100,5.000,0.831,4.137,0.412
337300,5.000,0.831,4.137,0.412
337500,5.000,0.846,4.214,0.412
337700,5.000,0.836,4.160,0.412
337900,5.000,0.839,4.176,0.413
338100,5.000,0.841,4.187,0.413
338300,5.000,0.852,4.241,0.413
338500,5.000,0.852,4.241,0.413
338700,5.000,0.839,4.176,0.414
338900,5.000,0.839,4.176,0.414
339100,5.000,0.839,4.176,0.414
339300,5.000,0.863,4.294,0.414
339500,5.000,0.837,4.168,0.415
339700,5.000,0.820,4.080,0.415
339900,5.000,0.820,4.080,0.415
340100,5.000,0.850,4.233,0.415
340300,5.000,0.850,4.233,0.416
340500,5.000,0.832,4.145,0.416
340700,5.000,0.844,4.202,0.416
340900,5.000,0.842,4.191,0.416
341100,5.000,0.842,4.191,0.416
341300,5.000,0.848,4.225,0.417
341500,5.000,0.819,4.080,0.417
341700,5.000,0.835,4.157,0.417
341900,5.000,0.835,4.157,0.417
342100,5.000,0.865,4.305,0.418
342300,5.000,0.835,4.160,0.418
342500,5.000,0.837,4.172,0.418
342700,5.000,0.849,4.225,0.418
342900,5.000,0.849,4.225,0.419
343100,5.000,0.853,4.244,0.419
343300,5.000,0.838,4.172,0.419
343500,5.000,0.831,4.137,0.419
343700,5.000,0.831,4.137,0.420
343900,5.000,0.846,4.210,0.420
344100,5.000,0.848,4.225,0.420
344300,5.000,0.818,4.073,0.420
344500,5.000,0.842,4.195,0.421
344700,5.000,0.842,4.195,0.421
344900,5.000,0.844,4.202,0.421
345100,5.000,0.861,4.286,0.421
345300,5.000,0.829,4.126,0.422
345500,5.000,0.829,4.126,0.422
345700,5.000,0.837,4.168,0.422
345900,5.000,0.856,4.263,0.422
346100,5.000,0.835,4.160,0.423
346300,5.000,0.832,4.145,0.423
346500,5.000,0.862,4.290,0.423
346700,5.000,0.862,4.290,0.423
346900,5.000,0.842,4.191,0.424
347100,5.000,0.831,4.141,0.424
347300,5.000,0.855,4.256,0.424
347500,5.000,0.855,4.256,0.424
347700,5.000,0.833,4.149,0.425
347900,5.000,0.817,4.069,0.425
348100,5.000,0.828,4.122,0.425
348300,5.000,0.847,4.218,0.425
348500,5.000,0.847,4.218,0.426
348700,5.000,0.839,4.176,0.426
348900,5.000,0.819,4.080,0.426
349100,5.000,0.839,4.179,0.426
349300,5.000,0.839,4.179,0.426
349500,5.000,0.839,4.179,0.427
349700,5.000,0.840,4.183,0.427
349900,5.000,0.830,4.134,0.427
350100,5.000,0.858,4.271,0.428
350300,5.000,0.858,4.271,0.428
350500,5.000,0.844,4.202,0.428
350700,5.000,0.844,4.202,0.428
350900,5.000,0.833,4.149,0.428
351100,5.000,0.833,4.149,0.429
351300,5.000,0.873,4.347,0.429
351500,5.000,0.833,4.149,0.429
351700,5.000,0.827,4.118,0.429
351900,5.000,0.827,4.118,0.430
352100,5.000,0.843,4.195,0.430
352300,5.000,0.843,4.195,0.430
352500,5.000,0.836,4.164,0.430
352700,5.000,0.837,4.168,0.431
352900,5.000,0.858,4.275,0.431
353100,5.000,0.858,4.275,0.431
353300,5.000,0.838,4.172,0.431
353500,5.000,0.823,4.099,0.432
353700,5.000,0.823,4.137,0.432
353900,5.000,0.831,4.137,0.432
354100,5.000,0.850,4.233,0.432
354300,5.000,0.827,4.118,0.433
354500,5.000,0.840,4.183,0.433
354700,5.000,0.852,4.244,0.433
354900,5.000,0.852,4.244,0.433
355100,5.000,0.848,4.221,0.434
355300,5.000,0.829,4.126,0.434
355500,4.990,0.836,4.164,0.434
355700,5.000,0.836,4.164,0.434
355900,5.000,0.873,4.344,0.435
356100,5.000,0.836,4.164,0.435
356300,5.000,0.823,4.099,0.435
356500,5.000,0.848,4.221,0.435
356700,4.990,0.848,4.221,0.436
356900,5.000,0.833,4.149,0.436
357100,5.000,0.833,4.149,0.436
357300,5.000,0.830,4.130,0.436
357500,5.000,0.830,4.130,0.436
357700,5.000,0.843,4.195,0.437
357900,5.000,0.848,4.221,0.437
358100,5.000,0.820,4.084,0.437
358300,5.000,0.841,4.187,0.438
358500,5.000,0.860,4.283,0.438
358700,5.000,0.860,4.283,0.438
358900,5.000,0.844,4.202,0.438
359100,5.000,0.830,4.134,0.438
359300,5.000,0.830,4.134,0.439
359500,5.000,0.870,4.332,0.439
359700,5.000,0.841,4.187,0.439
359900,5.000,0.832,4.141,0.439
360100,5.000,0.832,4.141,0.440
360300,5.000,0.850,4.229,0.440
360500,5.000,0.850,4.229,0.440
360700,5.000,0.844,4.202,0.440
360900,5.000,0.818,4.076,0.441
361100,5.000,0.861,4.286,0.441
361300,5.000,0.861,4.286,0.441
361500,5.000,0.831,4.137,0.441
361700,5.000,0.836,4.160,0.442
361900,5.000,0.827,4.118,0.442
362100,5.000,0.851,4.237,0.442
362300,5.000,0.851,4.237,0.442
362500,5.000,0.838,4.172,0.443
362700,5.000,0.837,4.164,0.443
362900,5.000,0.843,4.199,0.443
363100,5.000,0.843,4.199,0.443
363300,5.000,0.862,4.294,0.444
363500,5.000,0.830,4.134,0.444
363700,5.000,0.832,4.141,0.444
363900,5.000,0.832,4.141,0.444
364100,5.000,0.860,4.283,0.445
364300,5.000,0.846,4.210,0.445
364500,5.000,0.841,4.187,0.445
364700,5.000,0.829,4.130,0.445
364900,5.000,0.829,4.130,0.446
365100,5.000,0.859,4.275,0.446
365300,5.000,0.829,4.126,0.446
365500,5.000,0.825,4.107,0.446
365700,5.000,0.825,4.107,0.446
365900,5.000,0.844,4.202,0.447
366100,5.000,0.845,4.206,0.447
366300,5.000,0.831,4.137,0.447
366500,5.000,0.836,4.164,0.448
366700,5.000,0.865,4.309,0.448
366900,5.000,0.865,4.309,0.448
367100,5.000,0.834,4.153,0.448
367300,5.000,0.828,4.122,0.448
367500,5.000,0.840,4.183,0.449
367700,5.000,0.840,4.183,0.449
367900,5.000,0.874,4.351,0.449
368100,5.000,0.829,4.126,0.450
368300,5.000,0.834,4.149,0.450
368500,5.000,0.855,4.256,0.450
368700,5.000,0.855,4.256,0.450
368900,5.000,0.828,4.126,0.450
369100,5.000,0.827,4.118,0.451
369300,5.000,0.842,4.191,0.451
369500,5.000,0.842,4.191,0.451
369700,5.000,0.851,4.237,0.451
369900,5.000,0.851,4.237,0.452
370100,5.000,0.823,4.096,0.452
370300,5.000,0.856,4.260,0.452
370500,5.000,0.856,4.260,0.452
370700,5.000,0.836,4.164,0.453
370900,5.000,0.836,4.164,0.453
371100,5.000,0.833,4.145,0.453
371300,5.000,0.833,4.145,0.453
371500,5.000,0.874,4.351,0.454
371700,5.000,0.837,4.168,0.454
371900,5.000,0.828,4.122,0.454
372100,5.000,0.847,4.218,0.454
372300,5.000,0.862,4.294,0.455
372500,5.000,0.862,4.294,0.455
372700,5.000,0.837,4.172,0.455
372900,5.000,0.822,4.096,0.455
373100,5.000,0.873,4.347,0.456
373300,5.000,0.873,4.347,0.456
373500,5.000,0.824,4.103,0.456
373700,5.000,0.845,4.210,0.456
373900,5.000,0.845,4.210,0.456
374100,5.000,0.844,4.199,0.457
374300,5.000,0.844,4.199,0.457
374500,5.000,0.840,4.183,0.457
374700,5.000,0.817,4.069,0.458
374900,5.000,0.858,4.271,0.458
375100,5.000,0.858,4.271,0.458
375300,5.000,0.841,4.187,0.458
375500,5.000,0.836,4.164,0.458
375700,5.000,0.831,4.137,0.459
375900,5.000,0.831,4.137,0.459
376100,5.000,0.873,4.347,0.459
376300,5.000,0.830,4.134,0.460
376500,5.000,0.817,4.069,0.460
376700,5.000,0.831,4.141,0.460
376900,5.000,0.831,4.141,0.460
377100,5.000,0.846,4.214,0.460
377300,5.000,0.827,4.122,0.461
377500,5.000,0.819,4.080,0.461
377700,5.000,0.819,4.080,0.461
377900,5.000,0.861,4.286,0.461
378100,5.000,0.832,4.145,0.462
378300,4.990,0.837,4.168,0.462
378500,5.000,0.831,4.137,0.462
378700,5.000,0.831,4.137,0.462
378900,5.000,0.860,4.283,0.463
379100,5.000,0.829,4.130,0.463
379300,5.000,0.835,4.157,0.463
379500,5.000,0.835,4.157,0.463
379700,5.000,0.850,4.233,0.464
379900,5.000,0.859,4.275,0.464
380100,5.000,0.829,4.130,0.464
380300,5.000,0.842,4.195,0.464
380500,5.000,0.871,4.336,0.465
380700,5.000,0.871,4.336,0.465
380900,5.000,0.837,4.172,0.465
381100,5.000,0.832,4.141,0.465
381300,5.000,0.849,4.229,0.466
381500,5.000,0.849,4.229,0.466
381700,5.000,0.846,4.214,0.466
381900,5.000,0.827,4.118,0.466
382100,5.000,0.822,4.092,0.467
382300,5.000,0.859,4.279,0.467
382500,5.000,0.859,4.279,0.467
382700,5.000,0.826,4.115,0.467
382900,5.000,0.829,4.126,0.468
383100,5.000,0.842,4.195,0.468
383300,4.990,0.842,4.195,0.468
383500,5.000,0.841,4.187,0.468
383700,5.000,0.834,4.153,0.468
383900,5.000,0.833,4.149,0.469
384100,5.000,0.857,4.267,0.469
384300,5.000,0.857,4.267,0.469
384500,5.000,0.852,4.241,0.470
384700,5.000,0.830,4.134,0.470
384900,5.000,0.832,4.145,0.470
385100,5.000,0.832,4.145,0.470
385300,4.990,0.868,4.321,0.470
385500,5.000,0.824,4.103,0.471
385700,5.000,0.830,4.134,0.471
385900,5.000,0.830,4.134,0.471
386100,5.000,0.841,4.191,0.471
386300,5.000,0.841,4.191,0.472
386500,5.000,0.837,4.164,0.472
386700,5.000,0.820,4.080,0.472
386900,5.000,0.869,4.328,0.472
387100,5.000,0.869,4.328,0.473
387300,5.000,0.821,4.088,0.473
387500,5.000,0.839,4.179,0.473
387700,5.000,0.836,4.164,0.473
387900,5.000,0.836,4.164,0.474
388100,5.000,0.866,4.309,0.474
388300,5.000,0.839,4.179,0.474
388500,5.000,0.831,4.137,0.474
388700,5.000,0.862,4.290,0.475
388900,5.000,0.862,4.290,0.475
389100,5.000,0.840,4.187,0.475
389300,5.000,0.840,4.179,0.475
389500,5.000,0.823,4.099,0.476
389700,5.000,0.823,4.099,0.476
389900,5.000,0.870,4.332,0.476
390100,5.000,0.821,4.088,0.476
390300,5.000,0.842,4.191,0.477
390500,5.000,0.833,4.149,0.477
390700,5.000,0.833,4.149,0.477
390900,5.000,0.850,4.237,0.477
391100,5.000,0.831,4.137,0.478
391300,4.990,0.823,4.096,0.478
391500,5.000,0.823,4.096,0.478
391700,5.000,0.856,4.260,0.478
391900,5.000,0.839,4.176,0.478
392100,5.000,0.836,4.164,0.479
392300,5.000,0.836,4.164,0.479
392500,5.000,0.870,4.332,0.479
392700,5.000,0.870,4.332,0.479
392900,5.000,0.829,4.130,0.480
393100,5.000,0.839,4.179,0.480
393300,5.000,0.863,4.294,0.480
393500,5.000,0.863,4.294,0.480
393700,5.000,0.834,4.157,0.481
393900,5.000,0.833,4.145,0.481
394100,5.000,0.820,4.084,0.481
394300,5.000,0.867,4.313,0.481
394500,5.000,0.867,4.313,0.482
394700,5.000,0.817,4.069,0.482
394900,5.000,0.829,4.126,0.482
395100,5.000,0.848,4.221,0.482
395300,5.000,0.848,4.221,0.483
395500,5.000,0.832,4.141,0.483
395700,5.000,0.830,4.134,0.483
395900,5.000,0.841,4.187,0.483
396100,5.000,0.860,4.283,0.484
396300,5.000,0.860,4.283,0.484
396500,5.000,0.843,4.199,0.484
396700,5.000,0.827,4.118,0.484
396900,5.000,0.846,4.214,0.485
397100,5.000,0.846,4.214,0.485
397300,5.000,0.852,4.241,0.485
397500,5.000,0.841,4.191,0.485
397700,4.990,0.834,4.153,0.486
397900,5.000,0.834,4.153,0.486
398100,5.000,0.849,4.229,0.486
398300,5.000,0.849,4.229,0.486
398500,5.000,0.831,4.137,0.487
398700,5.000,0.827,4.115,0.487
398900,5.000,0.827,4.115,0.487
399100,5.000,0.865,4.309,0.487
399300,5.000,0.822,4.096,0.488
399500,5.000,0.837,4.168,0.488
399700,5.000,0.837,4.168,0.488
399900,5.000,0.846,4.214,0.488
400100,5.000,0.853,4.244,0.489
400300,5.000,0.843,4.195,0.489
400500,5.000,0.830,4.134,0.489
400700,5.000,0.874,4.347,0.489
400900,5.000,0.874,4.347,0.490
401100,5.000,0.835,4.157,0.490
401300,5.000,0.843,4.199,0.490
401500,5.000,0.830,4.134,0.490
401700,5.000,0.830,4.134,0.490
401900,5.000,0.861,4.286,0.491
402100,5.000,0.822,4.092,0.491
402300,5.000,0.836,4.164,0.491
402500,5.000,0.841,4.191,0.491
402700,5.000,0.841,4.191,0.492
402900,5.000,0.837,4.168,0.492
403100,5.000,0.837,4.168,0.492
403300,5.000,0.822,4.092,0.492
403500,5.000,0.822,4.092,0.493
403700,5.000,0.856,4.263,0.493
403900,5.000,0.835,4.157,0.493
404100,5.000,0.841,4.191,0.493
404300,5.000,0.844,4.202,0.494
404500,5.000,0.844,4.202,0.494
404700,5.000,0.857,4.267,0.494
404900,5.000,0.831,4.137,0.494
405100,5.000,0.818,4.073,0.495
405300,5.000,0.818,4.073,0.495
405500,5.000,0.862,4.290,0.495
405700,5.000,0.830,4.134,0.495
405900,5.000,0.841,4.187,0.496
406100,5.000,0.819,4.080,0.496
406300,5.000,0.865,4.305,0.496
406500,5.000,0.865,4.305,0.496
406700,5.000,0.820,4.084,0.497
406900,5.000,0.836,4.164,0.497
407100,5.000,0.846,4.210,0.497
407300,5.000,0.846,4.210,0.497
407500,5.000,0.846,4.210,0.498
407700,5.000,0.835,4.157,0.498
407900,5.000,0.817,4.069,0.498
408100,5.000,0.862,4.290,0.498
408300,5.000,0.862,4.290,0.499
408500,5.000,0.832,4.141,0.499
408700,5.000,0.835,4.157,0.499
408900,5.000,0.856,4.263,0.499
409100,5.000,0.856,4.263,0.499
409300,5.000,0.845,4.206,0.500
409500,5.000,0.840,4.183,0.500
409700,5.000,0.840,4.179,0.500
409900,5.000,0.840,4.179,0.500
410100,5.000,0.841,4.187,0.501
410300,5.000,0.853,4.248,0.501
410500,5.000,0.830,4.134,0.501
410700,5.000,0.830,4.134,0.501
410900,5.000,0.830,4.134,0.502
411100,5.000,0.856,4.263,0.502
411300,5.000,0.826,4.115,0.502
411500,5.000,0.832,4.145,0.502
411700,5.000,0.832,4.145,0.503
411900,4.990,0.842,4.195,0.503
412100,5.000,0.850,4.233,0.503
412300,5.000,0.837,4.168,0.503
412500,5.000,0.835,4.157,0.504
412700,5.000,0.863,4.298,0.504
412900,5.000,0.863,4.298,0.504
413100,4.990,0.839,4.176,0.504
413300,5.000,0.839,4.176,0.505
413500,5.000,0.839,4.157,0.505
413700,5.000,0.835,4.157,0.505
413900,5.000,0.857,4.263,0.505
414100,5.000,0.821,4.088,0.506
414300,5.000,0.830,4.134,0.506
414500,5.000,0.851,4.237,0.506
414700,5.000,0.851,4.237,0.506
414900,5.000,0.833,4.149,0.507
415100,5.000,0.841,4.191,0.507
415300,5.000,0.831,4.137,0.507
415500,5.000,0.831,4.137,0.507
415700,5.000,0.846,4.214,0.507
415900,5.000,0.823,4.099,0.508
416100,5.000,0.837,4.172,0.508
416300,5.000,0.853,4.248,0.508
416500,5.000,0.853,4.248,0.509
416700,5.000,0.840,4.183,0.509
416900,5.000,0.839,4.176,0.509
417100,5.000,0.835,4.157,0.509
417300,5.000,0.835,4.157,0.509
417500,5.000,0.865,4.309,0.510
417700,5.000,0.834,4.157,0.510
417900,5.000,0.842,4.195,0.510
418100,5.000,0.854,4.252,0.511
418300,5.000,0.866,4.313,0.511
418500,5.000,0.866,4.313,0.511
418700,5.000,0.825,4.107,0.511
418900,5.000,0.840,4.183,0.511
419100,5.000,0.840,4.183,0.512
419300,5.000,0.848,4.225,0.512
419500,5.000,0.841,4.187,0.512
419700,5.000,0.841,4.183,0.512
419900,5.000,0.841,4.183,0.513
420100,5.000,0.870,4.328,0.513
420300,5.000,0.870,4.328,0.513
420500,4.990,0.825,4.111,0.513
420700,5.000,0.843,4.199,0.514
420900,5.000,0.860,4.283,0.514
421100,5.000,0.860,4.283,0.514
421300,5.000,0.847,4.218,0.514
421500,5.000,0.834,4.153,0.515
421700,5.000,0.840,4.179,0.515
421900,5.000,0.840,4.179,0.515
422100,5.000,0.860,4.283,0.515
422300,5.000,0.839,4.176,0.516
422500,5.000,0.836,4.164,0.516
422700,5.000,0.834,4.149,0.516
422900,5.000,0.834,4.149,0.516
423100,5.000,0.849,4.229,0.517
423300,5.000,0.822,4.092,0.517
423500,5.000,0.829,4.126,0.517
423700,5.000,0.829,4.126,0.517
423900,5.000,0.842,4.195,0.518
424100,5.000,0.832,4.141,0.518
424300,5.000,0.831,4.137,0.518
424500,5.000,0.824,4.099,0.518
424700,5.000,0.824,4.099,0.519
424900,5.000,0.854,4.248,0.519
425100,5.000,0.841,4.191,0.519
425300,5.000,0.832,4.145,0.519
425500,5.000,0.832,4.145,0.519
425700,5.000,0.847,4.218,0.520
425900,5.000,0.851,4.237,0.520
426100,5.000,0.839,4.179,0.520
426300,5.000,0.830,4.130,0.521
426500,5.000,0.854,4.252,0.521
426700,5.000,0.854,4.252,0.521
426900,5.000,0.837,4.172,0.521
427100,5.000,0.836,4.164,0.521
427300,5.000,0.845,4.210,0.522
427500,5.000,0.845,4.210,0.522
427700,5.000,0.843,4.195,0.522
427900,5.000,0.820,4.084,0.522
428100,5.000,0.830,4.134,0.523
428300,5.000,0.845,4.210,0.523
428500,5.000,0.845,4.210,0.523
428700,5.000,0.842,4.191,0.523
428900,5.000,0.841,4.187,0.524
429100,5.000,0.841,4.191,0.524
429300,5.000,0.841,4.191,0.524
429500,5.000,0.859,4.279,0.524
429700,5.000,0.840,4.183,0.525
429900,5.000,0.833,4.149,0.525
430100,5.000,0.857,4.267,0.525
430300,5.000,0.857,4.267,0.525
430500,5.000,0.841,4.191,0.526
430700,5.000,0.835,4.157,0.526
430900,5.000,0.835,4.157,0.526
431100,5.000,0.835,4.157,0.526
431300,5.000,0.851,4.241,0.527
431500,5.000,0.834,4.153,0.527
431700,5.000,0.837,4.172,0.527
431900,5.000,0.837,4.172,0.527
432100,5.000,0.860,4.283,0.528
432300,5.000,0.860,4.283,0.528
432500,5.000,0.822,4.092,0.528
432700,4.990,0.839,4.179,0.528
432900,5.000,0.849,4.225,0.529
433100,5.000,0.849,4.225,0.529
433300,5.000,0.841,4.187,0.529
433500,5.000,0.829,4.126,0.529
433700,5.000,0.829,4.126,0.529
433900,5.000,0.819,4.076,0.530
434100,5.000,0.868,4.325,0.530
434300,5.000,0.831,4.137,0.530
434500,5.000,0.841,4.187,0.531
434700,5.000,0.854,4.252,0.531
434900,5.000,0.854,4.252,0.531
435100,5.000,0.847,4.218,0.531
435300,5.000,0.819,4.080,0.531
435500,5.000,0.833,4.149,0.532
435700,5.000,0.833,4.149,0.532
435900,4.990,0.849,4.225,0.532
436100,5.000,0.839,4.179,0.533
436300,5.000,0.829,4.130,0.533
436500,5.000,0.829,4.130,0.533
436700,5.000,0.829,4.130,0.533
436900,5.000,0.848,4.225,0.533
437100,5.000,0.818,4.073,0.534
437300,5.000,0.827,4.115,0.534
437500,5.000,0.827,4.115,0.534
437700,5.000,0.846,4.210,0.534
437900,5.000,0.855,4.256,0.535
438100,5.000,0.832,4.145,0.535
438300,5.000,0.838,4.176,0.535
438500,5.000,0.838,4.176,0.535
438700,5.000,0.859,4.275,0.536
438900,5.000,0.842,4.195,0.536
439100,5.000,0.829,4.126,0.536
439300,5.000,0.829,4.126,0.536
439500,5.000,0.869,4.325,0.537
439700,5.000,0.838,4.176,0.537
439900,5.000,0.818,4.073,0.537
440100,5.000,0.830,4.130,0.537
440300,5.000,0.860,4.283,0.538
440500,5.000,0.860,4.283,0.538
440700,5.000,0.842,4.191,0.538
440900,5.000,0.837,4.168,0.538
441100,5.000,0.850,4.233,0.539
441300,5.000,0.850,4.233,0.539
441500,5.000,0.845,4.206,0.539
441700,5.000,0.818,4.073,0.539
441900,5.000,0.827,4.115,0.539
442100,5.000,0.872,4.340,0.540
442300,5.000,0.872,4.340,0.540
442500,5.000,0.835,4.157,0.540
442700,5.000,0.842,4.191,0.541
442900,5.000,0.842,4.191,0.541
443100,5.000,0.842,4.191,0.541
443300,5.000,0.862,4.290,0.541
443500,5.000,0.830,4.134,0.541
443700,5.000,0.835,4.157,0.542
443900,5.000,0.835,4.157,0.542
444100,5.000,0.849,4.225,0.542
444300,5.000,0.844,4.202,0.542
444500,5.000,0.820,4.080,0.543
444700,5.000,0.832,4.141,0.543
444900,5.000,0.832,4.141,0.543
445100,5.000,0.848,4.221,0.543
445300,5.000,0.834,4.153,0.544
445500,5.000,0.835,4.157,0.544
445700,5.000,0.835,4.157,0.544
445900,5.000,0.834,4.153,0.544
446100,5.000,0.862,4.294,0.545
446300,5.000,0.831,4.137,0.545
446500,5.000,0.852,4.244,0.545
446700,5.000,0.863,4.294,0.545
446900,5.000,0.863,4.294,0.546
447100,5.000,0.859,4.279,0.546
447300,5.000,0.828,4.122,0.546
447500,5.000,0.839,4.176,0.546
447700,5.000,0.839,4.176,0.547
447900,5.000,0.850,4.233,0.547
448100,5.000,0.833,4.145,0.547
448300,5.000,0.836,4.160,0.547
448500,5.000,0.844,4.202,0.548
448700,5.000,0.844,4.202,0.548
448900,5.000,0.849,4.225,0.548
449100,5.000,0.818,4.073,0.548
449300,5.000,0.845,4.206,0.549
449500,5.000,0.845,4.206,0.549
449700,5.000,0.847,4.218,0.549
449900,5.000,0.835,4.157,0.549
450100,5.000,0.831,4.137,0.550
450300,5.000,0.854,4.252,0.550
450500,5.000,0.854,4.252,0.550
450700,5.000,0.855,4.260,0.550
450900,5.000,0.837,4.168,0.551
451100,5.000,0.832,4.141,0.551
451300,5.000,0.832,4.141,0.551
451500,5.000,0.872,4.340,0.551
451700,5.000,0.839,4.179,0.551
451900,5.000,0.818,4.076,0.552
452100,5.000,0.846,4.214,0.552
452300,4.990,0.849,4.225,0.552
452500,5.000,0.849,4.225,0.553
452700,5.000,0.820,4.084,0.553
452900,5.000,0.830,4.134,0.553
453100,5.000,0.861,4.286,0.553
453300,5.000,0.861,4.286,0.553
453500,5.000,0.831,4.137,0.554
453700,5.000,0.820,4.084,0.554
453900,5.000,0.820,4.084,0.554
454100,5.000,0.872,4.340,0.554
454300,5.000,0.872,4.340,0.555
454500,4.990,0.841,4.187,0.555
454700,5.000,0.833,4.145,0.555
454900,5.000,0.856,4.263,0.555
455100,5.000,0.856,4.263,0.556
455300,5.000,0.848,4.221,0.556
455500,5.000,0.833,4.149,0.556
455700,5.000,0.831,4.137,0.556
455900,5.000,0.831,4.137,0.557
456100,5.000,0.859,4.279,0.557
456300,5.000,0.830,4.134,0.557
456500,5.000,0.817,4.069,0.557
456700,5.000,0.840,4.183,0.558
456900,5.000,0.840,4.183,0.558
457100,5.000,0.840,4.183,0.558
457300,5.000,0.826,4.115,0.558
457500,5.000,0.838,4.172,0.559
457700,5.000,0.838,4.172,0.559
457900,5.000,0.851,4.237,0.559
458100,5.000,0.845,4.206,0.559
458300,5.000,0.835,4.157,0.560
458500,5.000,0.835,4.157,0.560
458700,5.000,0.835,4.157,0.560
458900,5.000,0.872,4.344,0.560
459100,5.000,0.831,4.141,0.561
459300,5.000,0.833,4.145,0.561
459500,5.000,0.833,4.145,0.561
459700,5.000,0.853,4.248,0.561
459900,5.000,0.842,4.195,0.561
460100,5.000,0.829,4.130,0.562
460300,5.000,0.841,4.191,0.562
460500,5.000,0.862,4.294,0.562
460700,5.000,0.862,4.294,0.562
460900,5.000,0.837,4.164,0.563
461100,5.000,0.824,4.103,0.563
461300,5.000,0.860,4.279,0.563
461500,5.000,0.860,4.279,0.563
461700,5.000,0.829,4.126,0.564
461900,5.000,0.829,4.126,0.564
462100,5.000,0.852,4.244,0.564
462300,5.000,0.871,4.336,0.564
462500,5.000,0.871,4.336,0.565
462700,5.000,0.848,4.221,0.565
462900,5.000,0.834,4.153,0.565
463100,5.000,0.847,4.218,0.565
463300,5.000,0.847,4.218,0.566
463500,5.000,0.861,4.286,0.566
463700,5.000,0.831,4.141,0.566
463900,5.000,0.823,4.099,0.566
464100,5.000,0.849,4.225,0.567
464300,5.000,0.849,4.225,0.567
464500,5.000,0.840,4.183,0.567
464700,5.000,0.827,4.118,0.567
464900,5.000,0.838,4.172,0.568
465100,5.000,0.838,4.172,0.568
465300,5.000,0.842,4.191,0.568
465500,5.000,0.840,4.183,0.568
465700,5.000,0.825,4.111,0.569
465900,5.000,0.825,4.111,0.569
466100,5.000,0.868,4.321,0.569
466300,5.000,0.868,4.321,0.569
466500,5.000,0.832,4.145,0.570
466700,5.000,0.833,4.149,0.570
466900,5.000,0.867,4.317,0.570
467100,5.000,0.867,4.317,0.570
467300,5.000,0.838,4.172,0.571
467500,5.000,0.839,4.179,0.571
467700,5.000,0.840,4.183,0.571
467900,5.000,0.840,4.183,0.571
468100,5.000,0.858,4.275,0.572
468300,5.000,0.840,4.183,0.572
468500,5.000,0.825,4.111,0.572
468700,5.000,0.863,4.298,0.572
468900,5.000,0.863,4.298,0.573
469100,5.000,0.835,4.160,0.573
469300,5.000,0.842,4.191,0.573
469500,5.000,0.832,4.145,0.573
469700,5.000,0.832,4.145,0.573
469900,5.000,0.843,4.199,0.574
470100,5.000,0.834,4.157,0.574
470300,5.000,0.821,4.088,0.574
470500,5.000,0.848,4.225,0.574
470700,5.000,0.848,4.225,0.575
470900,5.000,0.856,4.263,0.575
471100,5.000,0.838,4.176,0.575
471300,5.000,0.838,4.172,0.575
471500,5.000,0.838,4.172,0.576
471700,5.000,0.835,4.157,0.576
471900,5.000,0.838,4.172,0.576
472100,5.000,0.840,4.183,0.576
472300,5.000,0.832,4.141,0.577
472500,5.000,0.849,4.225,0.577
