300,5.000,0.558,2.786,0.000
500,5.000,0.537,2.683,0.000
700,5.000,0.537,2.683,0.000
900,5.000,0.561,2.805,0.000
1100,5.000,0.553,2.763,0.000
1300,5.000,0.553,2.763,0.000
1500,5.000,0.561,2.801,0.000
1700,5.000,0.559,2.793,0.001
1900,5.000,0.552,2.759,0.001
2100,5.000,0.552,2.759,0.001
2300,5.000,0.559,2.793,0.001
2500,5.000,0.560,2.793,0.001
2700,5.000,0.549,2.744,0.001
2900,5.000,0.556,2.778,0.002
3100,5.000,0.556,2.778,0.002
3300,5.000,0.556,2.778,0.002
3500,5.000,0.547,2.732,0.002
3700,5.000,0.556,2.778,0.002
3900,5.000,0.556,2.778,0.002
4100,5.000,0.550,2.748,0.003
4300,5.000,0.546,2.729,0.003
4500,5.000,0.546,2.729,0.003
4700,5.000,0.557,2.786,0.003
4900,5.000,0.542,2.706,0.003
5100,5.000,0.547,2.729,0.003
5300,5.000,0.547,2.729,0.003
5500,5.000,0.549,2.744,0.004
5700,5.000,0.539,2.694,0.004
5900,5.000,0.539,2.694,0.004
6100,5.000,0.541,2.702,0.004
6300,5.000,0.549,2.740,0.004
6500,5.000,0.541,2.702,0.004
6700,5.000,0.540,2.698,0.005
6900,5.000,0.540,2.698,0.005
7100,5.000,0.550,2.751,0.005
7300,5.000,0.541,2.702,0.005
7500,5.000,0.543,2.713,0.005
7700,5.000,0.543,2.713,0.005
7900,5.000,0.547,2.736,0.006
8100,5.000,0.539,2.694,0.006
8300,5.000,0.546,2.729,0.006
8500,5.000,0.546,2.729,0.006
8700,5.000,0.545,2.721,0.006
8900,5.000,0.541,2.706,0.006
9100,5.000,0.541,2.706,0.006
9300,5.000,0.543,2.709,0.007
9500,5.000,0.548,2.736,0.007
9700,5.000,0.540,2.698,0.007
9900,5.000,0.543,2.713,0.007
10100,5.000,0.543,2.713,0.007
10300,5.000,0.548,2.736,0.007
10500,5.000,0.541,2.702,0.008
10700,5.000,0.546,2.729,0.008
10900,5.000,0.546,2.729,0.008
11100,5.000,0.544,2.717,0.008
11300,5.000,0.541,2.702,0.008
11500,5.000,0.547,2.732,0.008
11700,5.000,0.547,2.732,0.008
11900,5.000,0.545,2.721,0.009
12100,5.000,0.540,2.694,0.009
12300,5.000,0.540,2.694,0.009
12500,5.000,0.547,2.729,0.009
12700,5.000,0.545,2.721,0.009
12900,5.000,0.542,2.709,0.009
13100,5.000,0.542,2.709,0.010
13300,5.000,0.545,2.725,0.010
13500,5.000,0.547,2.736,0.010
13700,5.000,0.540,2.698,0.010
13900,5.000,0.548,2.736,0.010
14100,5.000,0.548,2.736,0.010
14300,5.000,0.544,2.717,0.011
14500,5.000,0.540,2.698,0.011
14700,5.000,0.550,2.748,0.011
14900,5.000,0.550,2.748,0.011
15100,5.000,0.540,2.698,0.011
15300,5.000,0.541,2.702,0.011
15500,5.000,0.541,2.702,0.011
15700,5.000,0.550,2.748,0.012
15900,5.000,0.541,2.706,0.012
16100,5.000,0.538,2.690,0.012
16300,5.000,0.538,2.690,0.012
16500,5.000,0.552,2.755,0.012
16700,5.000,0.540,2.698,0.012
16900,5.000,0.541,2.702,0.013
17100,5.000,0.551,2.751,0.013
17300,5.000,0.551,2.751,0.013
17500,5.000,0.540,2.698,0.013
17700,5.000,0.542,2.709,0.013
17900,5.000,0.542,2.709,0.013
18100,5.000,0.549,2.744,0.013
18300,5.000,0.540,2.698,0.014
18500,5.000,0.541,2.702,0.014
18700,5.000,0.541,2.702,0.014
18900,5.000,0.550,2.748,0.014
19100,5.000,0.540,2.694,0.014
19300,5.000,0.542,2.706,0.014
19500,5.000,0.542,2.706,0.015
19700,5.000,0.548,2.740,0.015
19900,5.000,0.541,2.702,0.015
20100,5.000,0.541,2.702,0.015
20300,5.000,0.539,2.690,0.015
20500,5.000,0.551,2.748,0.015
20700,5.000,0.540,2.694,0.015
20900,5.000,0.542,2.706,0.016
21100,5.000,0.542,2.706,0.016
21300,5.000,0.549,2.740,0.016
21500,5.000,0.540,2.694,0.016
21700,5.000,0.543,2.709,0.016
21900,5.000,0.543,2.709,0.016
22100,5.000,0.547,2.732,0.017
22300,5.000,0.540,2.698,0.017
22500,5.000,0.546,2.725,0.017
22700,5.000,0.546,2.725,0.017
22900,5.000,0.544,2.721,0.017
23100,5.000,0.538,2.690,0.017
23300,5.000,0.538,2.690,0.017
23500,5.000,0.544,2.717,0.018
23700,5.000,0.546,2.729,0.018
23900,5.000,0.540,2.698,0.018
24100,5.000,0.544,2.717,0.018
24300,5.000,0.544,2.717,0.018
24500,5.000,0.547,2.729,0.018
24700,5.000,0.540,2.698,0.019
24900,5.000,0.547,2.729,0.019
25100,5.000,0.547,2.729,0.019
25300,5.000,0.543,2.709,0.019
25500,5.000,0.540,2.698,0.019
25700,5.000,0.540,2.736,0.019
25900,5.000,0.548,2.736,0.019
26100,5.000,0.542,2.709,0.020
26300,5.000,0.542,2.706,0.020
26500,5.000,0.542,2.706,0.020
26700,5.000,0.545,2.721,0.020
26900,5.000,0.545,2.725,0.020
27100,5.000,0.539,2.690,0.020
27300,5.000,0.539,2.690,0.021
27500,5.000,0.547,2.736,0.021
27700,5.000,0.543,2.713,0.021
27900,5.000,0.541,2.698,0.021
28100,5.000,0.548,2.736,0.021
28300,5.000,0.548,2.736,0.021
28500,5.000,0.542,2.706,0.022
28700,5.000,0.539,2.694,0.022
28900,5.000,0.539,2.694,0.022
29100,5.000,0.551,2.751,0.022
29300,5.000,0.540,2.698,0.022
29500,5.000,0.540,2.698,0.022
29700,5.000,0.540,2.698,0.022
29900,5.000,0.551,2.751,0.023
30100,5.000,0.539,2.690,0.023
30300,5.000,0.541,2.702,0.023
30500,5.000,0.541,2.702,0.023
30700,5.000,0.548,2.740,0.023
30900,5.000,0.540,2.698,0.023
31100,5.000,0.540,2.698,0.024
31300,5.000,0.550,2.751,0.024
31500,5.000,0.550,2.751,0.024
31700,5.000,0.541,2.702,0.024
31900,5.000,0.541,2.702,0.024
32100,5.000,0.541,2.702,0.024
32300,5.000,0.549,2.744,0.024
32500,5.000,0.541,2.698,0.025
32700,5.000,0.544,2.717,0.025
32900,5.000,0.544,2.717,0.025
33100,5.000,0.548,2.736,0.025
33300,5.000,0.542,2.709,0.025
33500,5.000,0.540,2.694,0.025
33700,5.000,0.540,2.694,0.026
33900,5.000,0.551,2.751,0.026
34100,5.000,0.540,2.698,0.026
34300,5.000,0.540,2.698,0.026
34500,5.000,0.549,2.744,0.026
34700,5.000,0.549,2.744,0.026
34900,5.000,0.541,2.702,0.027
35100,5.000,0.543,2.713,0.027
35300,5.000,0.543,2.713,0.027
35500,5.000,0.548,2.736,0.027
35700,5.000,0.540,2.698,0.027
35900,5.000,0.544,2.717,0.027
36100,5.000,0.544,2.717,0.027
36300,5.000,0.549,2.744,0.028
36500,5.000,0.540,2.698,0.028
36700,5.000,0.540,2.736,0.028
36900,5.000,0.548,2.736,0.028
37100,5.000,0.543,2.713,0.028
37300,5.000,0.542,2.706,0.028
37500,5.000,0.542,2.706,0.028
37700,5.000,0.543,2.713,0.029
37900,5.000,0.553,2.763,0.029
38100,5.000,0.540,2.702,0.029
38300,5.000,0.547,2.729,0.029
38500,5.000,0.547,2.729,0.029
38700,5.000,0.545,2.721,0.029
38900,5.000,0.541,2.702,0.030
39100,5.000,0.547,2.729,0.030
39300,5.000,0.547,2.729,0.030
39500,5.000,0.544,2.717,0.030
39700,5.000,0.541,2.702,0.030
39900,5.000,0.541,2.702,0.030
40100,5.000,0.548,2.736,0.031
40300,5.000,0.544,2.717,0.031
40500,5.000,0.541,2.702,0.031
40700,5.000,0.541,2.702,0.031
40900,5.000,0.546,2.729,0.031
41100,5.000,0.545,2.721,0.031
41300,5.000,0.541,2.706,0.031
41500,5.000,0.547,2.732,0.032
41700,5.000,0.547,2.732,0.032
41900,5.000,0.545,2.725,0.032
42100,5.000,0.540,2.698,0.032
42300,5.000,0.550,2.748,0.032
42500,5.000,0.550,2.748,0.032
42700,5.000,0.542,2.706,0.033
42900,5.000,0.540,2.698,0.033
43100,5.000,0.540,2.698,0.033
43300,5.000,0.552,2.755,0.033
43500,5.000,0.540,2.698,0.033
43700,5.000,0.540,2.698,0.033
43900,5.000,0.540,2.698,0.033
44100,5.000,0.549,2.744,0.034
44300,5.000,0.542,2.706,0.034
44500,5.000,0.539,2.694,0.034
44700,5.000,0.539,2.694,0.034
44900,5.000,0.552,2.755,0.034
45100,5.000,0.538,2.690,0.034
45300,5.000,0.542,2.709,0.035
45500,5.000,0.550,2.748,0.035
45700,5.000,0.550,2.748,0.035
45900,5.000,0.540,2.698,0.035
46100,5.000,0.541,2.698,0.035
46300,5.000,0.541,2.698,0.035
46500,5.000,0.550,2.748,0.035
46700,5.000,0.540,2.698,0.036
46900,5.000,0.545,2.721,0.036
47100,5.000,0.545,2.721,0.036
47300,5.000,0.547,2.732,0.036
47500,5.000,0.544,2.721,0.036
47700,5.000,0.544,2.702,0.036
47900,5.000,0.541,2.702,0.037
48100,5.000,0.549,2.740,0.037
48300,5.000,0.542,2.709,0.037
48500,5.000,0.540,2.698,0.037
48700,5.000,0.540,2.698,0.037
48900,5.000,0.551,2.751,0.037
49100,5.000,0.540,2.698,0.038
49300,5.000,0.543,2.713,0.038
49500,5.000,0.543,2.713,0.038
49700,5.000,0.548,2.736,0.038
49900,5.000,0.540,2.698,0.038
50100,5.000,0.546,2.729,0.038
50300,5.000,0.546,2.729,0.038
50500,5.000,0.547,2.732,0.039
50700,5.000,0.539,2.694,0.039
50900,5.000,0.539,2.694,0.039
51100,5.000,0.543,2.709,0.039
51300,5.000,0.547,2.732,0.039
51500,5.000,0.538,2.690,0.039
51700,5.000,0.538,2.690,0.039
51900,5.000,0.546,2.725,0.040
52100,5.000,0.545,2.725,0.040
52300,5.000,0.541,2.706,0.040
52500,5.000,0.546,2.729,0.040
52700,5.000,0.546,2.729,0.040
52900,5.000,0.545,2.721,0.040
53100,5.000,0.539,2.694,0.041
53300,5.000,0.548,2.740,0.041
53500,5.000,0.548,2.740,0.041
53700,5.000,0.543,2.709,0.041
53900,5.000,0.542,2.706,0.041
54100,5.000,0.542,2.706,0.041
54300,5.000,0.550,2.748,0.042
54500,5.000,0.541,2.702,0.042
54700,5.000,0.541,2.702,0.042
54900,5.000,0.541,2.702,0.042
55100,5.000,0.546,2.725,0.042
55300,5.000,0.545,2.721,0.042
55500,5.000,0.540,2.694,0.043
55700,5.000,0.548,2.736,0.043
55900,5.000,0.548,2.736,0.043
56100,5.000,0.543,2.713,0.043
56300,5.000,0.541,2.702,0.043
56500,5.000,0.549,2.744,0.043
56700,5.000,0.549,2.744,0.043
56900,5.000,0.541,2.702,0.044
57100,5.000,0.540,2.694,0.044
57300,5.000,0.540,2.694,0.044
57500,5.000,0.551,2.751,0.044
57700,5.000,0.540,2.694,0.044
57900,5.000,0.539,2.694,0.044
58100,5.000,0.539,2.694,0.044
58300,5.000,0.551,2.751,0.045
58500,5.000,0.540,2.698,0.045
58700,5.000,0.540,2.698,0.045
58900,5.000,0.551,2.751,0.045
59100,5.000,0.551,2.751,0.045
59300,5.000,0.541,2.702,0.045
59500,5.000,0.540,2.698,0.046
59700,5.000,0.540,2.698,0.046
59900,5.000,0.551,2.751,0.046
60100,5.000,0.539,2.690,0.046
60300,5.000,0.543,2.713,0.046
60500,5.000,0.543,2.713,0.046
60700,5.000,0.549,2.744,0.047
60900,5.000,0.541,2.698,0.047
61100,5.000,0.543,2.713,0.047
61300,5.000,0.543,2.713,0.047
61500,5.000,0.547,2.732,0.047
61700,5.000,0.540,2.698,0.047
61900,5.000,0.540,2.698,0.047
62100,5.000,0.540,2.698,0.048
62300,5.000,0.550,2.748,0.048
62500,5.000,0.540,2.694,0.048
62700,5.000,0.544,2.717,0.048
62900,5.000,0.544,2.717,0.048
63100,5.000,0.547,2.732,0.048
63300,5.000,0.541,2.706,0.049
63500,5.000,0.541,2.702,0.049
63700,5.000,0.541,2.702,0.049
63900,5.000,0.549,2.740,0.049
64100,5.000,0.541,2.698,0.049
64300,5.000,0.547,2.729,0.049
64500,5.000,0.547,2.729,0.049
64700,5.000,0.544,2.717,0.050
64900,5.000,0.540,2.698,0.050
65100,5.000,0.540,2.698,0.050
65300,5.000,0.543,2.713,0.050
65500,5.000,0.547,2.736,0.050
65700,5.000,0.540,2.702,0.050
65900,5.000,0.546,2.725,0.051
66100,5.000,0.546,2.725,0.051
66300,5.000,0.547,2.732,0.051
66500,5.000,0.538,2.690,0.051
66700,5.000,0.548,2.740,0.051
66900,5.000,0.548,2.740,0.051
67100,5.000,0.543,2.713,0.051
67300,5.000,0.541,2.706,0.052
67500,5.000,0.548,2.736,0.052
67700,5.000,0.548,2.736,0.052
67900,5.000,0.543,2.713,0.052
68100,5.000,0.540,2.698,0.052
68300,5.000,0.540,2.698,0.052
68500,5.000,0.547,2.732,0.053
68700,5.000,0.543,2.713,0.053
68900,5.000,0.541,2.702,0.053
69100,5.000,0.541,2.702,0.053
69300,5.000,0.548,2.740,0.053
69500,5.000,0.543,2.709,0.053
69700,5.000,0.542,2.706,0.054
69900,5.000,0.547,2.736,0.054
70100,5.000,0.547,2.736,0.054
70300,5.000,0.544,2.717,0.054
70500,5.000,0.539,2.694,0.054
70700,5.000,0.539,2.694,0.054
70900,5.000,0.551,2.751,0.054
71100,5.000,0.541,2.698,0.055
71300,5.000,0.541,2.702,0.055
71500,5.000,0.541,2.702,0.055
71700,5.000,0.549,2.744,0.055
71900,5.000,0.541,2.702,0.055
72100,5.000,0.540,2.698,0.055
72300,5.000,0.540,2.698,0.055
72500,5.000,0.550,2.744,0.056
72700,5.000,0.541,2.702,0.056
72900,5.000,0.540,2.698,0.056
73100,5.000,0.552,2.755,0.056
73300,5.000,0.552,2.755,0.056
73500,5.000,0.539,2.694,0.056
73700,5.000,0.542,2.706,0.057
73900,5.000,0.542,2.706,0.057
74100,5.000,0.550,2.744,0.057
74300,5.000,0.541,2.702,0.057
74500,5.000,0.543,2.713,0.057
74700,5.000,0.543,2.713,0.057
74900,5.000,0.548,2.740,0.058
75100,5.000,0.539,2.690,0.058
75300,5.000,0.542,2.706,0.058
75500,5.000,0.542,2.706,0.058
75700,5.000,0.549,2.744,0.058
75900,5.000,0.540,2.694,0.058
76100,5.000,0.540,2.694,0.058
76300,5.000,0.543,2.713,0.059
76500,5.000,0.549,2.740,0.059
76700,5.000,0.541,2.702,0.059
76900,5.000,0.543,2.713,0.059
77100,5.000,0.543,2.713,0.059
77300,5.000,0.547,2.732,0.059
77500,5.000,0.539,2.694,0.060
77700,5.000,0.545,2.721,0.060
77900,5.000,0.545,2.721,0.060
78100,5.000,0.547,2.732,0.060
78300,5.000,0.541,2.702,0.060
78500,5.000,0.546,2.725,0.060
78700,5.000,0.546,2.725,0.060
78900,5.000,0.544,2.717,0.061
79100,5.000,0.540,2.694,0.061
79300,5.000,0.540,2.694,0.061
79500,5.000,0.542,2.709,0.061
79700,5.000,0.548,2.736,0.061
79900,5.000,0.541,2.702,0.061
80100,5.000,0.546,2.729,0.062
80300,5.000,0.546,2.729,0.062
80500,5.000,0.545,2.721,0.062
80700,5.000,0.541,2.706,0.062
80900,5.000,0.547,2.729,0.062
81100,5.000,0.547,2.729,0.062
81300,5.000,0.545,2.721,0.063
81500,5.000,0.539,2.690,0.063
81700,5.000,0.539,2.690,0.063
81900,5.000,0.551,2.751,0.063
82100,5.000,0.541,2.702,0.063
82300,5.000,0.540,2.698,0.063
82500,5.000,0.540,2.698,0.063
82700,5.000,0.546,2.729,0.064
82900,5.000,0.544,2.717,0.064
83100,5.000,0.540,2.698,0.064
83300,5.000,0.540,2.698,0.064
83500,5.000,0.548,2.736,0.064
83700,5.000,0.543,2.713,0.064
83900,5.000,0.540,2.694,0.065
84100,5.000,0.550,2.748,0.065
84300,5.000,0.550,2.748,0.065
84500,5.000,0.539,2.694,0.065
84700,5.000,0.542,2.709,0.065
84900,5.000,0.542,2.709,0.065
85100,5.000,0.550,2.748,0.065
85300,5.000,0.542,2.706,0.066
85500,5.000,0.540,2.694,0.066
85700,5.000,0.540,2.694,0.066
85900,5.000,0.550,2.748,0.066
86100,5.000,0.540,2.698,0.066
86300,5.000,0.540,2.698,0.066
86500,5.000,0.540,2.698,0.067
86700,5.000,0.550,2.751,0.067
86900,5.000,0.541,2.702,0.067
87100,5.000,0.541,2.702,0.067
87300,5.000,0.550,2.744,0.067
87500,5.000,0.550,2.744,0.067
87700,5.000,0.542,2.706,0.067
87900,5.000,0.539,2.690,0.068
88100,5.000,0.539,2.690,0.068
88300,5.000,0.551,2.751,0.068
88500,5.000,0.539,2.690,0.068
88700,5.000,0.544,2.717,0.068
88900,5.000,0.544,2.717,0.068
89100,5.000,0.546,2.729,0.069
89300,5.000,0.541,2.698,0.069
89500,5.000,0.540,2.694,0.069
89700,5.000,0.540,2.694,0.069
89900,5.000,0.550,2.748,0.069
90100,5.000,0.540,2.698,0.069
90300,5.000,0.540,2.698,0.069
90500,5.000,0.550,2.744,0.070
90700,5.000,0.550,2.744,0.070
90900,5.000,0.540,2.698,0.070
91100,5.000,0.543,2.713,0.070
91300,5.000,0.543,2.713,0.070
91500,5.000,0.546,2.729,0.070
91700,5.000,0.542,2.706,0.071
91900,5.000,0.545,2.721,0.071
92100,5.000,0.545,2.721,0.071
92300,5.000,0.547,2.729,0.071
92500,5.000,0.539,2.694,0.071
92700,5.000,0.539,2.694,0.071
92900,5.000,0.547,2.736,0.071
93100,5.000,0.543,2.713,0.072
93300,5.000,0.540,2.698,0.072
93500,5.000,0.540,2.698,0.072
93700,5.000,0.544,2.717,0.072
93900,5.000,0.548,2.736,0.072
94100,5.000,0.540,2.698,0.072
94300,5.000,0.546,2.729,0.073
94500,5.000,0.546,2.729,0.073
94700,5.000,0.545,2.725,0.073
94900,5.000,0.539,2.690,0.073
95100,5.000,0.549,2.740,0.073
95300,5.000,0.549,2.740,0.073
95500,5.000,0.542,2.709,0.074
95700,5.000,0.542,2.706,0.074
95900,5.000,0.542,2.706,0.074
96100,5.000,0.549,2.744,0.074
96300,5.000,0.545,2.725,0.074
96500,5.000,0.540,2.698,0.074
96700,5.000,0.540,2.698,0.074
96900,5.000,0.546,2.729,0.075
97100,5.000,0.544,2.717,0.075
97300,5.000,0.540,2.698,0.075
97500,5.000,0.547,2.732,0.075
97700,5.000,0.547,2.732,0.075
97900,5.000,0.544,2.717,0.075
98100,5.000,0.540,2.698,0.076
98300,5.000,0.550,2.744,0.076
98500,5.000,0.550,2.744,0.076
98700,5.000,0.542,2.706,0.076
98900,5.000,0.540,2.698,0.076
99100,5.000,0.540,2.698,0.076
99300,5.000,0.552,2.755,0.076
99500,5.000,0.540,2.694,0.077
99700,5.000,0.541,2.706,0.077
99900,5.000,0.541,2.706,0.077
100100,5.000,0.549,2.744,0.077
100300,5.000,0.541,2.702,0.077
100500,5.000,0.540,2.694,0.077
100700,5.000,0.540,2.694,0.078
100900,5.000,0.552,2.759,0.078
101100,5.000,0.540,2.698,0.078
101300,5.000,0.541,2.706,0.078
101500,5.000,0.550,2.748,0.078
101700,5.000,0.550,2.748,0.078
101900,5.000,0.539,2.694,0.079
102100,5.000,0.543,2.713,0.079
102300,5.000,0.543,2.713,0.079
102500,5.000,0.549,2.744,0.079
102700,5.000,0.541,2.706,0.079
102900,5.000,0.542,2.709,0.079
103100,5.000,0.542,2.709,0.079
103300,5.000,0.549,2.740,0.080
103500,5.000,0.539,2.694,0.080
103700,5.000,0.539,2.694,0.080
103900,5.000,0.541,2.706,0.080
104100,5.000,0.549,2.740,0.080
104300,5.000,0.542,2.706,0.080
104500,5.000,0.543,2.713,0.081
104700,5.000,0.543,2.713,0.081
104900,5.000,0.548,2.740,0.081
105100,5.000,0.540,2.702,0.081
105300,5.000,0.542,2.706,0.081
105500,5.000,0.542,2.706,0.081
105700,5.000,0.549,2.744,0.081
105900,5.000,0.539,2.694,0.082
106100,5.000,0.548,2.736,0.082
106300,5.000,0.548,2.736,0.082
106500,5.000,0.544,2.717,0.082
106700,5.000,0.541,2.702,0.082
106900,5.000,0.541,2.702,0.082
107100,5.000,0.543,2.713,0.083
107300,5.000,0.549,2.740,0.083
107500,5.000,0.539,2.694,0.083
107700,5.000,0.539,2.694,0.083
107900,5.000,0.547,2.732,0.083
108100,5.000,0.544,2.717,0.083
108300,5.000,0.541,2.702,0.083
108500,5.000,0.547,2.729,0.084
108700,5.000,0.547,2.729,0.084
108900,5.000,0.543,2.713,0.084
109100,5.000,0.541,2.702,0.084
109300,5.000,0.547,2.732,0.084
109500,5.000,0.547,2.732,0.084
109700,5.000,0.545,2.721,0.085
109900,5.000,0.539,2.694,0.085
110100,5.000,0.539,2.694,0.085
110300,5.000,0.551,2.755,0.085
110500,5.000,0.539,2.694,0.085
110700,5.000,0.540,2.698,0.085
110900,5.000,0.540,2.698,0.085
111100,5.000,0.547,2.732,0.086
111300,5.000,0.544,2.717,0.086
111500,5.000,0.540,2.698,0.086
111700,5.000,0.549,2.744,0.086
111900,5.000,0.549,2.744,0.086
112100,5.000,0.541,2.702,0.086
112300,5.000,0.540,2.698,0.087
112500,5.000,0.551,2.751,0.087
112700,5.000,0.551,2.751,0.087
112900,5.000,0.540,2.698,0.087
113100,5.000,0.542,2.706,0.087
113300,5.000,0.542,2.706,0.087
113500,5.000,0.549,2.740,0.087
113700,5.000,0.541,2.706,0.088
113900,5.000,0.539,2.694,0.088
114100,5.000,0.539,2.694,0.088
114300,5.000,0.551,2.751,0.088
114500,5.000,0.540,2.694,0.088
114700,5.000,0.540,2.694,0.088
114900,5.000,0.551,2.751,0.089
115100,5.000,0.551,2.751,0.089
115300,5.000,0.541,2.702,0.089
115500,5.000,0.540,2.698,0.089
115700,5.000,0.540,2.698,0.089
115900,5.000,0.551,2.751,0.089
116100,5.000,0.540,2.698,0.090
116300,5.000,0.543,2.713,0.090
116500,5.000,0.543,2.713,0.090
116700,5.000,0.548,2.740,0.090
116900,5.000,0.540,2.698,0.090
117100,5.000,0.544,2.721,0.090
117300,5.000,0.544,2.721,0.090
117500,5.000,0.546,2.729,0.091
117700,5.000,0.541,2.706,0.091
117900,5.000,0.541,2.706,0.091
118100,5.000,0.542,2.706,0.091
118300,5.000,0.550,2.748,0.091
118500,5.000,0.540,2.698,0.091
118700,5.000,0.544,2.717,0.092
118900,5.000,0.544,2.717,0.092
119100,5.000,0.547,2.729,0.092
119300,5.000,0.540,2.698,0.092
119500,5.000,0.544,2.713,0.092
119700,5.000,0.544,2.713,0.092
119900,5.000,0.547,2.732,0.092
120100,5.000,0.541,2.706,0.093
120300,5.000,0.546,2.729,0.093
120500,5.000,0.546,2.729,0.093
120700,5.000,0.545,2.721,0.093
120900,5.000,0.539,2.694,0.093
121100,5.000,0.539,2.694,0.093
121300,5.000,0.544,2.721,0.094
121500,5.000,0.547,2.732,0.094
121700,5.000,0.541,2.702,0.094
121900,5.000,0.547,2.732,0.094
122100,5.000,0.547,2.732,0.094
122300,5.000,0.545,2.721,0.094
122500,5.000,0.540,2.694,0.095
122700,5.000,0.548,2.736,0.095
122900,5.000,0.548,2.736,0.095
123100,5.000,0.543,2.713,0.095
123300,5.000,0.547,2.732,0.095
123500,5.000,0.547,2.740,0.095
123700,5.000,0.548,2.740,0.095
123900,5.000,0.542,2.709,0.096
124100,5.000,0.541,2.702,0.096
124300,5.000,0.541,2.702,0.096
124500,5.000,0.545,2.725,0.096
124700,5.000,0.545,2.725,0.096
124900,5.000,0.539,2.690,0.096
125100,5.000,0.539,2.690,0.096
125300,5.000,0.549,2.744,0.097
125500,5.000,0.543,2.709,0.097
125700,5.000,0.541,2.702,0.097
125900,5.000,0.550,2.744,0.097
126100,5.000,0.550,2.744,0.097
126300,5.000,0.541,2.702,0.097
126500,5.000,0.540,2.698,0.098
126700,5.000,0.540,2.698,0.098
126900,5.000,0.552,2.755,0.098
127100,5.000,0.540,2.702,0.098
127300,5.000,0.540,2.694,0.098
127500,5.000,0.540,2.694,0.098
127700,5.000,0.550,2.748,0.099
127900,5.000,0.540,2.694,0.099
128100,5.000,0.541,2.702,0.099
128300,5.000,0.541,2.702,0.099
128500,5.000,0.549,2.744,0.099
128700,5.000,0.542,2.706,0.099
128900,5.000,0.540,2.694,0.099
129100,5.000,0.551,2.751,0.100
129300,5.000,0.551,2.751,0.100
129500,5.000,0.540,2.698,0.100
129700,5.000,0.540,2.698,0.100
129900,5.000,0.540,2.698,0.100
130100,5.000,0.550,2.748,0.100
130300,5.000,0.541,2.702,0.101
130500,5.000,0.544,2.717,0.101
130700,5.000,0.544,2.717,0.101
130900,5.000,0.546,2.725,0.101
131100,5.000,0.541,2.702,0.101
131300,5.000,0.539,2.694,0.101
131500,5.000,0.539,2.694,0.101
131700,5.000,0.551,2.751,0.102
131900,5.000,0.538,2.687,0.102
132100,5.000,0.538,2.687,0.102
132300,5.000,0.544,2.717,0.102
132500,5.000,0.546,2.725,0.102
132700,5.000,0.541,2.706,0.102
132900,5.000,0.542,2.706,0.103
133100,5.000,0.542,2.706,0.103
133300,5.000,0.548,2.736,0.103
133500,5.000,0.541,2.702,0.103
133700,5.000,0.546,2.729,0.103
133900,5.000,0.546,2.729,0.103
134100,5.000,0.546,2.725,0.103
134300,5.000,0.539,2.694,0.104
134500,5.000,0.539,2.732,0.104
134700,5.000,0.547,2.732,0.104
134900,5.000,0.543,2.713,0.104
135100,5.000,0.540,2.698,0.104
135300,5.000,0.540,2.698,0.104
135500,5.000,0.544,2.717,0.105
135700,5.000,0.549,2.740,0.105
135900,5.000,0.538,2.690,0.105
136100,5.000,0.547,2.732,0.105
136300,5.000,0.547,2.732,0.105
136500,5.000,0.543,2.713,0.105
136700,5.000,0.540,2.698,0.106
136900,5.000,0.547,2.736,0.106
137100,5.000,0.547,2.736,0.106
137300,5.000,0.543,2.713,0.106
137500,5.000,0.541,2.702,0.106
137700,5.000,0.541,2.702,0.106
137900,5.000,0.550,2.748,0.106
138100,5.000,0.540,2.698,0.107
138300,5.000,0.540,2.698,0.107
138500,5.000,0.540,2.698,0.107
138700,5.000,0.547,2.732,0.107
138900,5.000,0.543,2.709,0.107
139100,5.000,0.542,2.709,0.107
139300,5.000,0.542,2.709,0.107
139500,5.000,0.548,2.736,0.108
139700,5.000,0.544,2.717,0.108
139900,5.000,0.539,2.694,0.108
140100,5.000,0.552,2.755,0.108
140300,5.000,0.552,2.755,0.108
140500,5.000,0.541,2.702,0.108
140700,5.000,0.541,2.702,0.109
140900,5.000,0.541,2.702,0.109
141100,5.000,0.551,2.751,0.109
141300,5.000,0.540,2.698,0.109
141500,5.000,0.541,2.702,0.109
141700,5.000,0.541,2.702,0.109
141900,5.000,0.551,2.751,0.110
142100,5.000,0.541,2.702,0.110
142300,5.000,0.539,2.694,0.110
142500,5.000,0.539,2.694,0.110
142700,5.000,0.553,2.763,0.110
142900,5.000,0.539,2.690,0.110
143100,5.000,0.542,2.706,0.111
143300,5.000,0.549,2.740,0.111
143500,5.000,0.549,2.740,0.111
143700,5.000,0.540,2.698,0.111
143900,5.000,0.542,2.706,0.111
144100,5.000,0.542,2.706,0.111
144300,5.000,0.550,2.748,0.111
144500,5.000,0.541,2.702,0.112
144700,5.000,0.543,2.709,0.112
144900,5.000,0.543,2.709,0.112
145100,5.000,0.547,2.736,0.112
145300,5.000,0.540,2.702,0.112
145500,5.000,0.540,2.706,0.112
145700,5.000,0.541,2.706,0.112
145900,5.000,0.549,2.744,0.113
146100,5.000,0.543,2.709,0.113
146300,5.000,0.543,2.709,0.113
146500,5.000,0.542,2.706,0.113
146700,5.000,0.549,2.744,0.113
146900,5.000,0.540,2.694,0.113
147100,5.000,0.543,2.713,0.114
147300,5.000,0.543,2.713,0.114
147500,5.000,0.547,2.732,0.114
147700,5.000,0.541,2.706,0.114
147900,5.000,0.546,2.729,0.114
148100,5.000,0.546,2.729,0.114
148300,5.000,0.545,2.721,0.115
148500,5.000,0.540,2.698,0.115
148700,5.000,0.540,2.698,0.115
148900,5.000,0.547,2.732,0.115
149100,5.000,0.544,2.721,0.115
149300,5.000,0.539,2.690,0.115
149500,5.000,0.539,2.690,0.115
149700,5.000,0.548,2.736,0.116
149900,5.000,0.545,2.725,0.116
150100,5.000,0.540,2.698,0.116
150300,5.000,0.546,2.729,0.116
150500,5.000,0.546,2.729,0.116
150700,5.000,0.543,2.717,0.116
150900,5.000,0.541,2.702,0.117
151100,5.000,0.549,2.740,0.117
151300,5.000,0.549,2.740,0.117
151500,5.000,0.543,2.713,0.117
151700,5.000,0.540,2.698,0.117
151900,5.000,0.540,2.698,0.117
152100,5.000,0.550,2.748,0.117
152300,5.000,0.541,2.702,0.118
152500,5.000,0.545,2.725,0.118
152700,5.000,0.545,2.725,0.118
152900,5.000,0.547,2.729,0.118
153100,5.000,0.545,2.721,0.118
153300,5.000,0.539,2.690,0.118
153500,5.000,0.549,2.744,0.119
153700,5.000,0.549,2.744,0.119
153900,5.000,0.541,2.706,0.119
154100,5.000,0.540,2.698,0.119
154300,5.000,0.553,2.763,0.119
154500,5.000,0.553,2.763,0.119
154700,5.000,0.541,2.702,0.119
154900,5.000,0.540,2.698,0.120
155100,5.000,0.540,2.698,0.120
155300,5.000,0.551,2.751,0.120
155500,5.000,0.539,2.694,0.120
155700,5.000,0.543,2.709,0.120
155900,5.000,0.543,2.709,0.120
156100,5.000,0.550,2.748,0.121
156300,5.000,0.539,2.694,0.121
156500,5.000,0.539,2.706,0.121
156700,5.000,0.541,2.706,0.121
156900,5.000,0.550,2.748,0.121
157100,5.000,0.540,2.698,0.121
157300,5.000,0.540,2.698,0.122
157500,5.000,0.540,2.698,0.122
157700,5.000,0.551,2.751,0.122
157900,5.000,0.540,2.698,0.122
158100,5.000,0.544,2.717,0.122
158300,5.000,0.544,2.717,0.122
158500,5.000,0.546,2.725,0.122
158700,5.000,0.541,2.702,0.123
158900,5.000,0.543,2.713,0.123
159100,5.000,0.543,2.713,0.123
159300,5.000,0.548,2.736,0.123
159500,5.000,0.541,2.702,0.123
159700,5.000,0.541,2.702,0.123
159900,5.000,0.541,2.702,0.123
160100,5.000,0.550,2.748,0.124
160300,5.000,0.540,2.698,0.124
160500,5.000,0.544,2.713,0.124
160700,5.000,0.544,2.713,0.124
160900,5.000,0.546,2.729,0.124
161100,5.000,0.540,2.698,0.124
161300,5.000,0.544,2.717,0.125
161500,5.000,0.544,2.717,0.125
161700,5.000,0.548,2.740,0.125
161900,5.000,0.540,2.694,0.125
162100,5.000,0.547,2.736,0.125
162300,5.000,0.547,2.736,0.125
162500,5.000,0.542,2.709,0.126
162700,5.000,0.541,2.702,0.126
162900,5.000,0.541,2.702,0.126
163100,5.000,0.543,2.713,0.126
163300,5.000,0.547,2.732,0.126
163500,5.000,0.541,2.702,0.126
163700,5.000,0.541,2.702,0.126
163900,5.000,0.545,2.721,0.127
164100,5.000,0.545,2.725,0.127
164300,5.000,0.538,2.690,0.127
164500,5.000,0.549,2.740,0.127
164700,5.000,0.549,2.740,0.127
164900,5.000,0.543,2.713,0.127
165100,5.000,0.541,2.706,0.128
165300,5.000,0.549,2.740,0.128
165500,5.000,0.549,2.740,0.128
165700,5.000,0.542,2.709,0.128
165900,5.000,0.540,2.698,0.128
166100,5.000,0.540,2.698,0.128
166300,5.000,0.551,2.751,0.128
166500,5.000,0.540,2.694,0.129
166700,5.000,0.540,2.702,0.129
166900,5.000,0.540,2.702,0.129
167100,5.000,0.549,2.740,0.129
167300,5.000,0.542,2.706,0.129
167500,5.000,0.540,2.698,0.129
167700,5.000,0.549,2.744,0.130
167900,5.000,0.549,2.744,0.130
168100,5.000,0.541,2.706,0.130
168300,5.000,0.539,2.694,0.130
168500,5.000,0.539,2.694,0.130
168700,5.000,0.552,2.755,0.130
168900,5.000,0.540,2.698,0.131
169100,5.000,0.540,2.698,0.131
169300,5.000,0.540,2.698,0.131
169500,5.000,0.550,2.748,0.131
169700,5.000,0.541,2.702,0.131
169900,5.000,0.540,2.698,0.131
170100,5.000,0.540,2.698,0.131
170300,5.000,0.551,2.755,0.132
170500,5.000,0.542,2.706,0.132
170700,5.000,0.542,2.706,0.132
170900,5.000,0.550,2.748,0.132
171100,5.000,0.550,2.748,0.132
171300,5.000,0.539,2.694,0.132
171500,5.000,0.541,2.702,0.133
171700,5.000,0.541,2.702,0.133
171900,5.000,0.549,2.744,0.133
172100,5.000,0.541,2.706,0.133
172300,5.000,0.543,2.713,0.133
172500,5.000,0.543,2.713,0.133
172700,5.000,0.548,2.736,0.133
172900,5.000,0.539,2.694,0.134
173100,5.000,0.545,2.725,0.134
173300,5.000,0.545,2.725,0.134
173500,5.000,0.546,2.729,0.134
173700,5.000,0.540,2.698,0.134
173900,5.000,0.540,2.698,0.134
174100,5.000,0.544,2.717,0.135
174300,5.000,0.548,2.736,0.135
174500,5.000,0.540,2.698,0.135
174700,5.000,0.542,2.709,0.135
174900,5.000,0.542,2.709,0.135
175100,5.000,0.549,2.740,0.135
175300,5.000,0.540,2.698,0.135
175500,5.000,0.547,2.732,0.136
175700,5.000,0.547,2.732,0.136
175900,5.000,0.545,2.721,0.136
176100,5.000,0.541,2.706,0.136
176300,5.000,0.546,2.729,0.136
176500,5.000,0.546,2.729,0.136
176700,5.000,0.545,2.721,0.137
176900,5.000,0.540,2.698,0.137
177100,5.000,0.540,2.698,0.137
177300,5.000,0.545,2.725,0.137
177500,5.000,0.547,2.732,0.137
177700,5.000,0.541,2.698,0.137
177900,5.000,0.547,2.732,0.138
178100,5.000,0.547,2.732,0.138
178300,5.000,0.543,2.713,0.138
178500,5.000,0.541,2.702,0.138
178700,5.000,0.546,2.729,0.138
178900,5.000,0.546,2.729,0.138
179100,5.000,0.545,2.725,0.138
179300,5.000,0.540,2.694,0.139
179500,5.000,0.540,2.694,0.139
179700,5.000,0.550,2.748,0.139
179900,5.000,0.541,2.702,0.139
180100,5.000,0.542,2.706,0.139
180300,5.000,0.542,2.706,0.139
180500,5.000,0.547,2.732,0.139
180700,5.000,0.545,2.721,0.140
180900,5.000,0.540,2.694,0.140
181100,5.000,0.540,2.694,0.140
181300,5.000,0.550,2.748,0.140
181500,5.000,0.542,2.706,0.140
181700,5.000,0.540,2.698,0.140
181900,5.000,0.551,2.755,0.141
182100,5.000,0.551,2.755,0.141
182300,5.000,0.538,2.690,0.141
182500,5.000,0.542,2.706,0.141
182700,5.000,0.542,2.706,0.141
182900,5.000,0.549,2.744,0.141
183100,5.000,0.541,2.702,0.142
183300,5.000,0.540,2.694,0.142
183500,5.000,0.540,2.694,0.142
183700,5.000,0.551,2.751,0.142
183900,5.000,0.542,2.706,0.142
184100,5.000,0.541,2.702,0.142
184300,5.000,0.541,2.702,0.142
184500,5.000,0.550,2.748,0.143
184700,5.000,0.541,2.702,0.143
184900,5.000,0.541,2.698,0.143
185100,5.000,0.549,2.740,0.143
185300,5.000,0.549,2.740,0.143
185500,5.000,0.541,2.698,0.143
185700,5.000,0.540,2.698,0.144
185900,5.000,0.540,2.698,0.144
186100,5.000,0.551,2.751,0.144
186300,5.000,0.538,2.690,0.144
186500,5.000,0.544,2.717,0.144
186700,5.000,0.544,2.717,0.144
186900,5.000,0.547,2.736,0.144
187100,5.000,0.541,2.706,0.145
187300,5.000,0.540,2.698,0.145
187500,5.000,0.540,2.698,0.145
187700,5.000,0.550,2.748,0.145
187900,5.000,0.541,2.702,0.145
188100,5.000,0.541,2.702,0.145
188300,5.000,0.544,2.717,0.146
188500,5.000,0.547,2.732,0.146
188700,5.000,0.540,2.698,0.146
188900,5.000,0.543,2.713,0.146
189100,5.000,0.543,2.713,0.146
189300,5.000,0.547,2.732,0.146
189500,5.000,0.541,2.702,0.147
189700,5.000,0.546,2.725,0.147
189900,5.000,0.546,2.725,0.147
190100,5.000,0.546,2.729,0.147
190300,5.000,0.538,2.690,0.147
190500,5.000,0.538,2.690,0.147
190700,5.000,0.549,2.740,0.147
190900,5.000,0.543,2.713,0.148
191100,5.000,0.540,2.698,0.148
191300,5.000,0.540,2.698,0.148
191500,5.000,0.546,2.725,0.148
191700,5.000,0.546,2.725,0.148
191900,5.000,0.539,2.694,0.148
192100,5.000,0.547,2.732,0.149
192300,5.000,0.547,2.732,0.149
192500,5.000,0.543,2.713,0.149
192700,5.000,0.540,2.698,0.149
192900,5.000,0.549,2.744,0.149
193100,5.000,0.549,2.744,0.149
193300,5.000,0.542,2.706,0.149
193500,5.000,0.541,2.702,0.150
193700,5.000,0.541,2.702,0.150
193900,5.000,0.547,2.732,0.150
194100,5.000,0.542,2.709,0.150
194300,5.000,0.540,2.694,0.150
194500,5.000,0.540,2.694,0.150
194700,5.000,0.548,2.736,0.151
194900,5.000,0.544,2.717,0.151
195100,5.000,0.540,2.702,0.151
195300,5.000,0.540,2.702,0.151
195500,5.000,0.549,2.744,0.151
195700,5.000,0.540,2.694,0.151
195900,5.000,0.540,2.698,0.151
196100,5.000,0.551,2.751,0.152
196300,5.000,0.551,2.751,0.152
196500,5.000,0.542,2.706,0.152
196700,5.000,0.539,2.694,0.152
196900,5.000,0.539,2.694,0.152
197100,5.000,0.552,2.759,0.152
197300,5.000,0.538,2.690,0.153
197500,5.000,0.543,2.713,0.153
197700,5.000,0.543,2.713,0.153
197900,5.000,0.549,2.744,0.153
198100,5.000,0.540,2.694,0.153
198300,5.000,0.540,2.698,0.153
198500,5.000,0.540,2.698,0.153
198700,5.000,0.552,2.755,0.154
198900,5.000,0.540,2.698,0.154
199100,5.000,0.541,2.702,0.154
199300,5.000,0.550,2.748,0.154
199500,5.000,0.550,2.748,0.154
199700,5.000,0.540,2.698,0.154
199900,5.000,0.545,2.721,0.155
200100,5.000,0.545,2.721,0.155
200300,5.000,0.546,2.725,0.155
200500,5.000,0.542,2.706,0.155
200700,5.000,0.542,2.706,0.155
200900,5.000,0.542,2.706,0.155
201100,5.000,0.549,2.740,0.155
201300,5.000,0.540,2.698,0.156
201500,5.000,0.540,2.698,0.156
201700,5.000,0.543,2.709,0.156
201900,5.000,0.549,2.740,0.156
202100,5.000,0.541,2.706,0.156
202300,5.000,0.541,2.706,0.156
202500,5.000,0.541,2.706,0.157
202700,5.000,0.547,2.736,0.157
202900,5.000,0.540,2.698,0.157
203100,5.000,0.544,2.717,0.157
203300,5.000,0.544,2.717,0.157
203500,5.000,0.548,2.736,0.157
203700,5.000,0.539,2.694,0.158
203900,5.000,0.549,2.740,0.158
204100,5.000,0.549,2.740,0.158
204300,5.000,0.542,2.709,0.158
204500,5.000,0.541,2.706,0.158
204700,5.000,0.541,2.706,0.158
204900,5.000,0.548,2.740,0.158
205100,5.000,0.544,2.717,0.159
205300,5.000,0.540,2.694,0.159
205500,5.000,0.540,2.694,0.159
205700,5.000,0.547,2.736,0.159
205900,5.000,0.544,2.717,0.159
206100,5.000,0.540,2.694,0.159
206300,5.000,0.548,2.736,0.160
206500,5.000,0.548,2.736,0.160
206700,5.000,0.542,2.709,0.160
206900,5.000,0.541,2.702,0.160
207100,5.000,0.548,2.740,0.160
207300,5.000,0.548,2.740,0.160
207500,5.000,0.542,2.709,0.160
207700,5.000,0.539,2.694,0.161
207900,5.000,0.539,2.694,0.161
208100,5.000,0.551,2.751,0.161
208300,5.000,0.540,2.694,0.161
208500,5.000,0.541,2.702,0.161
208700,5.000,0.541,2.702,0.161
208900,5.000,0.547,2.732,0.162
209100,5.000,0.544,2.717,0.162
209300,5.000,0.540,2.698,0.162
209500,5.000,0.548,2.736,0.162
209700,5.000,0.548,2.736,0.162
209900,5.000,0.543,2.709,0.162
210100,5.000,0.539,2.694,0.163
210300,5.000,0.552,2.755,0.163
210500,5.000,0.552,2.755,0.163
210700,5.000,0.540,2.702,0.163
210900,5.000,0.540,2.698,0.163
211100,5.000,0.540,2.698,0.163
211300,5.000,0.550,2.748,0.163
211500,5.000,0.541,2.706,0.164
211700,5.000,0.542,2.706,0.164
211900,5.000,0.542,2.706,0.164
212100,5.000,0.549,2.744,0.164
212300,5.000,0.539,2.694,0.164
212500,5.000,0.539,2.694,0.164
212700,5.000,0.541,2.706,0.164
212900,5.000,0.553,2.759,0.165
213100,5.000,0.540,2.698,0.165
213300,5.000,0.540,2.698,0.165
213500,5.000,0.540,2.698,0.165
213700,5.000,0.551,2.751,0.165
213900,5.000,0.540,2.698,0.165
214100,5.000,0.544,2.717,0.166
214300,5.000,0.544,2.717,0.166
214500,5.000,0.547,2.732,0.166
214700,5.000,0.544,2.717,0.166
214900,5.000,0.545,2.725,0.166
215100,5.000,0.545,2.725,0.166
215300,5.000,0.546,2.725,0.167
215500,5.000,0.542,2.709,0.167
215700,5.000,0.542,2.709,0.167
215900,5.000,0.541,2.702,0.167
216100,5.000,0.549,2.744,0.167
216300,5.000,0.540,2.698,0.167
216500,5.000,0.543,2.709,0.167
216700,5.000,0.543,2.709,0.168
216900,5.000,0.547,2.732,0.168
217100,5.000,0.541,2.702,0.168
217300,5.000,0.545,2.721,0.168
217500,5.000,0.545,2.721,0.168
217700,5.000,0.547,2.732,0.168
217900,5.000,0.541,2.698,0.169
218100,5.000,0.547,2.732,0.169
218300,5.000,0.547,2.732,0.169
218500,5.000,0.545,2.721,0.169
218700,5.000,0.539,2.694,0.169
218900,5.000,0.539,2.694,0.169
219100,5.000,0.545,2.725,0.169
219300,5.000,0.546,2.729,0.170
219500,5.000,0.541,2.702,0.170
219700,5.000,0.541,2.702,0.170
219900,5.000,0.546,2.729,0.170
220100,5.000,0.544,2.717,0.170
220300,5.000,0.540,2.698,0.170
220500,5.000,0.547,2.732,0.171
220700,5.000,0.547,2.732,0.171
220900,5.000,0.544,2.717,0.171
221100,5.000,0.541,2.698,0.171
221300,5.000,0.549,2.740,0.171
221500,5.000,0.549,2.740,0.171
221700,5.000,0.541,2.702,0.171
221900,5.000,0.541,2.702,0.172
222100,5.000,0.541,2.702,0.172
222300,5.000,0.550,2.744,0.172
222500,5.000,0.542,2.706,0.172
222700,5.000,0.539,2.694,0.172
222900,5.000,0.539,2.694,0.172
223100,5.000,0.550,2.744,0.173
223300,5.000,0.541,2.702,0.173
223500,5.000,0.540,2.694,0.173
223700,5.000,0.550,2.748,0.173
223900,5.000,0.550,2.748,0.173
224100,5.000,0.540,2.698,0.173
224300,5.000,0.541,2.702,0.174
224500,5.000,0.541,2.702,0.174
224700,5.000,0.550,2.748,0.174
224900,5.000,0.540,2.698,0.174
225100,5.000,0.540,2.694,0.174
225300,5.000,0.540,2.694,0.174
225500,5.000,0.551,2.751,0.174
225700,5.000,0.540,2.698,0.175
225900,5.000,0.541,2.702,0.175
226100,5.000,0.541,2.702,0.175
226300,5.000,0.549,2.740,0.175
226500,5.000,0.541,2.706,0.175
226700,5.000,0.541,2.706,0.175
226900,5.000,0.550,2.744,0.176
227100,5.000,0.550,2.744,0.176
227300,5.000,0.540,2.698,0.176
227500,5.000,0.541,2.702,0.176
227700,5.000,0.541,2.702,0.176
227900,5.000,0.550,2.748,0.176
228100,5.000,0.541,2.702,0.176
228300,5.000,0.543,2.709,0.177
228500,5.000,0.543,2.709,0.177
228700,5.000,0.547,2.732,0.177
228900,5.000,0.541,2.702,0.177
229100,5.000,0.545,2.721,0.177
229300,5.000,0.545,2.721,0.177
229500,5.000,0.547,2.732,0.178
229700,5.000,0.540,2.694,0.178
229900,5.000,0.540,2.694,0.178
230100,5.000,0.545,2.721,0.178
230300,5.000,0.546,2.725,0.178
230500,5.000,0.540,2.698,0.178
230700,5.000,0.542,2.706,0.179
230900,5.000,0.542,2.706,0.179
231100,5.000,0.548,2.740,0.179
231300,5.000,0.541,2.702,0.179
231500,5.000,0.546,2.729,0.179
231700,5.000,0.546,2.729,0.179
231900,5.000,0.545,2.721,0.179
232100,5.000,0.540,2.698,0.180
232300,5.000,0.540,2.729,0.180
232500,5.000,0.547,2.729,0.180
232700,5.000,0.544,2.721,0.180
232900,5.000,0.541,2.702,0.180
233100,5.000,0.541,2.702,0.180
233300,5.000,0.545,2.721,0.180
233500,5.000,0.547,2.732,0.181
233700,5.000,0.539,2.694,0.181
233900,5.000,0.547,2.736,0.181
234100,5.000,0.547,2.736,0.181
234300,5.000,0.543,2.713,0.181
234500,5.000,0.540,2.698,0.181
234700,5.000,0.547,2.732,0.182
234900,5.000,0.547,2.732,0.182
235100,5.000,0.544,2.721,0.182
235300,5.000,0.540,2.698,0.182
235500,5.000,0.540,2.698,0.182
235700,5.000,0.551,2.751,0.182
235900,5.000,0.540,2.698,0.183
236100,5.000,0.541,2.706,0.183
236300,5.000,0.541,2.706,0.183
236500,5.000,0.547,2.736,0.183
236700,5.000,0.544,2.717,0.183
236900,5.000,0.542,2.706,0.183
237100,5.000,0.542,2.706,0.183
237300,5.000,0.547,2.732,0.184
237500,5.000,0.544,2.717,0.184
237700,5.000,0.538,2.690,0.184
237900,5.000,0.551,2.751,0.184
238100,5.000,0.551,2.751,0.184
238300,5.000,0.541,2.702,0.184
238500,5.000,0.540,2.694,0.185
238700,5.000,0.540,2.694,0.185
238900,5.000,0.550,2.748,0.185
239100,5.000,0.540,2.694,0.185
239300,5.000,0.541,2.702,0.185
239500,5.000,0.541,2.702,0.185
239700,5.000,0.549,2.744,0.185
239900,5.000,0.540,2.698,0.186
240100,5.000,0.540,2.698,0.186
240300,5.000,0.540,2.698,0.186
240500,5.000,0.552,2.755,0.186
240700,5.000,0.539,2.690,0.186
240900,5.000,0.541,2.706,0.186
241100,5.000,0.548,2.736,0.187
241300,5.000,0.548,2.736,0.187
241500,5.000,0.541,2.702,0.187
241700,5.000,0.542,2.706,0.187
241900,5.000,0.542,2.706,0.187
242100,5.000,0.548,2.740,0.187
242300,5.000,0.540,2.698,0.187
242500,5.000,0.542,2.709,0.188
242700,5.000,0.542,2.709,0.188
242900,5.000,0.547,2.732,0.188
243100,5.000,0.541,2.702,0.188
243300,5.000,0.541,2.698,0.188
243500,5.000,0.540,2.698,0.188
243700,5.000,0.549,2.740,0.189
243900,5.000,0.541,2.702,0.189
244100,5.000,0.541,2.702,0.189
244300,5.000,0.541,2.702,0.189
244500,5.000,0.548,2.740,0.189
244700,5.000,0.539,2.690,0.189
244900,5.000,0.544,2.713,0.190
245100,5.000,0.544,2.713,0.190
245300,5.000,0.547,2.732,0.190
245500,5.000,0.540,2.694,0.190
245700,5.000,0.546,2.729,0.190
245900,5.000,0.546,2.729,0.190
246100,5.000,0.544,2.717,0.190
246300,5.000,0.540,2.698,0.191
246500,5.000,0.540,2.698,0.191
246700,5.000,0.548,2.740,0.191
246900,5.000,0.543,2.713,0.191
247100,5.000,0.540,2.698,0.191
247300,5.000,0.540,2.698,0.191
247500,5.000,0.547,2.732,0.191
247700,5.000,0.542,2.709,0.192
247900,5.000,0.541,2.702,0.192
248100,5.000,0.546,2.729,0.192
248300,5.000,0.546,2.729,0.192
248500,5.000,0.543,2.713,0.192
248700,5.000,0.540,2.698,0.192
248900,5.000,0.548,2.736,0.193
249100,5.000,0.548,2.736,0.193
249300,5.000,0.542,2.706,0.193
249500,5.000,0.540,2.698,0.193
249700,5.000,0.540,2.698,0.193
249900,5.000,0.549,2.744,0.193
250100,5.000,0.541,2.702,0.194
250300,5.000,0.540,2.698,0.194
250500,5.000,0.540,2.698,0.194
250700,5.000,0.545,2.725,0.194
250900,5.000,0.545,2.721,0.194
251100,5.000,0.539,2.690,0.194
251300,5.000,0.551,2.751,0.194
251500,5.000,0.551,2.751,0.195
251700,5.000,0.539,2.694,0.195
251900,5.000,0.540,2.698,0.195
252100,5.000,0.551,2.755,0.195
252300,5.000,0.551,2.755,0.195
252500,5.000,0.541,2.702,0.195
252700,5.000,0.538,2.690,0.196
252900,5.000,0.538,2.690,0.196
253100,5.000,0.551,2.751,0.196
253300,5.000,0.539,2.694,0.196
253500,5.000,0.540,2.698,0.196
253700,5.000,0.540,2.698,0.196
253900,5.000,0.550,2.748,0.196
254100,5.000,0.539,2.690,0.197
254300,5.000,0.539,2.706,0.197
254500,5.000,0.542,2.706,0.197
254700,5.000,0.548,2.736,0.197
254900,5.000,0.540,2.698,0.197
255100,5.000,0.538,2.690,0.197
255300,5.000,0.538,2.690,0.198
255500,5.000,0.551,2.751,0.198
255700,5.000,0.540,2.694,0.198
255900,5.000,0.544,2.717,0.198
256100,5.000,0.544,2.717,0.198
256300,5.000,0.545,2.725,0.198
256500,5.000,0.541,2.702,0.198
256700,5.000,0.542,2.709,0.199
256900,5.000,0.542,2.709,0.199
257100,5.000,0.547,2.732,0.199
257300,5.000,0.541,2.698,0.199
257500,5.000,0.541,2.698,0.199
257700,5.000,0.542,2.706,0.199
257900,5.000,0.550,2.748,0.200
258100,5.000,0.539,2.694,0.200
258300,5.000,0.543,2.713,0.200
258500,5.000,0.543,2.713,0.200
258700,5.000,0.546,2.729,0.200
258900,5.000,0.541,2.702,0.200
259100,5.000,0.543,2.713,0.201
259300,5.000,0.543,2.713,0.201
259500,5.000,0.547,2.736,0.201
259700,5.000,0.539,2.694,0.201
259900,5.000,0.547,2.732,0.201
260100,5.000,0.547,2.732,0.201
260300,5.000,0.543,2.713,0.201
260500,5.000,0.540,2.698,0.202
260700,5.000,0.540,2.698,0.202
260900,5.000,0.543,2.713,0.202
261100,5.000,0.547,2.732,0.202
261300,5.000,0.541,2.702,0.202
261500,5.000,0.541,2.702,0.202
261700,5.000,0.545,2.721,0.202
261900,5.000,0.545,2.725,0.203
262100,5.000,0.538,2.687,0.203
262300,5.000,0.548,2.736,0.203
262500,5.000,0.548,2.736,0.203
262700,5.000,0.543,2.713,0.203
262900,5.000,0.541,2.702,0.203
263100,5.000,0.548,2.736,0.204
263300,5.000,0.548,2.736,0.204
263500,5.000,0.541,2.702,0.204
263700,5.000,0.540,2.694,0.204
263900,5.000,0.540,2.694,0.204
264100,5.000,0.551,2.751,0.204
264300,5.000,0.540,2.698,0.205
264500,5.000,0.540,2.698,0.205
264700,5.000,0.540,2.698,0.205
264900,5.000,0.548,2.736,0.205
265100,5.000,0.541,2.702,0.205
265300,5.000,0.541,2.702,0.205
265500,5.000,0.549,2.744,0.206
265700,5.000,0.549,2.744,0.206
265900,5.000,0.540,2.698,0.206
266100,5.000,0.539,2.694,0.206
266300,5.000,0.539,2.694,0.206
266500,5.000,0.552,2.755,0.206
266700,5.000,0.540,2.702,0.206
266900,5.000,0.540,2.698,0.207
267100,5.000,0.540,2.698,0.207
267300,5.000,0.551,2.751,0.207
267500,5.000,0.541,2.706,0.207
267700,5.000,0.540,2.698,0.207
267900,5.000,0.540,2.698,0.207
268100,5.000,0.551,2.751,0.207
268300,5.000,0.541,2.702,0.208
268500,5.000,0.541,2.702,0.208
268700,5.000,0.540,2.698,0.208
268900,5.000,0.551,2.751,0.208
269100,5.000,0.539,2.690,0.208
269300,5.000,0.542,2.709,0.208
269500,5.000,0.542,2.709,0.209
269700,5.000,0.550,2.744,0.209
269900,5.000,0.541,2.702,0.209
270100,5.000,0.543,2.713,0.209
270300,5.000,0.543,2.713,0.209
270500,5.000,0.548,2.736,0.209
270700,5.000,0.540,2.698,0.210
270900,5.000,0.546,2.729,0.210
271100,5.000,0.546,2.729,0.210
271300,5.000,0.550,2.748,0.210
271500,5.000,0.542,2.706,0.210
271700,5.000,0.542,2.706,0.210
271900,5.000,0.544,2.717,0.210
272100,5.000,0.546,2.729,0.211
272300,5.000,0.541,2.706,0.211
272500,5.000,0.542,2.709,0.211
272700,5.000,0.542,2.709,0.211
272900,5.000,0.549,2.740,0.211
273100,5.000,0.540,2.698,0.211
273300,5.000,0.547,2.732,0.212
273500,5.000,0.547,2.732,0.212
273700,5.000,0.544,2.717,0.212
273900,5.000,0.541,2.706,0.212
274100,5.000,0.550,2.751,0.212
274300,5.000,0.550,2.751,0.212
274500,5.000,0.545,2.721,0.212
274700,5.000,0.540,2.698,0.213
274900,5.000,0.540,2.698,0.213
275100,5.000,0.545,2.725,0.213
275300,5.000,0.545,2.721,0.213
275500,5.000,0.540,2.694,0.213
275700,5.000,0.540,2.694,0.213
275900,5.000,0.548,2.736,0.214
276100,5.000,0.542,2.709,0.214
276300,5.000,0.541,2.706,0.214
276500,5.000,0.547,2.732,0.214
276700,5.000,0.547,2.732,0.214
276900,5.000,0.544,2.717,0.214
277100,5.000,0.539,2.690,0.214
277300,5.000,0.539,2.690,0.215
277500,5.000,0.551,2.755,0.215
277700,5.000,0.540,2.694,0.215
277900,5.000,0.542,2.706,0.215
278100,5.000,0.542,2.706,0.215
278300,5.000,0.550,2.748,0.215
278500,5.000,0.541,2.698,0.216
278700,5.000,0.541,2.702,0.216
278900,5.000,0.541,2.702,0.216
279100,5.000,0.549,2.740,0.216
279300,5.000,0.541,2.702,0.216
279500,5.000,0.540,2.694,0.216
279700,5.000,0.550,2.748,0.217
279900,5.000,0.550,2.748,0.217
280100,5.000,0.540,2.698,0.217
280300,5.000,0.542,2.709,0.217
280500,5.000,0.542,2.709,0.217
280700,5.000,0.549,2.740,0.217
280900,5.000,0.542,2.706,0.217
281100,5.000,0.540,2.702,0.218
281300,5.000,0.540,2.702,0.218
281500,5.000,0.551,2.751,0.218
281700,5.000,0.540,2.698,0.218
281900,5.000,0.540,2.698,0.218
282100,5.000,0.540,2.698,0.218
282300,5.000,0.550,2.748,0.218
282500,5.000,0.540,2.698,0.219
282700,5.000,0.540,2.698,0.219
282900,5.000,0.550,2.748,0.219
283100,5.000,0.550,2.748,0.219
283300,5.000,0.540,2.694,0.219
283500,5.000,0.543,2.713,0.219
283700,5.000,0.543,2.713,0.220
283900,5.000,0.549,2.744,0.220
284100,5.000,0.540,2.694,0.220
284300,5.000,0.544,2.717,0.220
284500,5.000,0.544,2.717,0.220
284700,5.000,0.546,2.729,0.220
284900,5.000,0.542,2.709,0.221
285100,5.000,0.546,2.729,0.221
285300,5.000,0.546,2.729,0.221
285500,5.000,0.545,2.721,0.221
285700,5.000,0.541,2.702,0.221
285900,5.000,0.541,2.702,0.221
286100,5.000,0.543,2.713,0.221
286300,5.000,0.549,2.744,0.222
286500,5.000,0.541,2.702,0.222
286700,5.000,0.543,2.713,0.222
286900,5.000,0.543,2.713,0.222
287100,5.000,0.549,2.740,0.222
287300,5.000,0.541,2.706,0.222
287500,5.000,0.547,2.729,0.223
287700,5.000,0.547,2.729,0.223
287900,5.000,0.545,2.721,0.223
288100,5.000,0.540,2.698,0.223
288300,5.000,0.540,2.698,0.223
288500,5.000,0.549,2.744,0.223
288700,5.000,0.543,2.713,0.223
288900,5.000,0.542,2.709,0.224
289100,5.000,0.542,2.709,0.224
289300,5.000,0.547,2.729,0.224
289500,5.000,0.544,2.717,0.224
289700,5.000,0.540,2.698,0.224
289900,5.000,0.547,2.732,0.224
290100,5.000,0.547,2.732,0.225
290300,5.000,0.544,2.717,0.225
290500,5.000,0.541,2.702,0.225
290700,5.000,0.549,2.740,0.225
290900,5.000,0.549,2.740,0.225
291100,5.000,0.542,2.706,0.225
291300,5.000,0.542,2.706,0.226
