300,5.000,0.564,2.816,0.000
500,5.000,0.564,2.816,0.000
700,5.000,0.541,2.706,0.000
900,5.000,0.567,2.835,0.000
1100,5.000,0.566,2.828,0.000
1300,5.000,0.567,2.832,0.000
1500,5.000,0.567,2.832,0.001
1700,5.000,0.567,2.832,0.001
1900,5.000,0.562,2.805,0.001
2100,5.000,0.562,2.809,0.001
2300,5.000,0.562,2.809,0.001
2500,5.000,0.567,2.832,0.001
2700,5.000,0.556,2.774,0.002
2900,5.000,0.556,2.774,0.002
3100,5.000,0.560,2.797,0.002
3300,5.000,0.556,2.774,0.002
3500,5.000,0.550,2.748,0.002
3700,5.000,0.550,2.748,0.002
3900,5.000,0.556,2.774,0.002
4100,5.000,0.556,2.782,0.003
4300,5.000,0.551,2.755,0.003
4500,5.000,0.559,2.793,0.003
4700,5.000,0.559,2.793,0.003
4900,5.000,0.549,2.740,0.003
5100,5.000,0.543,2.709,0.003
5300,5.000,0.543,2.709,0.004
5500,5.000,0.554,2.771,0.004
5700,5.000,0.543,2.713,0.004
5900,5.000,0.544,2.713,0.004
6100,5.000,0.544,2.713,0.004
6300,5.000,0.554,2.767,0.004
6500,5.000,0.544,2.717,0.005
6700,5.000,0.543,2.713,0.005
6900,5.000,0.543,2.713,0.005
7100,5.000,0.552,2.755,0.005
7300,5.000,0.546,2.725,0.005
7500,5.000,0.546,2.725,0.005
7700,5.000,0.557,2.782,0.006
7900,5.000,0.557,2.782,0.006
8100,5.000,0.543,2.713,0.006
8300,5.000,0.545,2.721,0.006
8500,5.000,0.545,2.721,0.006
8700,5.000,0.553,2.763,0.006
8900,5.000,0.544,2.717,0.006
9100,5.000,0.547,2.732,0.007
9300,5.000,0.547,2.732,0.007
9500,5.000,0.551,2.755,0.007
9700,5.000,0.543,2.713,0.007
9900,5.000,0.549,2.740,0.007
10100,5.000,0.549,2.740,0.007
10300,5.000,0.548,2.736,0.007
10500,5.000,0.544,2.717,0.008
10700,5.000,0.544,2.717,0.008
10900,5.000,0.547,2.732,0.008
11100,5.000,0.550,2.748,0.008
11300,5.000,0.546,2.725,0.008
11500,5.000,0.545,2.721,0.008
11700,5.000,0.545,2.721,0.009
11900,5.000,0.553,2.759,0.009
12100,5.000,0.543,2.713,0.009
12300,5.000,0.550,2.748,0.009
12500,5.000,0.550,2.748,0.009
12700,5.000,0.548,2.740,0.009
12900,5.000,0.545,2.721,0.010
13100,5.000,0.550,2.744,0.010
13300,5.000,0.550,2.744,0.010
13500,5.000,0.548,2.736,0.010
13700,5.000,0.545,2.725,0.010
13900,5.000,0.545,2.725,0.010
14100,5.000,0.549,2.740,0.010
14300,5.000,0.549,2.744,0.011
14500,5.000,0.543,2.709,0.011
14700,5.000,0.551,2.751,0.011
14900,5.000,0.551,2.751,0.011
15100,5.000,0.549,2.744,0.011
15300,5.000,0.545,2.725,0.011
15500,5.000,0.549,2.744,0.012
15700,5.000,0.549,2.744,0.012
15900,5.000,0.548,2.740,0.012
16100,5.000,0.543,2.713,0.012
16300,5.000,0.543,2.713,0.012
16500,5.000,0.554,2.771,0.012
16700,5.000,0.543,2.713,0.012
16900,5.000,0.545,2.721,0.013
17100,5.000,0.545,2.721,0.013
17300,5.000,0.550,2.748,0.013
17500,5.000,0.547,2.732,0.013
17700,5.000,0.544,2.713,0.013
17900,5.000,0.544,2.713,0.013
18100,5.000,0.553,2.763,0.014
18300,5.000,0.547,2.732,0.014
18500,5.000,0.542,2.706,0.014
18700,5.000,0.556,2.774,0.014
18900,5.000,0.556,2.774,0.014
19100,5.000,0.543,2.709,0.014
19300,5.000,0.545,2.721,0.015
19500,5.000,0.545,2.721,0.015
19700,5.000,0.554,2.767,0.015
19900,5.000,0.545,2.721,0.015
20100,5.000,0.543,2.713,0.015
20300,5.000,0.543,2.713,0.015
20500,5.000,0.554,2.767,0.015
20700,5.000,0.544,2.717,0.016
20900,5.000,0.544,2.717,0.016
21100,5.000,0.544,2.717,0.016
21300,5.000,0.554,2.767,0.016
21500,5.000,0.544,2.721,0.016
21700,5.000,0.544,2.721,0.016
21900,5.000,0.554,2.767,0.017
22100,5.000,0.554,2.767,0.017
22300,5.000,0.545,2.721,0.017
22500,5.000,0.544,2.713,0.017
22700,5.000,0.544,2.713,0.017
22900,5.000,0.554,2.767,0.017
23100,5.000,0.543,2.709,0.018
23300,5.000,0.547,2.732,0.018
23500,5.000,0.547,2.732,0.018
23700,5.000,0.551,2.751,0.018
23900,5.000,0.544,2.717,0.018
24100,5.000,0.544,2.717,0.018
24300,5.000,0.544,2.717,0.018
24500,5.000,0.553,2.763,0.019
24700,5.000,0.544,2.717,0.019
24900,5.000,0.544,2.717,0.019
25100,5.000,0.547,2.732,0.019
25300,5.000,0.551,2.751,0.019
25500,5.000,0.543,2.709,0.019
25700,5.000,0.547,2.732,0.020
25900,5.000,0.547,2.732,0.020
26100,5.000,0.550,2.748,0.020
26300,5.000,0.545,2.721,0.020
26500,5.000,0.550,2.744,0.020
26700,5.000,0.550,2.744,0.020
26900,5.000,0.549,2.744,0.020
27100,5.000,0.542,2.706,0.021
27300,5.000,0.542,2.706,0.021
27500,5.000,0.551,2.755,0.021
27700,5.000,0.547,2.736,0.021
27900,5.000,0.543,2.713,0.021
28100,5.000,0.543,2.713,0.021
28300,5.000,0.550,2.748,0.022
28500,5.000,0.549,2.744,0.022
28700,5.000,0.544,2.717,0.022
28900,5.000,0.551,2.751,0.022
29100,5.000,0.551,2.751,0.022
29300,5.000,0.547,2.732,0.022
29500,5.000,0.543,2.713,0.023
29700,5.000,0.553,2.759,0.023
29900,5.000,0.553,2.759,0.023
30100,5.000,0.545,2.721,0.023
30300,5.000,0.545,2.725,0.023
30500,5.000,0.545,2.725,0.023
30700,5.000,0.552,2.759,0.023
30900,5.000,0.544,2.717,0.024
31100,5.000,0.544,2.717,0.024
31300,5.000,0.544,2.717,0.024
31500,5.000,0.550,2.744,0.024
31700,5.000,0.547,2.732,0.024
31900,5.000,0.543,2.713,0.024
32100,5.000,0.543,2.713,0.024
32300,5.000,0.555,2.774,0.025
32500,5.000,0.544,2.717,0.025
32700,5.000,0.544,2.717,0.025
32900,5.000,0.553,2.767,0.025
33100,5.000,0.553,2.767,0.025
33300,5.000,0.544,2.717,0.025
33500,5.000,0.543,2.709,0.026
33700,5.000,0.543,2.709,0.026
33900,5.000,0.555,2.774,0.026
34100,5.000,0.542,2.706,0.026
34300,5.000,0.547,2.732,0.026
34500,5.000,0.547,2.732,0.026
34700,5.000,0.552,2.755,0.027
34900,5.000,0.544,2.717,0.027
35100,5.000,0.545,2.721,0.027
35300,5.000,0.545,2.721,0.027
35500,5.000,0.553,2.763,0.027
35700,5.000,0.544,2.721,0.027
35900,5.000,0.549,2.744,0.028
36100,5.000,0.554,2.767,0.028
36300,5.000,0.554,2.767,0.028
36500,5.000,0.544,2.717,0.028
36700,5.000,0.548,2.736,0.028
36900,5.000,0.548,2.736,0.028
37100,5.000,0.550,2.744,0.028
37300,5.000,0.546,2.729,0.029
37500,5.000,0.545,2.725,0.029
37700,5.000,0.545,2.725,0.029
37900,5.000,0.552,2.755,0.029
38100,5.000,0.543,2.713,0.029
38300,5.000,0.543,2.713,0.029
38500,5.000,0.547,2.729,0.030
38700,5.000,0.552,2.759,0.030
38900,5.000,0.544,2.713,0.030
39100,5.000,0.544,2.713,0.030
39300,5.000,0.546,2.729,0.030
39500,5.000,0.552,2.759,0.030
39700,5.000,0.544,2.717,0.030
39900,5.000,0.547,2.736,0.031
40100,5.000,0.547,2.736,0.031
40300,5.000,0.550,2.748,0.031
40500,5.000,0.544,2.717,0.031
40700,5.000,0.552,2.755,0.031
40900,5.000,0.552,2.755,0.031
41100,5.000,0.546,2.725,0.032
41300,5.000,0.545,2.725,0.032
41500,5.000,0.545,2.725,0.032
41700,5.000,0.552,2.759,0.032
41900,5.000,0.546,2.729,0.032
42100,5.000,0.544,2.717,0.032
42300,5.000,0.544,2.717,0.032
42500,5.000,0.550,2.748,0.033
42700,5.000,0.549,2.740,0.033
42900,5.000,0.543,2.713,0.033
43100,5.000,0.552,2.755,0.033
43300,5.000,0.552,2.755,0.033
43500,5.000,0.546,2.729,0.033
43700,5.000,0.544,2.717,0.034
43900,5.000,0.553,2.763,0.034
44100,5.000,0.553,2.763,0.034
44300,5.000,0.545,2.725,0.034
44500,5.000,0.542,2.709,0.034
44700,5.000,0.542,2.709,0.034
44900,5.000,0.554,2.767,0.035
45100,5.000,0.543,2.713,0.035
45300,5.000,0.544,2.721,0.035
45500,5.000,0.544,2.721,0.035
45700,5.000,0.551,2.751,0.035
45900,5.000,0.547,2.729,0.035
46100,5.000,0.544,2.717,0.035
46300,5.000,0.554,2.767,0.036
46500,5.000,0.554,2.767,0.036
46700,5.000,0.544,2.717,0.036
46900,5.000,0.544,2.717,0.036
47100,5.000,0.555,2.774,0.036
47300,5.000,0.555,2.774,0.036
47500,5.000,0.544,2.713,0.037
47700,5.000,0.544,2.717,0.037
47900,5.000,0.544,2.717,0.037
48100,5.000,0.555,2.771,0.037
48300,5.000,0.544,2.717,0.037
48500,5.000,0.547,2.729,0.037
48700,5.000,0.547,2.729,0.037
48900,5.000,0.552,2.755,0.038
49100,5.000,0.542,2.709,0.038
49300,5.000,0.542,2.709,0.038
49500,5.000,0.545,2.721,0.038
49700,5.000,0.553,2.763,0.038
49900,5.000,0.544,2.717,0.038
50100,5.000,0.544,2.717,0.039
50300,5.000,0.544,2.717,0.039
50500,5.000,0.553,2.763,0.039
50700,5.000,0.544,2.717,0.039
50900,5.000,0.547,2.732,0.039
51100,5.000,0.547,2.732,0.039
51300,5.000,0.552,2.759,0.040
51500,5.000,0.543,2.713,0.040
51700,5.000,0.549,2.744,0.040
51900,5.000,0.549,2.744,0.040
52100,5.000,0.549,2.740,0.040
52300,5.000,0.544,2.721,0.040
52500,5.000,0.544,2.721,0.040
52700,5.000,0.546,2.725,0.041
52900,5.000,0.552,2.759,0.041
53100,5.000,0.543,2.713,0.041
53300,5.000,0.547,2.729,0.041
53500,5.000,0.547,2.729,0.041
53700,5.000,0.551,2.751,0.041
53900,5.000,0.543,2.713,0.042
54100,5.000,0.550,2.744,0.042
54300,5.000,0.550,2.744,0.042
54500,5.000,0.549,2.740,0.042
54700,5.000,0.544,2.717,0.042
54900,5.000,0.550,2.748,0.042
55100,5.000,0.550,2.748,0.042
55300,5.000,0.548,2.740,0.043
55500,5.000,0.543,2.713,0.043
55700,5.000,0.543,2.713,0.043
55900,5.000,0.549,2.740,0.043
56100,5.000,0.550,2.748,0.043
56300,5.000,0.545,2.721,0.043
56500,5.000,0.545,2.721,0.044
56700,5.000,0.550,2.751,0.044
56900,5.000,0.547,2.736,0.044
57100,5.000,0.543,2.713,0.044
57300,5.000,0.550,2.748,0.044
57500,5.000,0.550,2.748,0.044
57700,5.000,0.547,2.732,0.045
57900,5.000,0.543,2.713,0.045
58100,5.000,0.554,2.767,0.045
58300,5.000,0.554,2.767,0.045
58500,5.000,0.543,2.713,0.045
58700,5.000,0.545,2.721,0.045
58900,5.000,0.545,2.721,0.045
59100,5.000,0.553,2.759,0.046
59300,5.000,0.544,2.717,0.046
59500,5.000,0.543,2.713,0.046
59700,5.000,0.543,2.713,0.046
59900,5.000,0.555,2.771,0.046
60100,5.000,0.543,2.713,0.046
60300,5.000,0.544,2.721,0.047
60500,5.000,0.554,2.763,0.047
60700,5.000,0.554,2.763,0.047
60900,5.000,0.544,2.717,0.047
61100,5.000,0.543,2.713,0.047
61300,5.000,0.543,2.713,0.047
61500,5.000,0.558,2.786,0.048
61700,5.000,0.544,2.717,0.048
61900,5.000,0.543,2.713,0.048
62100,5.000,0.543,2.713,0.048
62300,5.000,0.555,2.771,0.048
62500,5.000,0.543,2.709,0.048
62700,5.000,0.544,2.721,0.048
62900,5.000,0.544,2.721,0.049
63100,5.000,0.553,2.763,0.049
63300,5.000,0.544,2.717,0.049
63500,5.000,0.544,2.717,0.049
63700,5.000,0.554,2.763,0.049
63900,5.000,0.554,2.763,0.049
64100,5.000,0.542,2.709,0.050
64300,5.000,0.546,2.725,0.050
64500,5.000,0.546,2.725,0.050
64700,5.000,0.551,2.755,0.050
64900,5.000,0.544,2.721,0.050
65100,5.000,0.546,2.729,0.050
65300,5.000,0.546,2.729,0.050
65500,5.000,0.551,2.751,0.051
65700,5.000,0.545,2.721,0.051
65900,5.000,0.548,2.736,0.051
66100,5.000,0.548,2.736,0.051
66300,5.000,0.550,2.748,0.051
66500,5.000,0.542,2.709,0.051
66700,5.000,0.542,2.709,0.052
66900,5.000,0.548,2.736,0.052
67100,5.000,0.550,2.751,0.052
67300,5.000,0.544,2.717,0.052
67500,5.000,0.545,2.721,0.052
67700,5.000,0.545,2.721,0.052
67900,5.000,0.552,2.755,0.053
68100,5.000,0.542,2.709,0.053
68300,5.000,0.551,2.755,0.053
68500,5.000,0.551,2.755,0.053
68700,5.000,0.548,2.740,0.053
68900,5.000,0.542,2.709,0.053
69100,5.000,0.552,2.755,0.053
69300,5.000,0.552,2.755,0.054
69500,5.000,0.546,2.725,0.054
69700,5.000,0.544,2.721,0.054
69900,5.000,0.544,2.721,0.054
70100,5.000,0.548,2.740,0.054
70300,5.000,0.549,2.744,0.054
70500,5.000,0.544,2.717,0.054
70700,5.000,0.551,2.751,0.055
70900,5.000,0.551,2.751,0.055
71100,5.000,0.546,2.725,0.055
71300,5.000,0.544,2.721,0.055
71500,5.000,0.552,2.755,0.055
71700,5.000,0.552,2.755,0.055
71900,5.000,0.551,2.751,0.056
72100,5.000,0.544,2.717,0.056
72300,5.000,0.544,2.717,0.056
72500,5.000,0.555,2.771,0.056
72700,5.000,0.543,2.713,0.056
72900,5.000,0.543,2.713,0.056
73100,5.000,0.543,2.713,0.057
73300,5.000,0.551,2.755,0.057
73500,5.000,0.546,2.725,0.057
73700,5.000,0.544,2.717,0.057
73900,5.000,0.544,2.717,0.057
74100,5.000,0.552,2.755,0.057
74300,5.000,0.546,2.725,0.058
74500,5.000,0.543,2.709,0.058
74700,5.000,0.555,2.771,0.058
74900,5.000,0.555,2.771,0.058
75100,5.000,0.544,2.717,0.058
75300,5.000,0.545,2.721,0.058
75500,5.000,0.545,2.721,0.058
75700,5.000,0.554,2.771,0.059
75900,5.000,0.543,2.709,0.059
76100,5.000,0.547,2.732,0.059
76300,5.000,0.547,2.732,0.059
76500,5.000,0.552,2.755,0.059
76700,5.000,0.544,2.717,0.059
76900,5.000,0.543,2.709,0.060
77100,5.000,0.543,2.709,0.060
77300,5.000,0.556,2.774,0.060
77500,5.000,0.542,2.709,0.060
77700,5.000,0.546,2.725,0.060
77900,5.000,0.553,2.759,0.060
78100,5.000,0.553,2.759,0.060
78300,5.000,0.544,2.717,0.061
78500,5.000,0.547,2.732,0.061
78700,5.000,0.547,2.732,0.061
78900,5.000,0.550,2.748,0.061
79100,5.000,0.544,2.717,0.061
79300,5.000,0.547,2.732,0.061
79500,5.000,0.547,2.732,0.062
79700,5.000,0.551,2.751,0.062
79900,5.000,0.544,2.717,0.062
80100,5.000,0.544,2.729,0.062
80300,5.000,0.546,2.729,0.062
80500,5.000,0.552,2.755,0.062
80700,5.000,0.545,2.721,0.062
80900,5.000,0.545,2.721,0.063
81100,5.000,0.546,2.725,0.063
81300,5.000,0.553,2.759,0.063
81500,5.000,0.542,2.709,0.063
81700,5.000,0.548,2.740,0.063
81900,5.000,0.548,2.740,0.063
82100,5.000,0.550,2.744,0.064
82300,5.000,0.544,2.713,0.064
82500,5.000,0.551,2.751,0.064
82700,5.000,0.551,2.751,0.064
82900,5.000,0.546,2.725,0.064
83100,5.000,0.545,2.721,0.064
83300,5.000,0.545,2.721,0.065
83500,5.000,0.552,2.755,0.065
83700,5.000,0.546,2.725,0.065
83900,5.000,0.542,2.709,0.065
84100,5.000,0.542,2.709,0.065
84300,5.000,0.551,2.751,0.065
84500,5.000,0.546,2.729,0.065
84700,5.000,0.544,2.721,0.066
84900,5.000,0.550,2.748,0.066
85100,5.000,0.550,2.748,0.066
85300,5.000,0.548,2.740,0.066
85500,5.000,0.542,2.709,0.066
85700,5.000,0.554,2.767,0.066
85900,5.000,0.554,2.767,0.067
86100,5.000,0.546,2.725,0.067
86300,5.000,0.543,2.709,0.067
86500,5.000,0.543,2.709,0.067
86700,5.000,0.554,2.767,0.067
86900,5.000,0.543,2.713,0.067
87100,5.000,0.545,2.725,0.067
87300,5.000,0.545,2.725,0.068
87500,5.000,0.551,2.751,0.068
87700,5.000,0.547,2.732,0.068
87900,5.000,0.544,2.717,0.068
88100,5.000,0.544,2.717,0.068
88300,5.000,0.554,2.767,0.068
88500,5.000,0.543,2.713,0.069
88700,5.000,0.545,2.721,0.069
88900,5.000,0.553,2.763,0.069
89100,5.000,0.553,2.763,0.069
89300,5.000,0.545,2.721,0.069
89500,5.000,0.543,2.713,0.069
89700,5.000,0.543,2.713,0.070
89900,5.000,0.555,2.771,0.070
90100,5.000,0.545,2.721,0.070
90300,5.000,0.547,2.732,0.070
90500,5.000,0.547,2.732,0.070
90700,5.000,0.555,2.774,0.070
90900,5.000,0.543,2.713,0.070
91100,5.000,0.543,2.729,0.071
91300,5.000,0.546,2.729,0.071
91500,5.000,0.553,2.763,0.071
91700,5.000,0.545,2.725,0.071
91900,5.000,0.544,2.717,0.071
92100,5.000,0.544,2.717,0.071
92300,5.000,0.554,2.767,0.072
92500,5.000,0.543,2.713,0.072
92700,5.000,0.549,2.740,0.072
92900,5.000,0.549,2.740,0.072
93100,5.000,0.550,2.748,0.072
93300,5.000,0.544,2.717,0.072
93500,5.000,0.548,2.736,0.072
93700,5.000,0.548,2.736,0.073
93900,5.000,0.548,2.740,0.073
94100,5.000,0.544,2.717,0.073
94300,5.000,0.544,2.717,0.073
94500,5.000,0.546,2.725,0.073
94700,5.000,0.551,2.755,0.073
94900,5.000,0.543,2.713,0.074
95100,5.000,0.543,2.713,0.074
95300,5.000,0.547,2.732,0.074
95500,5.000,0.550,2.748,0.074
95700,5.000,0.544,2.721,0.074
95900,5.000,0.548,2.740,0.074
96100,5.000,0.548,2.740,0.075
96300,5.000,0.549,2.744,0.075
96500,5.000,0.542,2.709,0.075
96700,5.000,0.551,2.751,0.075
96900,5.000,0.551,2.751,0.075
97100,5.000,0.547,2.732,0.075
97300,5.000,0.544,2.717,0.075
97500,5.000,0.544,2.717,0.076
97700,5.000,0.554,2.767,0.076
97900,5.000,0.544,2.717,0.076
98100,5.000,0.545,2.721,0.076
98300,5.000,0.545,2.721,0.076
98500,5.000,0.550,2.748,0.076
98700,5.000,0.547,2.732,0.077
98900,5.000,0.543,2.709,0.077
99100,5.000,0.551,2.751,0.077
99300,5.000,0.551,2.751,0.077
99500,5.000,0.547,2.729,0.077
99700,5.000,0.544,2.717,0.077
99900,5.000,0.553,2.763,0.078
100100,5.000,0.553,2.763,0.078
100300,5.000,0.544,2.717,0.078
100500,5.000,0.545,2.725,0.078
100700,5.000,0.545,2.725,0.078
100900,5.000,0.554,2.767,0.078
101100,5.000,0.544,2.717,0.078
101300,5.000,0.543,2.713,0.079
101500,5.000,0.543,2.713,0.079
101700,5.000,0.554,2.767,0.079
101900,5.000,0.543,2.713,0.079
102100,5.000,0.543,2.721,0.079
102300,5.000,0.553,2.763,0.079
102500,5.000,0.553,2.763,0.080
102700,5.000,0.545,2.721,0.080
102900,5.000,0.543,2.709,0.080
103100,5.000,0.543,2.709,0.080
103300,5.000,0.555,2.771,0.080
103500,5.000,0.544,2.721,0.080
103700,5.000,0.544,2.717,0.080
103900,5.000,0.544,2.717,0.081
104100,5.000,0.554,2.767,0.081
104300,5.000,0.544,2.721,0.081
104500,5.000,0.546,2.729,0.081
104700,5.000,0.546,2.729,0.081
104900,5.000,0.552,2.759,0.081
105100,5.000,0.544,2.713,0.082
105300,5.000,0.544,2.713,0.082
105500,5.000,0.546,2.729,0.082
105700,5.000,0.555,2.771,0.082
105900,5.000,0.542,2.706,0.082
106100,5.000,0.547,2.732,0.082
106300,5.000,0.547,2.732,0.083
106500,5.000,0.552,2.755,0.083
106700,5.000,0.545,2.721,0.083
106900,5.000,0.546,2.729,0.083
107100,5.000,0.546,2.729,0.083
107300,5.000,0.552,2.755,0.083
107500,5.000,0.545,2.721,0.083
107700,5.000,0.550,2.748,0.084
107900,5.000,0.550,2.748,0.084
108100,5.000,0.548,2.740,0.084
108300,5.000,0.544,2.721,0.084
108500,5.000,0.544,2.721,0.084
108700,5.000,0.547,2.732,0.084
108900,5.000,0.551,2.751,0.084
109100,5.000,0.544,2.713,0.085
109300,5.000,0.546,2.729,0.085
109500,5.000,0.546,2.729,0.085
109700,5.000,0.552,2.759,0.085
109900,5.000,0.542,2.706,0.085
110100,5.000,0.553,2.763,0.085
110300,5.000,0.553,2.763,0.086
110500,5.000,0.548,2.736,0.086
110700,5.000,0.544,2.717,0.086
110900,5.000,0.551,2.751,0.086
111100,5.000,0.551,2.751,0.086
111300,5.000,0.548,2.736,0.086
111500,5.000,0.544,2.717,0.087
111700,5.000,0.544,2.717,0.087
111900,5.000,0.550,2.744,0.087
112100,5.000,0.548,2.736,0.087
112300,5.000,0.545,2.721,0.087
112500,5.000,0.545,2.721,0.087
112700,5.000,0.550,2.748,0.088
112900,5.000,0.547,2.729,0.088
113100,5.000,0.545,2.721,0.088
113300,5.000,0.551,2.751,0.088
113500,5.000,0.551,2.751,0.088
113700,5.000,0.548,2.736,0.088
113900,5.000,0.543,2.713,0.088
114100,5.000,0.543,2.713,0.089
114300,5.000,0.555,2.771,0.089
114500,5.000,0.544,2.717,0.089
114700,5.000,0.544,2.717,0.089
114900,5.000,0.544,2.717,0.089
115100,5.000,0.554,2.767,0.089
115300,5.000,0.544,2.721,0.090
115500,5.000,0.544,2.717,0.090
115700,5.000,0.544,2.717,0.090
115900,5.000,0.555,2.771,0.090
116100,5.000,0.544,2.713,0.090
116300,5.000,0.544,2.717,0.090
116500,5.000,0.555,2.771,0.090
116700,5.000,0.555,2.771,0.091
116900,5.000,0.543,2.709,0.091
117100,5.000,0.546,2.729,0.091
117300,5.000,0.546,2.729,0.091
117500,5.000,0.553,2.763,0.091
117700,5.000,0.544,2.717,0.091
117900,5.000,0.546,2.729,0.092
118100,5.000,0.546,2.729,0.092
118300,5.000,0.552,2.759,0.092
118500,5.000,0.543,2.713,0.092
118700,5.000,0.544,2.721,0.092
118900,5.000,0.544,2.721,0.092
119100,5.000,0.554,2.767,0.092
119300,5.000,0.544,2.717,0.093
119500,5.000,0.544,2.717,0.093
119700,5.000,0.553,2.763,0.093
119900,5.000,0.553,2.763,0.093
120100,5.000,0.544,2.717,0.093
120300,5.000,0.546,2.725,0.093
120500,5.000,0.546,2.725,0.094
120700,5.000,0.552,2.759,0.094
120900,5.000,0.543,2.709,0.094
121100,5.000,0.548,2.736,0.094
121300,5.000,0.548,2.736,0.094
121500,5.000,0.549,2.744,0.094
121700,5.000,0.545,2.721,0.095
121900,5.000,0.551,2.751,0.095
122100,5.000,0.551,2.751,0.095
122300,5.000,0.547,2.736,0.095
122500,5.000,0.544,2.717,0.095
122700,5.000,0.544,2.717,0.095
122900,5.000,0.547,2.732,0.095
123100,5.000,0.551,2.755,0.096
123300,5.000,0.544,2.717,0.096
123500,5.000,0.548,2.740,0.096
123700,5.000,0.548,2.740,0.096
123900,5.000,0.551,2.751,0.096
124100,5.000,0.544,2.717,0.096
124300,5.000,0.550,2.744,0.097
124500,5.000,0.550,2.744,0.097
124700,5.000,0.548,2.736,0.097
124900,5.000,0.543,2.709,0.097
125100,5.000,0.543,2.709,0.097
125300,5.000,0.553,2.763,0.097
125500,5.000,0.546,2.725,0.097
125700,5.000,0.544,2.721,0.098
125900,5.000,0.544,2.721,0.098
126100,5.000,0.551,2.751,0.098
126300,5.000,0.547,2.732,0.098
126500,5.000,0.544,2.717,0.098
126700,5.000,0.551,2.755,0.098
126900,5.000,0.551,2.755,0.099
127100,5.000,0.547,2.732,0.099
127300,5.000,0.544,2.717,0.099
127500,5.000,0.554,2.767,0.099
127700,5.000,0.554,2.767,0.099
127900,5.000,0.544,2.717,0.099
128100,5.000,0.545,2.721,0.100
128300,5.000,0.545,2.721,0.100
128500,5.000,0.552,2.759,0.100
128700,5.000,0.546,2.729,0.100
128900,5.000,0.543,2.713,0.100
129100,5.000,0.543,2.713,0.100
129300,5.000,0.553,2.763,0.100
129500,5.000,0.546,2.725,0.101
129700,5.000,0.544,2.713,0.101
129900,5.000,0.544,2.713,0.101
130100,5.000,0.554,2.767,0.101
130300,5.000,0.547,2.729,0.101
130500,5.000,0.543,2.713,0.101
130700,5.000,0.554,2.767,0.102
130900,5.000,0.554,2.767,0.102
131100,5.000,0.545,2.721,0.102
131300,5.000,0.542,2.709,0.102
131500,5.000,0.542,2.709,0.102
131700,5.000,0.555,2.774,0.102
131900,5.000,0.543,2.709,0.102
132100,5.000,0.548,2.740,0.103
132300,5.000,0.548,2.740,0.103
132500,5.000,0.550,2.748,0.103
132700,5.000,0.546,2.725,0.103
132900,5.000,0.544,2.717,0.103
133100,5.000,0.544,2.717,0.103
133300,5.000,0.555,2.771,0.104
133500,5.000,0.544,2.717,0.104
133700,5.000,0.545,2.725,0.104
133900,5.000,0.552,2.759,0.104
134100,5.000,0.552,2.759,0.104
134300,5.000,0.542,2.709,0.104
134500,5.000,0.548,2.740,0.105
134700,5.000,0.548,2.740,0.105
134900,5.000,0.550,2.748,0.105
135100,5.000,0.545,2.725,0.105
135300,5.000,0.548,2.736,0.105
135500,5.000,0.548,2.736,0.105
135700,5.000,0.550,2.748,0.105
135900,5.000,0.543,2.713,0.106
136100,5.000,0.543,2.713,0.106
136300,5.000,0.548,2.736,0.106
136500,5.000,0.551,2.751,0.106
136700,5.000,0.545,2.725,0.106
136900,5.000,0.545,2.725,0.106
137100,5.000,0.546,2.729,0.107
137300,5.000,0.551,2.751,0.107
137500,5.000,0.544,2.721,0.107
137700,5.000,0.549,2.740,0.107
137900,5.000,0.549,2.740,0.107
138100,5.000,0.550,2.744,0.107
138300,5.000,0.543,2.709,0.108
138500,5.000,0.552,2.755,0.108
138700,5.000,0.552,2.755,0.108
138900,5.000,0.546,2.725,0.108
139100,5.000,0.544,2.717,0.108
139300,5.000,0.544,2.717,0.108
139500,5.000,0.554,2.767,0.108
139700,5.000,0.545,2.721,0.109
139900,5.000,0.543,2.713,0.109
140100,5.000,0.543,2.713,0.109
140300,5.000,0.552,2.755,0.109
140500,5.000,0.547,2.732,0.109
140700,5.000,0.544,2.717,0.109
140900,5.000,0.550,2.748,0.110
141100,5.000,0.550,2.748,0.110
141300,5.000,0.546,2.729,0.110
141500,5.000,0.545,2.725,0.110
141700,5.000,0.552,2.755,0.110
141900,5.000,0.552,2.755,0.110
142100,5.000,0.544,2.721,0.110
142300,5.000,0.543,2.713,0.111
142500,5.000,0.543,2.713,0.111
142700,5.000,0.554,2.771,0.111
142900,5.000,0.543,2.713,0.111
143100,5.000,0.545,2.721,0.111
143300,5.000,0.545,2.721,0.111
143500,5.000,0.553,2.763,0.112
143700,5.000,0.546,2.725,0.112
143900,5.000,0.542,2.709,0.112
144100,5.000,0.542,2.709,0.112
144300,5.000,0.555,2.771,0.112
144500,5.000,0.546,2.729,0.112
144700,5.000,0.543,2.713,0.113
144900,5.000,0.555,2.771,0.113
145100,5.000,0.555,2.771,0.113
145300,5.000,0.543,2.713,0.113
145500,5.000,0.545,2.725,0.113
145700,5.000,0.545,2.725,0.113
145900,5.000,0.552,2.759,0.113
146100,5.000,0.545,2.721,0.114
146300,5.000,0.545,2.725,0.114
146500,5.000,0.545,2.725,0.114
146700,5.000,0.552,2.759,0.114
146900,5.000,0.544,2.717,0.114
147100,5.000,0.544,2.717,0.114
147300,5.000,0.545,2.721,0.114
147500,5.000,0.554,2.767,0.115
147700,5.000,0.545,2.721,0.115
147900,5.000,0.545,2.721,0.115
148100,5.000,0.545,2.721,0.115
148300,5.000,0.553,2.763,0.115
148500,5.000,0.544,2.721,0.115
148700,5.000,0.546,2.729,0.116
148900,5.000,0.546,2.729,0.116
149100,5.000,0.553,2.759,0.116
149300,5.000,0.543,2.709,0.116
149500,5.000,0.551,2.751,0.116
149700,5.000,0.551,2.751,0.116
149900,5.000,0.546,2.729,0.117
150100,5.000,0.544,2.721,0.117
150300,5.000,0.544,2.721,0.117
150500,5.000,0.546,2.729,0.117
150700,5.000,0.551,2.755,0.117
150900,5.000,0.543,2.713,0.117
151100,5.000,0.543,2.713,0.117
151300,5.000,0.548,2.736,0.118
151500,5.000,0.549,2.740,0.118
151700,5.000,0.543,2.713,0.118
151900,5.000,0.551,2.751,0.118
152100,5.000,0.551,2.751,0.118
152300,5.000,0.547,2.732,0.118
152500,5.000,0.544,2.717,0.119
152700,5.000,0.550,2.748,0.119
152900,5.000,0.550,2.748,0.119
153100,5.000,0.549,2.744,0.119
153300,5.000,0.541,2.706,0.119
153500,5.000,0.541,2.706,0.119
153700,5.000,0.556,2.774,0.120
153900,5.000,0.543,2.713,0.120
154100,5.000,0.544,2.713,0.120
154300,5.000,0.544,2.713,0.120
154500,5.000,0.551,2.751,0.120
154700,5.000,0.547,2.732,0.120
154900,5.000,0.543,2.713,0.120
155100,5.000,0.551,2.751,0.121
155300,5.000,0.551,2.751,0.121
155500,5.000,0.546,2.725,0.121
155700,5.000,0.545,2.721,0.121
155900,5.000,0.554,2.767,0.121
156100,5.000,0.554,2.767,0.121
156300,5.000,0.543,2.709,0.122
156500,5.000,0.545,2.725,0.122
156700,5.000,0.545,2.725,0.122
156900,5.000,0.552,2.759,0.122
157100,5.000,0.546,2.725,0.122
157300,5.000,0.543,2.713,0.122
157500,5.000,0.543,2.713,0.122
157700,5.000,0.560,2.797,0.123
157900,5.000,0.544,2.721,0.123
158100,5.000,0.544,2.721,0.123
158300,5.000,0.555,2.774,0.123
158500,5.000,0.555,2.774,0.123
158700,5.000,0.543,2.713,0.123
158900,5.000,0.544,2.721,0.124
159100,5.000,0.544,2.721,0.124
159300,5.000,0.554,2.767,0.124
159500,5.000,0.543,2.713,0.124
159700,5.000,0.545,2.725,0.124
159900,5.000,0.545,2.725,0.124
160100,5.000,0.553,2.759,0.125
160300,5.000,0.542,2.709,0.125
160500,5.000,0.548,2.736,0.125
160700,5.000,0.548,2.736,0.125
160900,5.000,0.549,2.744,0.125
161100,5.000,0.545,2.721,0.125
161300,5.000,0.545,2.721,0.125
161500,5.000,0.544,2.717,0.126
161700,5.000,0.554,2.767,0.126
161900,5.000,0.544,2.717,0.126
162100,5.000,0.546,2.725,0.126
162300,5.000,0.546,2.725,0.126
162500,5.000,0.551,2.751,0.126
162700,5.000,0.544,2.717,0.127
162900,5.000,0.547,2.732,0.127
163100,5.000,0.547,2.732,0.127
163300,5.000,0.550,2.748,0.127
163500,5.000,0.544,2.717,0.127
163700,5.000,0.551,2.751,0.127
163900,5.000,0.551,2.751,0.127
164100,5.000,0.548,2.736,0.128
164300,5.000,0.543,2.709,0.128
164500,5.000,0.543,2.709,0.128
164700,5.000,0.548,2.736,0.128
164900,5.000,0.550,2.748,0.128
165100,5.000,0.545,2.721,0.128
165300,5.000,0.547,2.732,0.129
165500,5.000,0.547,2.732,0.129
165700,5.000,0.551,2.755,0.129
165900,5.000,0.544,2.717,0.129
166100,5.000,0.551,2.751,0.129
166300,5.000,0.551,2.751,0.129
166500,5.000,0.547,2.732,0.130
166700,5.000,0.543,2.713,0.130
166900,5.000,0.553,2.763,0.130
167100,5.000,0.553,2.763,0.130
167300,5.000,0.546,2.725,0.130
167500,5.000,0.544,2.717,0.130
167700,5.000,0.544,2.717,0.130
167900,5.000,0.550,2.744,0.131
168100,5.000,0.549,2.744,0.131
168300,5.000,0.542,2.706,0.131
168500,5.000,0.542,2.706,0.131
168700,5.000,0.552,2.759,0.131
168900,5.000,0.546,2.729,0.131
169100,5.000,0.544,2.717,0.132
169300,5.000,0.553,2.763,0.132
169500,5.000,0.553,2.763,0.132
169700,5.000,0.544,2.717,0.132
169900,5.000,0.545,2.721,0.132
170100,5.000,0.545,2.721,0.132
170300,5.000,0.552,2.759,0.133
170500,5.000,0.545,2.721,0.133
170700,5.000,0.543,2.713,0.133
170900,5.000,0.543,2.713,0.133
171100,5.000,0.554,2.771,0.133
171300,5.000,0.544,2.713,0.133
171500,5.000,0.545,2.721,0.133
171700,5.000,0.545,2.721,0.134
171900,5.000,0.553,2.763,0.134
172100,5.000,0.545,2.721,0.134
172300,5.000,0.543,2.709,0.134
172500,5.000,0.555,2.774,0.134
172700,5.000,0.555,2.774,0.134
172900,5.000,0.544,2.717,0.135
173100,5.000,0.544,2.717,0.135
173300,5.000,0.544,2.717,0.135
173500,5.000,0.555,2.771,0.135
173700,5.000,0.545,2.721,0.135
173900,5.000,0.547,2.736,0.135
174100,5.000,0.547,2.736,0.135
174300,5.000,0.550,2.748,0.136
174500,5.000,0.545,2.725,0.136
174700,5.000,0.543,2.713,0.136
174900,5.000,0.543,2.713,0.136
175100,5.000,0.555,2.771,0.136
175300,5.000,0.544,2.717,0.136
175500,5.000,0.544,2.717,0.137
175700,5.000,0.551,2.751,0.137
175900,5.000,0.551,2.751,0.137
176100,5.000,0.544,2.717,0.137
176300,5.000,0.547,2.732,0.137
176500,5.000,0.547,2.732,0.137
176700,5.000,0.551,2.751,0.138
176900,5.000,0.544,2.713,0.138
177100,5.000,0.549,2.740,0.138
177300,5.000,0.549,2.740,0.138
177500,5.000,0.550,2.744,0.138
177700,5.000,0.543,2.713,0.138
177900,5.000,0.552,2.755,0.138
178100,5.000,0.552,2.755,0.139
178300,5.000,0.547,2.732,0.139
178500,5.000,0.546,2.725,0.139
178700,5.000,0.546,2.725,0.139
178900,5.000,0.547,2.732,0.139
179100,5.000,0.551,2.751,0.139
179300,5.000,0.543,2.713,0.140
179500,5.000,0.550,2.748,0.140
179700,5.000,0.550,2.748,0.140
179900,5.000,0.547,2.732,0.140
180100,5.000,0.545,2.721,0.140
180300,5.000,0.550,2.748,0.140
180500,5.000,0.550,2.748,0.140
180700,5.000,0.546,2.729,0.141
180900,5.000,0.543,2.713,0.141
181100,5.000,0.543,2.713,0.141
181300,5.000,0.554,2.771,0.141
181500,5.000,0.545,2.721,0.141
181700,5.000,0.543,2.713,0.141
181900,5.000,0.543,2.713,0.142
182100,5.000,0.551,2.751,0.142
182300,5.000,0.547,2.732,0.142
182500,5.000,0.544,2.717,0.142
182700,5.000,0.552,2.759,0.142
182900,5.000,0.552,2.759,0.142
183100,5.000,0.546,2.729,0.143
183300,5.000,0.544,2.713,0.143
183500,5.000,0.555,2.771,0.143
183700,5.000,0.555,2.771,0.143
183900,5.000,0.543,2.709,0.143
184100,5.000,0.545,2.725,0.143
184300,5.000,0.545,2.725,0.143
184500,5.000,0.554,2.763,0.144
184700,5.000,0.544,2.717,0.144
184900,5.000,0.545,2.721,0.144
185100,5.000,0.545,2.721,0.144
185300,5.000,0.552,2.759,0.144
185500,5.000,0.546,2.729,0.144
185700,5.000,0.543,2.709,0.145
185900,5.000,0.543,2.709,0.145
186100,5.000,0.554,2.763,0.145
186300,5.000,0.543,2.713,0.145
186500,5.000,0.543,2.713,0.145
186700,5.000,0.559,2.793,0.145
186900,5.000,0.559,2.793,0.145
187100,5.000,0.545,2.721,0.146
187300,5.000,0.543,2.713,0.146
187500,5.000,0.543,2.713,0.146
187700,5.000,0.554,2.767,0.146
187900,5.000,0.543,2.713,0.146
188100,5.000,0.547,2.732,0.146
188300,5.000,0.547,2.732,0.147
188500,5.000,0.551,2.755,0.147
188700,5.000,0.545,2.725,0.147
188900,5.000,0.545,2.725,0.147
189100,5.000,0.545,2.725,0.147
189300,5.000,0.553,2.759,0.147
189500,5.000,0.543,2.713,0.147
189700,5.000,0.545,2.725,0.148
189900,5.000,0.545,2.725,0.148
190100,5.000,0.551,2.755,0.148
190300,5.000,0.543,2.713,0.148
190500,5.000,0.547,2.732,0.148
190700,5.000,0.547,2.732,0.148
190900,5.000,0.551,2.751,0.149
191100,5.000,0.545,2.721,0.149
191300,5.000,0.549,2.744,0.149
191500,5.000,0.549,2.744,0.149
191700,5.000,0.548,2.736,0.149
191900,5.000,0.543,2.713,0.149
192100,5.000,0.543,2.713,0.150
192300,5.000,0.544,2.721,0.150
192500,5.000,0.553,2.759,0.150
192700,5.000,0.542,2.706,0.150
192900,5.000,0.542,2.706,0.150
193100,5.000,0.549,2.744,0.150
193300,5.000,0.549,2.740,0.151
193500,5.000,0.544,2.717,0.151
193700,5.000,0.550,2.748,0.151
193900,5.000,0.550,2.748,0.151
194100,5.000,0.547,2.732,0.151
194300,5.000,0.542,2.706,0.151
194500,5.000,0.551,2.751,0.151
194700,5.000,0.551,2.751,0.152
194900,5.000,0.546,2.725,0.152
195100,5.000,0.544,2.717,0.152
195300,5.000,0.544,2.717,0.152
195500,5.000,0.554,2.767,0.152
195700,5.000,0.543,2.713,0.152
195900,5.000,0.545,2.721,0.152
196100,5.000,0.545,2.721,0.153
196300,5.000,0.549,2.744,0.153
196500,5.000,0.547,2.732,0.153
196700,5.000,0.543,2.709,0.153
196900,5.000,0.554,2.767,0.153
197100,5.000,0.554,2.767,0.153
197300,5.000,0.544,2.721,0.154
197500,5.000,0.544,2.717,0.154
197700,5.000,0.554,2.763,0.154
197900,5.000,0.554,2.763,0.154
198100,5.000,0.544,2.717,0.154
198300,5.000,0.543,2.709,0.154
198500,5.000,0.543,2.709,0.155
198700,5.000,0.554,2.767,0.155
198900,5.000,0.543,2.713,0.155
199100,5.000,0.542,2.709,0.155
199300,5.000,0.542,2.709,0.155
199500,5.000,0.554,2.767,0.155
199700,5.000,0.543,2.713,0.155
199900,5.000,0.543,2.717,0.156
200100,5.000,0.544,2.717,0.156
200300,5.000,0.552,2.759,0.156
200500,5.000,0.544,2.717,0.156
200700,5.000,0.543,2.709,0.156
200900,5.000,0.543,2.709,0.156
201100,5.000,0.554,2.767,0.157
201300,5.000,0.543,2.709,0.157
201500,5.000,0.547,2.732,0.157
201700,5.000,0.547,2.732,0.157
201900,5.000,0.551,2.751,0.157
202100,5.000,0.544,2.717,0.157
202300,5.000,0.545,2.725,0.157
202500,5.000,0.545,2.725,0.158
202700,5.000,0.552,2.755,0.158
202900,5.000,0.544,2.717,0.158
203100,5.000,0.544,2.717,0.158
203300,5.000,0.543,2.713,0.158
203500,5.000,0.554,2.767,0.158
203700,5.000,0.542,2.709,0.159
203900,5.000,0.547,2.732,0.159
204100,5.000,0.547,2.732,0.159
204300,5.000,0.549,2.744,0.159
204500,5.000,0.544,2.717,0.159
204700,5.000,0.546,2.725,0.159
204900,5.000,0.546,2.725,0.160
205100,5.000,0.550,2.751,0.160
205300,5.000,0.543,2.713,0.160
205500,5.000,0.551,2.751,0.160
205700,5.000,0.551,2.751,0.160
205900,5.000,0.547,2.732,0.160
206100,5.000,0.543,2.713,0.160
206300,5.000,0.543,2.713,0.161
206500,5.000,0.547,2.732,0.161
206700,5.000,0.550,2.748,0.161
206900,5.000,0.545,2.721,0.161
207100,5.000,0.545,2.721,0.161
207300,5.000,0.548,2.736,0.161
207500,5.000,0.549,2.744,0.162
207700,5.000,0.544,2.721,0.162
207900,5.000,0.551,2.748,0.162
208100,5.000,0.551,2.748,0.162
208300,5.000,0.546,2.729,0.162
208500,5.000,0.543,2.713,0.162
208700,5.000,0.551,2.755,0.162
208900,5.000,0.551,2.755,0.163
209100,5.000,0.546,2.725,0.163
209300,5.000,0.543,2.713,0.163
209500,5.000,0.543,2.713,0.163
209700,5.000,0.554,2.767,0.163
209900,5.000,0.543,2.713,0.163
210100,5.000,0.542,2.709,0.164
210300,5.000,0.542,2.709,0.164
210500,5.000,0.551,2.755,0.164
210700,5.000,0.545,2.721,0.164
210900,5.000,0.545,2.721,0.164
211100,5.000,0.552,2.759,0.164
211300,5.000,0.552,2.759,0.165
211500,5.000,0.546,2.725,0.165
211700,5.000,0.542,2.709,0.165
211900,5.000,0.542,2.709,0.165
212100,5.000,0.554,2.767,0.165
212300,5.000,0.544,2.717,0.165
212500,5.000,0.543,2.713,0.165
212700,5.000,0.543,2.713,0.166
212900,5.000,0.554,2.767,0.166
213100,5.000,0.544,2.717,0.166
213300,5.000,0.544,2.713,0.166
213500,5.000,0.544,2.713,0.166
213700,5.000,0.553,2.763,0.166
213900,5.000,0.544,2.717,0.167
214100,5.000,0.544,2.717,0.167
214300,5.000,0.555,2.771,0.167
214500,5.000,0.555,2.771,0.167
214700,5.000,0.542,2.709,0.167
214900,5.000,0.545,2.721,0.167
215100,5.000,0.545,2.721,0.167
215300,5.000,0.553,2.763,0.168
215500,5.000,0.543,2.709,0.168
215700,5.000,0.547,2.732,0.168
215900,5.000,0.547,2.732,0.168
216100,5.000,0.551,2.751,0.168
216300,5.000,0.544,2.717,0.168
216500,5.000,0.547,2.729,0.169
216700,5.000,0.547,2.729,0.169
216900,5.000,0.550,2.751,0.169
217100,5.000,0.544,2.713,0.169
217300,5.000,0.544,2.713,0.169
217500,5.000,0.546,2.729,0.169
217700,5.000,0.551,2.751,0.170
217900,5.000,0.544,2.717,0.170
218100,5.000,0.546,2.729,0.170
218300,5.000,0.546,2.729,0.170
218500,5.000,0.551,2.755,0.170
218700,5.000,0.542,2.709,0.170
218900,5.000,0.549,2.744,0.170
219100,5.000,0.549,2.744,0.171
219300,5.000,0.549,2.744,0.171
219500,5.000,0.543,2.713,0.171
219700,5.000,0.550,2.748,0.171
219900,5.000,0.550,2.748,0.171
220100,5.000,0.547,2.732,0.171
220300,5.000,0.543,2.713,0.172
220500,5.000,0.543,2.713,0.172
220700,5.000,0.547,2.732,0.172
220900,5.000,0.550,2.748,0.172
221100,5.000,0.543,2.713,0.172
221300,5.000,0.550,2.744,0.172
221500,5.000,0.550,2.744,0.173
221700,5.000,0.547,2.732,0.173
221900,5.000,0.545,2.721,0.173
222100,5.000,0.549,2.740,0.173
222300,5.000,0.549,2.740,0.173
222500,5.000,0.547,2.732,0.173
222700,5.000,0.543,2.709,0.173
222900,5.000,0.543,2.709,0.174
223100,5.000,0.554,2.767,0.174
223300,5.000,0.543,2.713,0.174
223500,5.000,0.543,2.713,0.174
223700,5.000,0.543,2.713,0.174
223900,5.000,0.550,2.748,0.174
224100,5.000,0.547,2.732,0.174
224300,5.000,0.542,2.709,0.175
224500,5.000,0.542,2.709,0.175
224700,5.000,0.552,2.755,0.175
224900,5.000,0.545,2.725,0.175
225100,5.000,0.542,2.706,0.175
225300,5.000,0.556,2.778,0.175
225500,5.000,0.556,2.778,0.176
225700,5.000,0.543,2.709,0.176
225900,5.000,0.545,2.725,0.176
226100,5.000,0.545,2.725,0.176
226300,5.000,0.553,2.759,0.176
226500,5.000,0.544,2.717,0.176
226700,5.000,0.547,2.732,0.177
226900,5.000,0.547,2.732,0.177
227100,5.000,0.556,2.778,0.177
227300,5.000,0.546,2.725,0.177
227500,5.000,0.544,2.713,0.177
227700,5.000,0.544,2.713,0.177
227900,5.000,0.553,2.763,0.177
228100,5.000,0.544,2.721,0.178
228300,5.000,0.544,2.713,0.178
228500,5.000,0.552,2.759,0.178
228700,5.000,0.552,2.759,0.178
228900,5.000,0.545,2.721,0.178
229100,5.000,0.543,2.713,0.178
229300,5.000,0.543,2.713,0.179
229500,5.000,0.555,2.767,0.179
229700,5.000,0.542,2.706,0.179
229900,5.000,0.547,2.732,0.179
230100,5.000,0.547,2.732,0.179
230300,5.000,0.551,2.751,0.179
230500,5.000,0.543,2.713,0.179
230700,5.000,0.544,2.721,0.180
230900,5.000,0.544,2.721,0.180
231100,5.000,0.554,2.771,0.180
231300,5.000,0.543,2.713,0.180
231500,5.000,0.543,2.713,0.180
231700,5.000,0.551,2.751,0.180
231900,5.000,0.551,2.751,0.181
232100,5.000,0.544,2.717,0.181
232300,5.000,0.547,2.736,0.181
232500,5.000,0.547,2.736,0.181
232700,5.000,0.551,2.751,0.181
232900,5.000,0.545,2.725,0.181
233100,5.000,0.549,2.740,0.182
233300,5.000,0.549,2.740,0.182
233500,5.000,0.549,2.744,0.182
233700,5.000,0.544,2.717,0.182
233900,5.000,0.544,2.717,0.182
234100,5.000,0.550,2.751,0.182
234300,5.000,0.547,2.732,0.182
234500,5.000,0.543,2.713,0.183
234700,5.000,0.543,2.713,0.183
234900,5.000,0.549,2.740,0.183
235100,5.000,0.550,2.748,0.183
235300,5.000,0.543,2.713,0.183
235500,5.000,0.551,2.751,0.183
235700,5.000,0.551,2.751,0.184
235900,5.000,0.547,2.732,0.184
236100,5.000,0.543,2.713,0.184
236300,5.000,0.551,2.755,0.184
236500,5.000,0.551,2.755,0.184
236700,5.000,0.545,2.725,0.184
236900,5.000,0.546,2.729,0.185
237100,5.000,0.546,2.729,0.185
237300,5.000,0.551,2.755,0.185
237500,5.000,0.546,2.725,0.185
237700,5.000,0.543,2.713,0.185
237900,5.000,0.543,2.713,0.185
238100,5.000,0.551,2.751,0.185
238300,5.000,0.547,2.732,0.186
238500,5.000,0.543,2.713,0.186
238700,5.000,0.554,2.771,0.186
238900,5.000,0.554,2.771,0.186
239100,5.000,0.544,2.721,0.186
239300,5.000,0.544,2.717,0.186
239500,5.000,0.554,2.767,0.187
239700,5.000,0.554,2.767,0.187
239900,5.000,0.545,2.721,0.187
240100,5.000,0.543,2.713,0.187
240300,5.000,0.543,2.713,0.187
240500,5.000,0.555,2.774,0.187
240700,5.000,0.543,2.713,0.187
240900,5.000,0.545,2.725,0.188
241100,5.000,0.545,2.725,0.188
241300,5.000,0.552,2.759,0.188
241500,5.000,0.545,2.725,0.188
241700,5.000,0.543,2.709,0.188
241900,5.000,0.543,2.709,0.188
242100,5.000,0.554,2.771,0.189
242300,5.000,0.544,2.717,0.189
242500,5.000,0.544,2.713,0.189
242700,5.000,0.555,2.771,0.189
242900,5.000,0.555,2.771,0.189
243100,5.000,0.543,2.709,0.189
243300,5.000,0.546,2.725,0.190
243500,5.000,0.546,2.725,0.190
243700,5.000,0.551,2.751,0.190
243900,5.000,0.544,2.717,0.190
244100,5.000,0.546,2.729,0.190
244300,5.000,0.546,2.729,0.190
244500,5.000,0.552,2.755,0.190
244700,5.000,0.542,2.706,0.191
244900,5.000,0.542,2.706,0.191
245100,5.000,0.545,2.721,0.191
245300,5.000,0.553,2.763,0.191
245500,5.000,0.544,2.721,0.191
245700,5.000,0.547,2.729,0.191
245900,5.000,0.547,2.729,0.192
246100,5.000,0.552,2.755,0.192
246300,5.000,0.545,2.725,0.192
246500,5.000,0.547,2.732,0.192
246700,5.000,0.547,2.732,0.192
246900,5.000,0.557,2.782,0.192
247100,5.000,0.544,2.717,0.192
247300,5.000,0.552,2.759,0.193
247500,5.000,0.552,2.759,0.193
247700,5.000,0.546,2.729,0.193
247900,5.000,0.545,2.721,0.193
248100,5.000,0.545,2.721,0.193
248300,5.000,0.546,2.725,0.193
248500,5.000,0.553,2.763,0.194
248700,5.000,0.543,2.709,0.194
248900,5.000,0.543,2.709,0.194
249100,5.000,0.549,2.744,0.194
249300,5.000,0.549,2.740,0.194
249500,5.000,0.543,2.713,0.194
249700,5.000,0.551,2.755,0.195
249900,5.000,0.551,2.755,0.195
250100,5.000,0.546,2.729,0.195
250300,5.000,0.545,2.721,0.195
250500,5.000,0.551,2.751,0.195
250700,5.000,0.551,2.751,0.195
250900,5.000,0.546,2.729,0.195
251100,5.000,0.543,2.713,0.196
251300,5.000,0.543,2.713,0.196
251500,5.000,0.555,2.771,0.196
251700,5.000,0.543,2.713,0.196
251900,5.000,0.544,2.717,0.196
252100,5.000,0.544,2.717,0.196
252300,5.000,0.551,2.751,0.197
252500,5.000,0.548,2.736,0.197
252700,5.000,0.543,2.713,0.197
252900,5.000,0.554,2.771,0.197
253100,5.000,0.554,2.771,0.197
253300,5.000,0.545,2.721,0.197
253500,5.000,0.544,2.717,0.197
253700,5.000,0.554,2.771,0.198
253900,5.000,0.554,2.771,0.198
254100,5.000,0.543,2.713,0.198
254300,5.000,0.545,2.721,0.198
254500,5.000,0.545,2.721,0.198
254700,5.000,0.552,2.759,0.198
254900,5.000,0.544,2.721,0.199
255100,5.000,0.543,2.713,0.199
255300,5.000,0.543,2.713,0.199
255500,5.000,0.554,2.767,0.199
255700,5.000,0.543,2.713,0.199
255900,5.000,0.543,2.713,0.199
256100,5.000,0.544,2.717,0.199
256300,5.000,0.553,2.763,0.200
256500,5.000,0.545,2.721,0.200
256700,5.000,0.543,2.713,0.200
256900,5.000,0.543,2.713,0.200
257100,5.000,0.554,2.767,0.200
257300,5.000,0.545,2.721,0.200
257500,5.000,0.546,2.725,0.201
257700,5.000,0.546,2.725,0.201
257900,5.000,0.553,2.763,0.201
258100,5.000,0.543,2.709,0.201
258300,5.000,0.548,2.736,0.201
258500,5.000,0.548,2.736,0.201
258700,5.000,0.550,2.748,0.202
258900,5.000,0.544,2.717,0.202
259100,5.000,0.544,2.717,0.202
259300,5.000,0.546,2.725,0.202
259500,5.000,0.552,2.759,0.202
259700,5.000,0.543,2.713,0.202
259900,5.000,0.548,2.740,0.203
260100,5.000,0.548,2.740,0.203
260300,5.000,0.550,2.748,0.203
260500,5.000,0.544,2.717,0.203
260700,5.000,0.549,2.744,0.203
260900,5.000,0.549,2.744,0.203
261100,5.000,0.549,2.740,0.203
261300,5.000,0.545,2.721,0.204
261500,5.000,0.549,2.744,0.204
261700,5.000,0.549,2.744,0.204
261900,5.000,0.548,2.740,0.204
262100,5.000,0.541,2.702,0.204
262300,5.000,0.541,2.702,0.204
262500,5.000,0.548,2.736,0.204
262700,5.000,0.549,2.744,0.205
262900,5.000,0.545,2.721,0.205
263100,5.000,0.545,2.721,0.205
263300,5.000,0.550,2.748,0.205
263500,5.000,0.547,2.732,0.205
263700,5.000,0.543,2.713,0.205
263900,5.000,0.550,2.744,0.206
264100,5.000,0.550,2.744,0.206
264300,5.000,0.546,2.725,0.206
264500,5.000,0.543,2.709,0.206
264700,5.000,0.555,2.771,0.206
264900,5.000,0.555,2.771,0.206
265100,5.000,0.542,2.706,0.207
265300,5.000,0.544,2.721,0.207
265500,5.000,0.544,2.721,0.207
265700,5.000,0.552,2.755,0.207
265900,5.000,0.544,2.717,0.207
266100,5.000,0.542,2.706,0.207
266300,5.000,0.542,2.706,0.207
266500,5.000,0.553,2.763,0.208
266700,5.000,0.546,2.725,0.208
266900,5.000,0.544,2.717,0.208
267100,5.000,0.554,2.763,0.208
267300,5.000,0.554,2.763,0.208
267500,5.000,0.543,2.713,0.208
267700,5.000,0.544,2.717,0.209
267900,5.000,0.544,2.717,0.209
268100,5.000,0.554,2.767,0.209
268300,5.000,0.544,2.717,0.209
268500,5.000,0.543,2.713,0.209
268700,5.000,0.543,2.713,0.209
268900,5.000,0.555,2.771,0.209
269100,5.000,0.542,2.709,0.210
269300,5.000,0.545,2.721,0.210
269500,5.000,0.545,2.721,0.210
269700,5.000,0.552,2.759,0.210
269900,5.000,0.545,2.721,0.210
270100,5.000,0.545,2.721,0.210
270300,5.000,0.554,2.767,0.211
270500,5.000,0.554,2.767,0.211
270700,5.000,0.545,2.721,0.211
270900,5.000,0.543,2.709,0.211
271100,5.000,0.543,2.709,0.211
271300,5.000,0.552,2.759,0.211
271500,5.000,0.543,2.713,0.212
271700,5.000,0.547,2.729,0.212
271900,5.000,0.547,2.729,0.212
272100,5.000,0.551,2.755,0.212
272300,5.000,0.543,2.713,0.212
272500,5.000,0.548,2.740,0.212
272700,5.000,0.548,2.740,0.212
272900,5.000,0.549,2.744,0.213
273100,5.000,0.541,2.702,0.213
273300,5.000,0.541,2.702,0.213
273500,5.000,0.548,2.740,0.213
273700,5.000,0.549,2.744,0.213
273900,5.000,0.544,2.717,0.213
274100,5.000,0.547,2.732,0.214
274300,5.000,0.547,2.732,0.214
274500,5.000,0.551,2.751,0.214
274700,5.000,0.545,2.721,0.214
274900,5.000,0.549,2.744,0.214
275100,5.000,0.549,2.744,0.214
275300,5.000,0.548,2.736,0.215
275500,5.000,0.544,2.717,0.215
275700,5.000,0.550,2.748,0.215
275900,5.000,0.550,2.748,0.215
276100,5.000,0.547,2.732,0.215
276300,5.000,0.543,2.713,0.215
276500,5.000,0.543,2.713,0.215
276700,5.000,0.548,2.736,0.216
276900,5.000,0.550,2.748,0.216
277100,5.000,0.542,2.709,0.216
277300,5.000,0.552,2.755,0.216
277500,5.000,0.552,2.755,0.216
277700,5.000,0.546,2.729,0.216
277900,5.000,0.543,2.709,0.217
278100,5.000,0.551,2.751,0.217
278300,5.000,0.551,2.751,0.217
278500,5.000,0.546,2.729,0.217
278700,5.000,0.544,2.717,0.217
278900,5.000,0.544,2.717,0.217
279100,5.000,0.554,2.767,0.217
279300,5.000,0.544,2.717,0.218
279500,5.000,0.543,2.709,0.218
279700,5.000,0.543,2.709,0.218
279900,5.000,0.551,2.751,0.218
280100,5.000,0.546,2.729,0.218
280300,5.000,0.544,2.717,0.218
280500,5.000,0.544,2.717,0.219
280700,5.000,0.553,2.763,0.219
280900,5.000,0.545,2.725,0.219
281100,5.000,0.543,2.713,0.219
281300,5.000,0.554,2.767,0.219
281500,5.000,0.554,2.767,0.219
281700,5.000,0.544,2.717,0.220
281900,5.000,0.543,2.713,0.220
282100,5.000,0.543,2.713,0.220
282300,5.000,0.554,2.767,0.220
282500,5.000,0.543,2.709,0.220
282700,5.000,0.545,2.721,0.220
282900,5.000,0.545,2.721,0.220
283100,5.000,0.552,2.755,0.221
283300,5.000,0.544,2.717,0.221
283500,5.000,0.543,2.713,0.221
283700,5.000,0.543,2.713,0.221
283900,5.000,0.554,2.767,0.221
284100,5.000,0.543,2.713,0.221
284300,5.000,0.544,2.721,0.222
284500,5.000,0.553,2.763,0.222
284700,5.000,0.553,2.763,0.222
284900,5.000,0.545,2.721,0.222
285100,5.000,0.546,2.725,0.222
285300,5.000,0.546,2.725,0.222
285500,5.000,0.553,2.763,0.222
285700,5.000,0.545,2.721,0.223
285900,5.000,0.546,2.725,0.223
286100,5.000,0.546,2.725,0.223
286300,5.000,0.552,2.759,0.223
286500,5.000,0.543,2.713,0.223
286700,5.000,0.545,2.721,0.223
286900,5.000,0.545,2.721,0.224
287100,5.000,0.553,2.763,0.224
287300,5.000,0.545,2.721,0.224
287500,5.000,0.545,2.721,0.224
287700,5.000,0.546,2.729,0.224
287900,5.000,0.552,2.759,0.224
