300,5.000,0.547,2.729,0.000
500,5.000,0.555,2.774,0.000
700,5.000,0.543,2.709,0.000
900,5.000,0.543,2.709,0.000
1100,5.000,0.542,2.706,0.000
1300,5.000,0.542,2.706,0.000
1500,5.000,0.542,2.706,0.000
1700,5.000,0.542,2.706,0.001
1900,5.000,0.542,2.709,0.001
2100,5.000,0.552,2.755,0.001
2300,5.000,0.544,2.713,0.001
2500,5.000,0.544,2.713,0.001
2700,5.000,0.573,2.858,0.001
2900,5.000,0.569,2.843,0.002
3100,5.000,0.559,2.790,0.002
3300,5.000,0.568,2.835,0.002
3500,5.000,0.568,2.835,0.002
3700,5.000,0.565,2.820,0.002
3900,5.000,0.565,2.824,0.002
4100,5.000,0.565,2.824,0.003
4300,5.000,0.577,2.881,0.003
4500,5.000,0.564,2.820,0.003
4700,5.000,0.556,2.774,0.003
4900,5.000,0.556,2.774,0.003
5100,5.000,0.571,2.851,0.003
5300,5.000,0.556,2.778,0.004
5500,5.000,0.551,2.755,0.004
5700,5.000,0.551,2.755,0.004
5900,5.000,0.567,2.832,0.004
6100,5.000,0.554,2.767,0.004
6300,5.000,0.553,2.763,0.004
6500,5.000,0.564,2.816,0.005
6700,5.000,0.564,2.816,0.005
6900,5.000,0.553,2.763,0.005
7100,5.000,0.552,2.759,0.005
7300,5.000,0.552,2.759,0.005
7500,5.000,0.566,2.828,0.005
7700,5.000,0.554,2.767,0.005
7900,5.000,0.556,2.778,0.006
8100,5.000,0.556,2.778,0.006
8300,5.000,0.560,2.797,0.006
8500,5.000,0.553,2.763,0.006
8700,5.000,0.556,2.782,0.006
8900,5.000,0.556,2.782,0.006
9100,5.000,0.563,2.813,0.007
9300,5.000,0.554,2.767,0.007
9500,5.000,0.554,2.767,0.007
9700,5.000,0.556,2.805,0.007
9900,5.000,0.562,2.805,0.007
10100,5.000,0.551,2.755,0.007
10300,5.000,0.556,2.774,0.008
10500,5.000,0.556,2.774,0.008
10700,5.000,0.560,2.797,0.008
10900,5.000,0.554,2.767,0.008
11100,5.000,0.560,2.797,0.008
11300,5.000,0.560,2.797,0.008
11500,5.000,0.556,2.778,0.008
11700,5.000,0.552,2.759,0.009
11900,5.000,0.552,2.759,0.009
12100,5.000,0.561,2.801,0.009
12300,5.000,0.559,2.793,0.009
12500,5.000,0.552,2.759,0.009
12700,5.000,0.552,2.759,0.009
12900,5.000,0.559,2.793,0.010
13100,5.000,0.558,2.786,0.010
13300,5.000,0.553,2.763,0.010
13500,5.000,0.558,2.786,0.010
13700,5.000,0.558,2.786,0.010
13900,5.000,0.558,2.790,0.010
14100,5.000,0.551,2.751,0.011
14300,5.000,0.561,2.801,0.011
14500,5.000,0.561,2.801,0.011
14700,5.000,0.555,2.774,0.011
14900,5.000,0.557,2.778,0.011
15100,5.000,0.557,2.778,0.011
15300,5.000,0.559,2.790,0.011
15500,5.000,0.556,2.774,0.012
15700,5.000,0.553,2.763,0.012
15900,5.000,0.553,2.763,0.012
16100,5.000,0.559,2.793,0.012
16300,5.000,0.557,2.782,0.012
16500,5.000,0.555,2.771,0.012
16700,5.000,0.563,2.813,0.013
16900,5.000,0.563,2.813,0.013
17100,5.000,0.554,2.767,0.013
17300,5.000,0.553,2.763,0.013
17500,5.000,0.563,2.813,0.013
17700,5.000,0.563,2.813,0.013
17900,5.000,0.554,2.767,0.014
18100,5.000,0.552,2.759,0.014
18300,5.000,0.552,2.759,0.014
18500,5.000,0.563,2.813,0.014
18700,5.000,0.552,2.759,0.014
18900,5.000,0.554,2.767,0.014
19100,5.000,0.554,2.767,0.014
19300,5.000,0.563,2.813,0.015
19500,5.000,0.552,2.755,0.015
19700,5.000,0.553,2.763,0.015
19900,5.000,0.553,2.763,0.015
20100,5.000,0.563,2.813,0.015
20300,5.000,0.553,2.763,0.015
20500,5.000,0.552,2.755,0.016
20700,5.000,0.552,2.755,0.016
20900,5.000,0.564,2.816,0.016
21100,5.000,0.551,2.755,0.016
21300,5.000,0.556,2.778,0.016
21500,5.000,0.556,2.778,0.016
21700,5.000,0.561,2.801,0.017
21900,5.000,0.554,2.767,0.017
22100,5.000,0.555,2.771,0.017
22300,5.000,0.555,2.771,0.017
22500,5.000,0.561,2.801,0.017
22700,5.000,0.553,2.763,0.017
22900,5.000,0.553,2.763,0.018
23100,5.000,0.553,2.763,0.018
23300,5.000,0.563,2.809,0.018
23500,5.000,0.552,2.755,0.018
23700,5.000,0.556,2.778,0.018
23900,5.000,0.556,2.778,0.018
24100,5.000,0.559,2.790,0.019
24300,5.000,0.554,2.767,0.019
24500,5.000,0.555,2.774,0.019
24700,5.000,0.555,2.774,0.019
24900,5.000,0.562,2.805,0.019
25100,5.000,0.552,2.755,0.019
25300,5.000,0.562,2.809,0.019
25500,5.000,0.562,2.809,0.020
25700,5.000,0.556,2.778,0.020
25900,5.000,0.553,2.763,0.020
26100,5.000,0.553,2.763,0.020
26300,5.000,0.554,2.767,0.020
26500,5.000,0.561,2.805,0.020
26700,5.000,0.553,2.763,0.021
26900,5.000,0.553,2.763,0.021
27100,5.000,0.560,2.793,0.021
27300,5.000,0.557,2.782,0.021
27500,5.000,0.552,2.759,0.021
27700,5.000,0.561,2.801,0.021
27900,5.000,0.561,2.801,0.022
28100,5.000,0.555,2.771,0.022
28300,5.000,0.554,2.767,0.022
28500,5.000,0.562,2.805,0.022
28700,5.000,0.562,2.805,0.022
28900,5.000,0.555,2.771,0.022
29100,5.000,0.551,2.751,0.022
29300,5.000,0.551,2.751,0.023
29500,5.000,0.565,2.820,0.023
29700,5.000,0.552,2.759,0.023
29900,5.000,0.553,2.763,0.023
30100,5.000,0.553,2.763,0.023
30300,5.000,0.561,2.801,0.023
30500,5.000,0.555,2.771,0.024
30700,5.000,0.553,2.763,0.024
30900,5.000,0.564,2.816,0.024
31100,5.000,0.564,2.816,0.024
31300,5.000,0.555,2.771,0.024
31500,5.000,0.553,2.763,0.024
31700,5.000,0.553,2.763,0.025
31900,5.000,0.564,2.816,0.025
32100,5.000,0.552,2.755,0.025
32300,5.000,0.555,2.774,0.025
32500,5.000,0.555,2.774,0.025
32700,5.000,0.563,2.813,0.025
32900,5.000,0.554,2.763,0.025
33100,5.000,0.552,2.759,0.026
33300,5.000,0.552,2.759,0.026
33500,5.000,0.564,2.816,0.026
33700,5.000,0.553,2.759,0.026
33900,5.000,0.553,2.759,0.026
34100,5.000,0.564,2.816,0.026
34300,5.000,0.564,2.816,0.027
34500,5.000,0.552,2.755,0.027
34700,5.000,0.553,2.763,0.027
34900,5.000,0.553,2.763,0.027
35100,5.000,0.563,2.809,0.027
35300,5.000,0.554,2.767,0.027
35500,5.000,0.555,2.771,0.028
35700,5.000,0.555,2.771,0.028
35900,5.000,0.562,2.809,0.028
36100,5.000,0.552,2.755,0.028
36300,5.000,0.558,2.790,0.028
36500,5.000,0.558,2.790,0.028
36700,5.000,0.559,2.793,0.028
36900,5.000,0.553,2.763,0.029
37100,5.000,0.553,2.763,0.029
37300,5.000,0.555,2.771,0.029
37500,5.000,0.561,2.805,0.029
37700,5.000,0.553,2.763,0.029
37900,5.000,0.556,2.778,0.029
38100,5.000,0.556,2.778,0.030
38300,5.000,0.562,2.805,0.030
38500,5.000,0.552,2.755,0.030
38700,5.000,0.558,2.790,0.030
38900,5.000,0.558,2.790,0.030
39100,5.000,0.557,2.782,0.030
39300,5.000,0.555,2.771,0.031
39500,5.000,0.559,2.793,0.031
39700,5.000,0.559,2.793,0.031
39900,5.000,0.557,2.782,0.031
40100,5.000,0.552,2.755,0.031
40300,5.000,0.552,2.755,0.031
40500,5.000,0.557,2.782,0.031
40700,5.000,0.559,2.790,0.032
40900,5.000,0.554,2.767,0.032
41100,5.000,0.561,2.801,0.032
41300,5.000,0.561,2.801,0.032
41500,5.000,0.556,2.778,0.032
41700,5.000,0.553,2.763,0.032
41900,5.000,0.560,2.797,0.033
42100,5.000,0.560,2.797,0.033
42300,5.000,0.557,2.782,0.033
42500,5.000,0.551,2.751,0.033
42700,5.000,0.551,2.751,0.033
42900,5.000,0.568,2.835,0.033
43100,5.000,0.552,2.759,0.034
43300,5.000,0.553,2.763,0.034
43500,5.000,0.553,2.763,0.034
43700,5.000,0.558,2.786,0.034
43900,5.000,0.556,2.782,0.034
44100,5.000,0.551,2.751,0.034
44300,5.000,0.551,2.751,0.034
44500,5.000,0.561,2.801,0.035
44700,5.000,0.556,2.778,0.035
44900,5.000,0.552,2.755,0.035
45100,5.000,0.565,2.820,0.035
45300,5.000,0.565,2.820,0.035
45500,5.000,0.551,2.755,0.035
45700,5.000,0.553,2.763,0.036
45900,5.000,0.553,2.763,0.036
46100,5.000,0.563,2.813,0.036
46300,5.000,0.555,2.771,0.036
46500,5.000,0.551,2.755,0.036
46700,5.000,0.551,2.755,0.036
46900,5.000,0.564,2.816,0.037
47100,5.000,0.551,2.755,0.037
47300,5.000,0.554,2.767,0.037
47500,5.000,0.554,2.767,0.037
47700,5.000,0.562,2.809,0.037
47900,5.000,0.554,2.771,0.037
48100,5.000,0.552,2.759,0.038
48300,5.000,0.564,2.816,0.038
48500,5.000,0.564,2.816,0.038
48700,5.000,0.554,2.767,0.038
48900,5.000,0.552,2.759,0.038
49100,5.000,0.552,2.759,0.038
49300,5.000,0.562,2.809,0.039
49500,5.000,0.552,2.755,0.039
49700,5.000,0.556,2.778,0.039
49900,5.000,0.556,2.778,0.039
50100,5.000,0.560,2.797,0.039
50300,5.000,0.553,2.763,0.039
50500,5.000,0.550,2.748,0.039
50700,5.000,0.550,2.748,0.040
50900,5.000,0.565,2.820,0.040
51100,5.000,0.551,2.755,0.040
51300,5.000,0.551,2.755,0.040
51500,5.000,0.557,2.782,0.040
51700,5.000,0.560,2.797,0.040
51900,5.000,0.552,2.759,0.041
52100,5.000,0.556,2.778,0.041
52300,5.000,0.556,2.778,0.041
52500,5.000,0.560,2.797,0.041
52700,5.000,0.553,2.763,0.041
52900,5.000,0.559,2.793,0.041
53100,5.000,0.559,2.793,0.042
53300,5.000,0.558,2.790,0.042
53500,5.000,0.551,2.751,0.042
53700,5.000,0.551,2.751,0.042
53900,5.000,0.560,2.801,0.042
54100,5.000,0.555,2.771,0.042
54300,5.000,0.554,2.763,0.042
54500,5.000,0.554,2.763,0.043
54700,5.000,0.556,2.782,0.043
54900,5.000,0.558,2.790,0.043
55100,5.000,0.553,2.763,0.043
55300,5.000,0.561,2.805,0.043
55500,5.000,0.561,2.805,0.043
55700,5.000,0.557,2.786,0.044
55900,5.000,0.552,2.759,0.044
56100,5.000,0.561,2.801,0.044
56300,5.000,0.561,2.801,0.044
56500,5.000,0.554,2.767,0.044
56700,5.000,0.555,2.771,0.044
56900,5.000,0.555,2.771,0.045
57100,5.000,0.563,2.813,0.045
57300,5.000,0.554,2.767,0.045
57500,5.000,0.551,2.751,0.045
57700,5.000,0.551,2.751,0.045
57900,5.000,0.561,2.801,0.045
58100,5.000,0.555,2.771,0.045
58300,5.000,0.553,2.763,0.046
58500,5.000,0.553,2.763,0.046
58700,5.000,0.564,2.816,0.046
58900,5.000,0.553,2.763,0.046
59100,5.000,0.553,2.759,0.046
59300,5.000,0.563,2.813,0.046
59500,5.000,0.563,2.813,0.047
59700,5.000,0.553,2.763,0.047
59900,5.000,0.552,2.755,0.047
60100,5.000,0.552,2.755,0.047
60300,5.000,0.564,2.816,0.047
60500,5.000,0.552,2.755,0.047
60700,5.000,0.555,2.771,0.048
60900,5.000,0.555,2.771,0.048
61100,5.000,0.560,2.797,0.048
61300,5.000,0.553,2.763,0.048
61500,5.000,0.551,2.751,0.048
61700,5.000,0.551,2.751,0.048
61900,5.000,0.564,2.816,0.048
62100,5.000,0.554,2.767,0.049
62300,5.000,0.553,2.763,0.049
62500,5.000,0.564,2.816,0.049
62700,5.000,0.564,2.816,0.049
62900,5.000,0.552,2.755,0.049
63100,5.000,0.555,2.771,0.049
63300,5.000,0.555,2.771,0.050
63500,5.000,0.561,2.801,0.050
63700,5.000,0.554,2.771,0.050
63900,5.000,0.555,2.771,0.050
64100,5.000,0.555,2.771,0.050
64300,5.000,0.561,2.801,0.050
64500,5.000,0.551,2.751,0.051
64700,5.000,0.551,2.751,0.051
64900,5.000,0.555,2.771,0.051
65100,5.000,0.560,2.797,0.051
65300,5.000,0.559,2.790,0.051
65500,5.000,0.559,2.790,0.051
65700,5.000,0.556,2.774,0.052
65900,5.000,0.562,2.809,0.052
66100,5.000,0.552,2.755,0.052
66300,5.000,0.560,2.797,0.052
66500,5.000,0.560,2.797,0.052
66700,5.000,0.559,2.790,0.052
66900,5.000,0.552,2.755,0.052
67100,5.000,0.558,2.786,0.053
67300,5.000,0.558,2.786,0.053
67500,5.000,0.562,2.805,0.053
67700,5.000,0.552,2.759,0.053
67900,5.000,0.552,2.759,0.053
68100,5.000,0.565,2.820,0.053
68300,5.000,0.557,2.782,0.054
68500,5.000,0.551,2.751,0.054
68700,5.000,0.551,2.751,0.054
68900,5.000,0.560,2.797,0.054
69100,5.000,0.556,2.774,0.054
69300,5.000,0.553,2.759,0.054
69500,5.000,0.560,2.797,0.055
69700,5.000,0.560,2.797,0.055
69900,5.000,0.555,2.774,0.055
70100,5.000,0.557,2.786,0.055
70300,5.000,0.561,2.805,0.055
70500,5.000,0.561,2.805,0.055
70700,5.000,0.554,2.767,0.055
70900,5.000,0.557,2.782,0.056
71100,5.000,0.557,2.782,0.056
71300,5.000,0.563,2.813,0.056
71500,5.000,0.550,2.748,0.056
71700,5.000,0.552,2.759,0.056
71900,5.000,0.552,2.759,0.056
72100,5.000,0.559,2.790,0.057
72300,5.000,0.556,2.774,0.057
72500,5.000,0.552,2.755,0.057
72700,5.000,0.564,2.816,0.057
72900,5.000,0.564,2.816,0.057
73100,5.000,0.552,2.755,0.057
73300,5.000,0.552,2.759,0.058
73500,5.000,0.562,2.805,0.058
73700,5.000,0.562,2.805,0.058
73900,5.000,0.552,2.755,0.058
74100,5.000,0.553,2.763,0.058
74300,5.000,0.553,2.763,0.058
74500,5.000,0.561,2.805,0.058
74700,5.000,0.553,2.763,0.059
74900,5.000,0.560,2.793,0.059
75100,5.000,0.560,2.793,0.059
75300,5.000,0.560,2.797,0.059
75500,5.000,0.550,2.748,0.059
75700,5.000,0.550,2.748,0.059
75900,5.000,0.558,2.786,0.060
76100,5.000,0.563,2.813,0.060
76300,5.000,0.553,2.759,0.060
76500,5.000,0.552,2.759,0.060
76700,5.000,0.552,2.759,0.060
76900,5.000,0.562,2.809,0.060
77100,5.000,0.552,2.755,0.061
77300,5.000,0.555,2.774,0.061
77500,5.000,0.555,2.774,0.061
77700,5.000,0.561,2.801,0.061
77900,5.000,0.552,2.755,0.061
78100,5.000,0.556,2.778,0.061
78300,5.000,0.556,2.778,0.062
78500,5.000,0.556,2.778,0.062
78700,5.000,0.553,2.759,0.062
78900,5.000,0.553,2.759,0.062
79100,5.000,0.553,2.763,0.062
79300,5.000,0.561,2.805,0.062
79500,5.000,0.551,2.751,0.062
79700,5.000,0.556,2.778,0.063
79900,5.000,0.556,2.778,0.063
80100,5.000,0.560,2.797,0.063
80300,5.000,0.552,2.759,0.063
80500,5.000,0.557,2.782,0.063
80700,5.000,0.557,2.782,0.063
80900,5.000,0.557,2.782,0.064
81100,5.000,0.553,2.759,0.064
81300,5.000,0.558,2.790,0.064
81500,5.000,0.558,2.790,0.064
81700,5.000,0.555,2.774,0.064
81900,5.000,0.552,2.755,0.064
82100,5.000,0.552,2.755,0.065
82300,5.000,0.557,2.782,0.065
82500,5.000,0.556,2.778,0.065
82700,5.000,0.553,2.763,0.065
82900,5.000,0.553,2.763,0.065
83100,5.000,0.560,2.793,0.065
83300,5.000,0.556,2.778,0.066
83500,5.000,0.552,2.759,0.066
83700,5.000,0.559,2.790,0.066
83900,5.000,0.559,2.790,0.066
84100,5.000,0.554,2.767,0.066
84300,5.000,0.552,2.755,0.066
84500,5.000,0.563,2.816,0.066
84700,5.000,0.563,2.816,0.067
84900,5.000,0.551,2.751,0.067
85100,5.000,0.552,2.759,0.067
85300,5.000,0.552,2.759,0.067
85500,5.000,0.561,2.801,0.067
85700,5.000,0.553,2.763,0.067
85900,5.000,0.550,2.748,0.068
86100,5.000,0.550,2.748,0.068
86300,5.000,0.564,2.813,0.068
86500,5.000,0.552,2.759,0.068
86700,5.000,0.553,2.759,0.068
86900,5.000,0.563,2.809,0.068
87100,5.000,0.563,2.809,0.069
87300,5.000,0.552,2.759,0.069
87500,5.000,0.550,2.748,0.069
87700,5.000,0.550,2.748,0.069
87900,5.000,0.563,2.809,0.069
88100,5.000,0.553,2.759,0.069
88300,5.000,0.552,2.759,0.069
88500,5.000,0.552,2.759,0.070
88700,5.000,0.562,2.809,0.070
88900,5.000,0.550,2.751,0.070
89100,5.000,0.553,2.763,0.070
89300,5.000,0.553,2.763,0.070
89500,5.000,0.560,2.797,0.070
89700,5.000,0.554,2.767,0.071
89900,5.000,0.554,2.767,0.071
90100,5.000,0.563,2.813,0.071
90300,5.000,0.563,2.813,0.071
90500,5.000,0.551,2.751,0.071
90700,5.000,0.553,2.763,0.071
90900,5.000,0.553,2.763,0.072
91100,5.000,0.560,2.797,0.072
91300,5.000,0.553,2.763,0.072
91500,5.000,0.556,2.774,0.072
91700,5.000,0.556,2.774,0.072
91900,5.000,0.560,2.797,0.072
92100,5.000,0.551,2.755,0.072
92300,5.000,0.557,2.782,0.073
92500,5.000,0.557,2.782,0.073
92700,5.000,0.558,2.790,0.073
92900,5.000,0.551,2.751,0.073
93100,5.000,0.551,2.751,0.073
93300,5.000,0.556,2.778,0.073
93500,5.000,0.558,2.790,0.074
93700,5.000,0.553,2.763,0.074
93900,5.000,0.555,2.771,0.074
94100,5.000,0.555,2.771,0.074
94300,5.000,0.560,2.797,0.074
94500,5.000,0.551,2.751,0.074
94700,5.000,0.560,2.797,0.075
94900,5.000,0.560,2.797,0.075
95100,5.000,0.556,2.778,0.075
95300,5.000,0.552,2.755,0.075
95500,5.000,0.559,2.790,0.075
95700,5.000,0.559,2.790,0.075
95900,5.000,0.554,2.767,0.075
96100,5.000,0.553,2.763,0.076
96300,5.000,0.553,2.763,0.076
96500,5.000,0.557,2.782,0.076
96700,5.000,0.558,2.786,0.076
96900,5.000,0.551,2.755,0.076
97100,5.000,0.561,2.801,0.076
97300,5.000,0.561,2.801,0.077
97500,5.000,0.555,2.774,0.077
97700,5.000,0.553,2.763,0.077
97900,5.000,0.558,2.786,0.077
98100,5.000,0.558,2.786,0.077
98300,5.000,0.555,2.774,0.077
98500,5.000,0.553,2.759,0.078
98700,5.000,0.553,2.759,0.078
98900,5.000,0.563,2.813,0.078
99100,5.000,0.552,2.755,0.078
99300,5.000,0.551,2.751,0.078
99500,5.000,0.551,2.751,0.078
99700,5.000,0.559,2.793,0.078
99900,5.000,0.554,2.771,0.079
100100,5.000,0.553,2.763,0.079
100300,5.000,0.553,2.763,0.079
100500,5.000,0.563,2.813,0.079
100700,5.000,0.553,2.759,0.079
100900,5.000,0.551,2.755,0.079
101100,5.000,0.568,2.835,0.080
101300,5.000,0.568,2.835,0.080
101500,5.000,0.551,2.751,0.080
101700,5.000,0.554,2.767,0.080
101900,5.000,0.554,2.767,0.080
102100,5.000,0.563,2.813,0.080
102300,5.000,0.552,2.759,0.081
102500,5.000,0.553,2.763,0.081
102700,5.000,0.553,2.763,0.081
102900,5.000,0.560,2.797,0.081
103100,5.000,0.553,2.759,0.081
103300,5.000,0.551,2.751,0.081
103500,5.000,0.551,2.751,0.081
103700,5.000,0.565,2.820,0.082
103900,5.000,0.552,2.755,0.082
104100,5.000,0.553,2.763,0.082
104300,5.000,0.562,2.805,0.082
104500,5.000,0.562,2.805,0.082
104700,5.000,0.555,2.774,0.082
104900,5.000,0.553,2.759,0.083
105100,5.000,0.553,2.759,0.083
105300,5.000,0.561,2.805,0.083
105500,5.000,0.553,2.759,0.083
105700,5.000,0.555,2.774,0.083
105900,5.000,0.555,2.774,0.083
106100,5.000,0.559,2.790,0.084
106300,5.000,0.552,2.759,0.084
106500,5.000,0.553,2.763,0.084
106700,5.000,0.553,2.763,0.084
106900,5.000,0.561,2.801,0.084
107100,5.000,0.554,2.767,0.084
107300,5.000,0.554,2.767,0.084
107500,5.000,0.555,2.771,0.085
107700,5.000,0.561,2.805,0.085
107900,5.000,0.551,2.751,0.085
108100,5.000,0.558,2.790,0.085
108300,5.000,0.558,2.790,0.085
108500,5.000,0.557,2.782,0.085
108700,5.000,0.553,2.759,0.086
108900,5.000,0.560,2.793,0.086
109100,5.000,0.560,2.793,0.086
109300,5.000,0.555,2.774,0.086
109500,5.000,0.552,2.755,0.086
109700,5.000,0.552,2.755,0.086
109900,5.000,0.561,2.801,0.087
110100,5.000,0.554,2.771,0.087
110300,5.000,0.551,2.751,0.087
110500,5.000,0.551,2.751,0.087
110700,5.000,0.559,2.793,0.087
110900,5.000,0.555,2.771,0.087
111100,5.000,0.552,2.759,0.088
111300,5.000,0.558,2.786,0.088
111500,5.000,0.558,2.786,0.088
111700,5.000,0.556,2.778,0.088
111900,5.000,0.550,2.748,0.088
112100,5.000,0.564,2.816,0.088
112300,5.000,0.564,2.816,0.088
112500,5.000,0.553,2.763,0.089
112700,5.000,0.553,2.763,0.089
112900,5.000,0.553,2.763,0.089
113100,5.000,0.561,2.801,0.089
113300,5.000,0.552,2.759,0.089
113500,5.000,0.552,2.759,0.089
113700,5.000,0.552,2.759,0.090
113900,5.000,0.560,2.797,0.090
114100,5.000,0.556,2.778,0.090
114300,5.000,0.551,2.755,0.090
114500,5.000,0.551,2.755,0.090
114700,5.000,0.564,2.816,0.090
114900,5.000,0.551,2.751,0.091
115100,5.000,0.553,2.763,0.091
115300,5.000,0.561,2.801,0.091
115500,5.000,0.561,2.801,0.091
115700,5.000,0.553,2.763,0.091
115900,5.000,0.552,2.755,0.091
116100,5.000,0.552,2.755,0.092
116300,5.000,0.564,2.816,0.092
116500,5.000,0.552,2.755,0.092
116700,5.000,0.555,2.771,0.092
116900,5.000,0.555,2.771,0.092
117100,5.000,0.560,2.797,0.092
117300,5.000,0.552,2.755,0.092
117500,5.000,0.554,2.771,0.093
117700,5.000,0.554,2.771,0.093
117900,5.000,0.562,2.809,0.093
118100,5.000,0.553,2.759,0.093
118300,5.000,0.550,2.748,0.093
118500,5.000,0.550,2.748,0.093
118700,5.000,0.570,2.851,0.094
118900,5.000,0.551,2.755,0.094
119100,5.000,0.556,2.778,0.094
119300,5.000,0.556,2.778,0.094
119500,5.000,0.559,2.790,0.094
119700,5.000,0.553,2.759,0.094
119900,5.000,0.556,2.778,0.095
120100,5.000,0.556,2.778,0.095
120300,5.000,0.558,2.786,0.095
120500,5.000,0.552,2.755,0.095
120700,5.000,0.552,2.755,0.095
120900,5.000,0.554,2.767,0.095
121100,5.000,0.561,2.801,0.095
121300,5.000,0.552,2.759,0.096
121500,5.000,0.552,2.759,0.096
121700,5.000,0.557,2.782,0.096
121900,5.000,0.558,2.786,0.096
122100,5.000,0.553,2.763,0.096
122300,5.000,0.557,2.782,0.096
122500,5.000,0.557,2.782,0.097
122700,5.000,0.558,2.790,0.097
122900,5.000,0.552,2.755,0.097
123100,5.000,0.560,2.793,0.097
123300,5.000,0.560,2.793,0.097
123500,5.000,0.554,2.771,0.097
123700,5.000,0.552,2.759,0.098
123900,5.000,0.552,2.759,0.098
124100,5.000,0.564,2.816,0.098
124300,5.000,0.552,2.759,0.098
124500,5.000,0.553,2.759,0.098
124700,5.000,0.553,2.759,0.098
124900,5.000,0.560,2.793,0.098
125100,5.000,0.556,2.774,0.099
125300,5.000,0.550,2.748,0.099
125500,5.000,0.560,2.797,0.099
125700,5.000,0.560,2.797,0.099
125900,5.000,0.554,2.767,0.099
126100,5.000,0.553,2.759,0.099
126300,5.000,0.561,2.801,0.100
126500,5.000,0.561,2.801,0.100
126700,5.000,0.553,2.763,0.100
126900,5.000,0.551,2.748,0.100
127100,5.000,0.551,2.748,0.100
127300,5.000,0.563,2.813,0.100
127500,5.000,0.553,2.763,0.101
127700,5.000,0.551,2.751,0.101
127900,5.000,0.551,2.751,0.101
128100,5.000,0.565,2.824,0.101
128300,5.000,0.561,2.801,0.101
128500,5.000,0.561,2.782,0.101
128700,5.000,0.562,2.809,0.102
128900,5.000,0.562,2.809,0.102
129100,5.000,0.553,2.759,0.102
129300,5.000,0.551,2.748,0.102
129500,5.000,0.551,2.748,0.102
129700,5.000,0.564,2.820,0.102
129900,5.000,0.551,2.755,0.102
130100,5.000,0.553,2.763,0.103
130300,5.000,0.553,2.763,0.103
130500,5.000,0.561,2.805,0.103
130700,5.000,0.556,2.782,0.103
130900,5.000,0.555,2.774,0.103
131100,5.000,0.555,2.774,0.103
131300,5.000,0.560,2.797,0.104
131500,5.000,0.553,2.763,0.104
131700,5.000,0.553,2.763,0.104
131900,5.000,0.552,2.755,0.104
132100,5.000,0.563,2.813,0.104
132300,5.000,0.557,2.782,0.104
132500,5.000,0.560,2.797,0.105
132700,5.000,0.560,2.797,0.105
132900,5.000,0.559,2.793,0.105
133100,5.000,0.553,2.763,0.105
133300,5.000,0.554,2.767,0.105
133500,5.000,0.554,2.767,0.105
133700,5.000,0.560,2.797,0.105
133900,5.000,0.554,2.767,0.106
134100,5.000,0.559,2.793,0.106
134300,5.000,0.559,2.793,0.106
134500,5.000,0.557,2.782,0.106
134700,5.000,0.551,2.751,0.106
134900,5.000,0.551,2.751,0.106
135100,5.000,0.555,2.774,0.107
135300,5.000,0.560,2.797,0.107
135500,5.000,0.552,2.759,0.107
135700,5.000,0.553,2.763,0.107
135900,5.000,0.553,2.763,0.107
136100,5.000,0.559,2.790,0.107
136300,5.000,0.551,2.751,0.108
136500,5.000,0.562,2.805,0.108
136700,5.000,0.562,2.805,0.108
136900,5.000,0.555,2.771,0.108
137100,5.000,0.557,2.786,0.108
137300,5.000,0.559,2.793,0.108
137500,5.000,0.559,2.793,0.108
137700,5.000,0.555,2.774,0.109
137900,5.000,0.552,2.755,0.109
138100,5.000,0.552,2.755,0.109
138300,5.000,0.565,2.820,0.109
138500,5.000,0.556,2.778,0.109
138700,5.000,0.552,2.755,0.109
138900,5.000,0.552,2.755,0.110
139100,5.000,0.560,2.793,0.110
139300,5.000,0.555,2.771,0.110
139500,5.000,0.553,2.763,0.110
139700,5.000,0.560,2.793,0.110
139900,5.000,0.560,2.793,0.110
140100,5.000,0.555,2.771,0.111
140300,5.000,0.551,2.755,0.111
140500,5.000,0.551,2.755,0.111
140700,5.000,0.564,2.816,0.111
140900,5.000,0.552,2.755,0.111
141100,5.000,0.556,2.778,0.111
141300,5.000,0.556,2.778,0.111
141500,5.000,0.561,2.801,0.112
141700,5.000,0.552,2.755,0.112
141900,5.000,0.552,2.759,0.112
142100,5.000,0.552,2.759,0.112
142300,5.000,0.564,2.816,0.112
142500,5.000,0.552,2.755,0.112
142700,5.000,0.550,2.748,0.113
142900,5.000,0.562,2.809,0.113
143100,5.000,0.562,2.809,0.113
143300,5.000,0.552,2.755,0.113
143500,5.000,0.553,2.763,0.113
143700,5.000,0.553,2.763,0.113
143900,5.000,0.563,2.809,0.114
144100,5.000,0.553,2.763,0.114
144300,5.000,0.552,2.755,0.114
144500,5.000,0.552,2.755,0.114
144700,5.000,0.561,2.801,0.114
144900,5.000,0.552,2.755,0.114
145100,5.000,0.554,2.767,0.114
145300,5.000,0.554,2.767,0.115
145500,5.000,0.562,2.809,0.115
145700,5.000,0.552,2.759,0.115
145900,5.000,0.552,2.759,0.115
146100,5.000,0.562,2.805,0.115
146300,5.000,0.562,2.805,0.116
146500,5.000,0.552,2.755,0.116
146700,5.000,0.554,2.767,0.116
146900,5.000,0.554,2.767,0.116
147100,5.000,0.560,2.797,0.116
147300,5.000,0.552,2.755,0.116
147500,5.000,0.556,2.778,0.116
147700,5.000,0.556,2.778,0.117
147900,5.000,0.562,2.809,0.117
148100,5.000,0.552,2.759,0.117
148300,5.000,0.559,2.793,0.117
148500,5.000,0.559,2.793,0.117
148700,5.000,0.556,2.774,0.117
148900,5.000,0.552,2.759,0.118
149100,5.000,0.552,2.759,0.118
149300,5.000,0.557,2.782,0.118
149500,5.000,0.559,2.793,0.118
149700,5.000,0.550,2.748,0.118
149900,5.000,0.556,2.782,0.118
150100,5.000,0.556,2.782,0.119
150300,5.000,0.557,2.782,0.119
150500,5.000,0.553,2.763,0.119
150700,5.000,0.565,2.820,0.119
150900,5.000,0.565,2.820,0.119
151100,5.000,0.556,2.782,0.119
151300,5.000,0.550,2.748,0.119
151500,5.000,0.550,2.748,0.120
151700,5.000,0.563,2.809,0.120
151900,5.000,0.554,2.767,0.120
152100,5.000,0.553,2.763,0.120
152300,5.000,0.553,2.763,0.120
152500,5.000,0.560,2.793,0.120
152700,5.000,0.555,2.771,0.121
152900,5.000,0.552,2.755,0.121
153100,5.000,0.560,2.797,0.121
153300,5.000,0.560,2.797,0.121
153500,5.000,0.554,2.767,0.121
153700,5.000,0.551,2.755,0.121
153900,5.000,0.565,2.820,0.122
154100,5.000,0.565,2.820,0.122
154300,5.000,0.552,2.759,0.122
154500,5.000,0.553,2.759,0.122
154700,5.000,0.553,2.759,0.122
154900,5.000,0.562,2.805,0.122
155100,5.000,0.553,2.763,0.122
155300,5.000,0.551,2.751,0.123
155500,5.000,0.551,2.751,0.123
155700,5.000,0.563,2.813,0.123
155900,5.000,0.554,2.767,0.123
156100,5.000,0.553,2.763,0.123
156300,5.000,0.553,2.763,0.123
156500,5.000,0.562,2.809,0.124
156700,5.000,0.552,2.755,0.124
156900,5.000,0.552,2.759,0.124
157100,5.000,0.563,2.809,0.124
157300,5.000,0.563,2.809,0.124
157500,5.000,0.553,2.759,0.124
157700,5.000,0.553,2.763,0.125
157900,5.000,0.553,2.763,0.125
158100,5.000,0.563,2.813,0.125
158300,5.000,0.550,2.744,0.125
158500,5.000,0.557,2.782,0.125
158700,5.000,0.557,2.782,0.125
158900,5.000,0.559,2.793,0.125
159100,5.000,0.553,2.763,0.126
159300,5.000,0.558,2.786,0.126
159500,5.000,0.558,2.786,0.126
159700,5.000,0.565,2.820,0.126
159900,5.000,0.552,2.755,0.126
160100,5.000,0.554,2.763,0.126
160300,5.000,0.559,2.790,0.127
160500,5.000,0.559,2.790,0.127
160700,5.000,0.552,2.755,0.127
160900,5.000,0.556,2.774,0.127
161100,5.000,0.556,2.774,0.127
161300,5.000,0.561,2.797,0.127
161500,5.000,0.553,2.759,0.128
161700,5.000,0.555,2.774,0.128
161900,5.000,0.555,2.774,0.128
162100,5.000,0.558,2.790,0.128
162300,5.000,0.551,2.755,0.128
162500,5.000,0.551,2.755,0.128
162700,5.000,0.556,2.778,0.128
162900,5.000,0.560,2.797,0.129
163100,5.000,0.554,2.767,0.129
163300,5.000,0.554,2.767,0.129
163500,5.000,0.556,2.774,0.129
163700,5.000,0.559,2.790,0.129
163900,5.000,0.551,2.755,0.129
164100,5.000,0.559,2.793,0.130
164300,5.000,0.559,2.793,0.130
164500,5.000,0.557,2.782,0.130
164700,5.000,0.552,2.755,0.130
164900,5.000,0.560,2.797,0.130
165100,5.000,0.560,2.797,0.130
165300,5.000,0.553,2.763,0.131
165500,5.000,0.553,2.767,0.131
165700,5.000,0.553,2.767,0.131
165900,5.000,0.563,2.809,0.131
166100,5.000,0.553,2.763,0.131
166300,5.000,0.551,2.751,0.131
166500,5.000,0.551,2.751,0.131
166700,5.000,0.562,2.805,0.132
166900,5.000,0.554,2.771,0.132
167100,5.000,0.552,2.759,0.132
167300,5.000,0.558,2.786,0.132
167500,5.000,0.558,2.786,0.132
167700,5.000,0.555,2.771,0.132
167900,5.000,0.552,2.755,0.133
168100,5.000,0.563,2.813,0.133
168300,5.000,0.563,2.813,0.133
168500,5.000,0.553,2.763,0.133
168700,5.000,0.549,2.744,0.133
168900,5.000,0.549,2.744,0.133
169100,5.000,0.563,2.813,0.134
169300,5.000,0.552,2.755,0.134
169500,5.000,0.554,2.767,0.134
169700,5.000,0.554,2.767,0.134
169900,5.000,0.563,2.813,0.134
170100,5.000,0.552,2.759,0.134
170300,5.000,0.551,2.751,0.134
170500,5.000,0.551,2.751,0.135
170700,5.000,0.562,2.809,0.135
170900,5.000,0.551,2.748,0.135
171100,5.000,0.552,2.755,0.135
171300,5.000,0.563,2.813,0.135
171500,5.000,0.563,2.813,0.135
171700,5.000,0.552,2.755,0.136
171900,5.000,0.553,2.763,0.136
172100,5.000,0.553,2.763,0.136
172300,5.000,0.560,2.797,0.136
172500,5.000,0.554,2.767,0.136
172700,5.000,0.554,2.767,0.136
172900,5.000,0.554,2.767,0.137
173100,5.000,0.561,2.801,0.137
173300,5.000,0.551,2.751,0.137
173500,5.000,0.551,2.751,0.137
173700,5.000,0.553,2.767,0.137
173900,5.000,0.562,2.805,0.137
174100,5.000,0.551,2.755,0.138
174300,5.000,0.553,2.763,0.138
174500,5.000,0.553,2.763,0.138
174700,5.000,0.560,2.793,0.138
174900,5.000,0.552,2.759,0.138
175100,5.000,0.555,2.774,0.138
175300,5.000,0.555,2.774,0.138
175500,5.000,0.560,2.797,0.139
175700,5.000,0.550,2.748,0.139
175900,5.000,0.559,2.793,0.139
176100,5.000,0.559,2.793,0.139
176300,5.000,0.555,2.774,0.139
176500,5.000,0.554,2.763,0.139
176700,5.000,0.554,2.763,0.140
176900,5.000,0.555,2.774,0.140
177100,5.000,0.561,2.801,0.140
177300,5.000,0.550,2.748,0.140
177500,5.000,0.550,2.748,0.140
177700,5.000,0.555,2.774,0.140
177900,5.000,0.563,2.813,0.141
178100,5.000,0.552,2.755,0.141
178300,5.000,0.561,2.801,0.141
178500,5.000,0.561,2.801,0.141
178700,5.000,0.555,2.771,0.141
178900,5.000,0.552,2.755,0.141
179100,5.000,0.559,2.790,0.141
179300,5.000,0.559,2.790,0.142
179500,5.000,0.555,2.774,0.142
179700,5.000,0.551,2.751,0.142
179900,5.000,0.551,2.751,0.142
180100,5.000,0.564,2.816,0.142
180300,5.000,0.550,2.748,0.142
180500,5.000,0.554,2.767,0.143
180700,5.000,0.554,2.767,0.143
180900,5.000,0.558,2.786,0.143
181100,5.000,0.556,2.778,0.143
181300,5.000,0.551,2.751,0.143
181500,5.000,0.562,2.809,0.143
181700,5.000,0.562,2.809,0.144
181900,5.000,0.554,2.767,0.144
182100,5.000,0.551,2.751,0.144
182300,5.000,0.564,2.816,0.144
182500,5.000,0.564,2.816,0.144
182700,5.000,0.551,2.751,0.144
182900,5.000,0.553,2.759,0.144
183100,5.000,0.553,2.759,0.145
183300,5.000,0.562,2.809,0.145
183500,5.000,0.554,2.767,0.145
183700,5.000,0.551,2.751,0.145
183900,5.000,0.551,2.751,0.145
184100,5.000,0.565,2.820,0.145
184300,5.000,0.551,2.748,0.146
184500,5.000,0.551,2.748,0.146
184700,5.000,0.561,2.805,0.146
184900,5.000,0.561,2.805,0.146
185100,5.000,0.553,2.759,0.146
185300,5.000,0.551,2.755,0.146
185500,5.000,0.551,2.755,0.147
185700,5.000,0.563,2.813,0.147
185900,5.000,0.551,2.751,0.147
186100,5.000,0.552,2.755,0.147
186300,5.000,0.552,2.755,0.147
186500,5.000,0.561,2.805,0.147
186700,5.000,0.551,2.755,0.148
186900,5.000,0.557,2.782,0.148
187100,5.000,0.557,2.782,0.148
187300,5.000,0.558,2.786,0.148
187500,5.000,0.554,2.767,0.148
187700,5.000,0.554,2.767,0.148
187900,5.000,0.551,2.751,0.148
188100,5.000,0.562,2.805,0.149
188300,5.000,0.552,2.759,0.149
188500,5.000,0.554,2.771,0.149
188700,5.000,0.554,2.771,0.149
188900,5.000,0.559,2.793,0.149
189100,5.000,0.553,2.763,0.149
189300,5.000,0.555,2.771,0.150
189500,5.000,0.555,2.771,0.150
189700,5.000,0.558,2.790,0.150
189900,5.000,0.552,2.759,0.150
190100,5.000,0.558,2.790,0.150
190300,5.000,0.558,2.790,0.150
190500,5.000,0.557,2.782,0.151
190700,5.000,0.552,2.755,0.151
190900,5.000,0.552,2.755,0.151
191100,5.000,0.557,2.782,0.151
191300,5.000,0.559,2.790,0.151
191500,5.000,0.552,2.755,0.151
191700,5.000,0.557,2.782,0.152
191900,5.000,0.557,2.782,0.152
192100,5.000,0.558,2.786,0.152
192300,5.000,0.552,2.755,0.152
192500,5.000,0.564,2.820,0.152
192700,5.000,0.564,2.820,0.152
192900,5.000,0.555,2.771,0.152
193100,5.000,0.551,2.751,0.153
193300,5.000,0.562,2.809,0.153
193500,5.000,0.562,2.809,0.153
193700,5.000,0.554,2.767,0.153
193900,5.000,0.553,2.759,0.153
194100,5.000,0.553,2.759,0.153
194300,5.000,0.559,2.790,0.154
194500,5.000,0.556,2.782,0.154
194700,5.000,0.551,2.751,0.154
194900,5.000,0.551,2.751,0.154
195100,5.000,0.561,2.801,0.154
195300,5.000,0.553,2.763,0.154
195500,5.000,0.552,2.759,0.155
195700,5.000,0.563,2.813,0.155
195900,5.000,0.563,2.813,0.155
196100,5.000,0.554,2.763,0.155
196300,5.000,0.552,2.755,0.155
196500,5.000,0.552,2.755,0.155
196700,5.000,0.562,2.809,0.155
196900,5.000,0.553,2.763,0.156
197100,5.000,0.551,2.751,0.156
197300,5.000,0.551,2.751,0.156
197500,5.000,0.564,2.816,0.156
197700,5.000,0.552,2.759,0.156
197900,5.000,0.553,2.763,0.156
198100,5.000,0.553,2.763,0.157
198300,5.000,0.561,2.801,0.157
198500,5.000,0.552,2.755,0.157
198700,5.000,0.551,2.751,0.157
198900,5.000,0.564,2.816,0.157
199100,5.000,0.564,2.816,0.157
199300,5.000,0.551,2.751,0.158
199500,5.000,0.553,2.763,0.158
199700,5.000,0.553,2.763,0.158
199900,5.000,0.562,2.805,0.158
200100,5.000,0.551,2.755,0.158
200300,5.000,0.553,2.763,0.158
200500,5.000,0.553,2.763,0.158
200700,5.000,0.561,2.805,0.159
200900,5.000,0.552,2.759,0.159
201100,5.000,0.552,2.755,0.159
201300,5.000,0.552,2.755,0.159
201500,5.000,0.564,2.820,0.159
201700,5.000,0.551,2.755,0.159
201900,5.000,0.551,2.755,0.160
202100,5.000,0.559,2.793,0.160
202300,5.000,0.559,2.793,0.160
202500,5.000,0.553,2.759,0.160
202700,5.000,0.556,2.778,0.160
202900,5.000,0.556,2.778,0.160
203100,5.000,0.561,2.801,0.161
203300,5.000,0.552,2.755,0.161
203500,5.000,0.556,2.778,0.161
203700,5.000,0.556,2.778,0.161
203900,5.000,0.557,2.782,0.161
204100,5.000,0.552,2.755,0.161
204300,5.000,0.560,2.797,0.161
204500,5.000,0.560,2.797,0.162
204700,5.000,0.555,2.771,0.162
204900,5.000,0.552,2.759,0.162
205100,5.000,0.552,2.759,0.162
205300,5.000,0.553,2.763,0.162
205500,5.000,0.559,2.793,0.162
205700,5.000,0.551,2.751,0.163
205900,5.000,0.560,2.797,0.163
206100,5.000,0.560,2.797,0.163
206300,5.000,0.556,2.774,0.163
206500,5.000,0.552,2.759,0.163
206700,5.000,0.558,2.786,0.163
206900,5.000,0.558,2.786,0.164
207100,5.000,0.560,2.801,0.164
207300,5.000,0.552,2.755,0.164
207500,5.000,0.552,2.755,0.164
207700,5.000,0.562,2.809,0.164
207900,5.000,0.551,2.751,0.164
208100,5.000,0.551,2.755,0.164
208300,5.000,0.551,2.755,0.165
208500,5.000,0.561,2.801,0.165
208700,5.000,0.554,2.767,0.165
208900,5.000,0.552,2.755,0.165
209100,5.000,0.560,2.797,0.165
209300,5.000,0.560,2.797,0.165
209500,5.000,0.553,2.763,0.166
209700,5.000,0.551,2.751,0.166
209900,5.000,0.564,2.820,0.166
210100,5.000,0.564,2.820,0.166
210300,5.000,0.551,2.755,0.166
210500,5.000,0.550,2.748,0.166
210700,5.000,0.550,2.748,0.167
210900,5.000,0.562,2.805,0.167
211100,5.000,0.554,2.767,0.167
211300,5.000,0.553,2.759,0.167
211500,5.000,0.553,2.759,0.167
211700,5.000,0.563,2.809,0.167
211900,5.000,0.552,2.759,0.167
212100,5.000,0.551,2.751,0.168
212300,5.000,0.551,2.751,0.168
212500,5.000,0.562,2.809,0.168
212700,5.000,0.551,2.751,0.168
212900,5.000,0.552,2.759,0.168
213100,5.000,0.563,2.809,0.168
213300,5.000,0.563,2.809,0.169
213500,5.000,0.552,2.759,0.169
213700,5.000,0.551,2.755,0.169
213900,5.000,0.551,2.755,0.169
214100,5.000,0.562,2.805,0.169
214300,5.000,0.552,2.755,0.169
214500,5.000,0.555,2.774,0.170
214700,5.000,0.555,2.774,0.170
214900,5.000,0.560,2.793,0.170
215100,5.000,0.551,2.751,0.170
215300,5.000,0.551,2.759,0.170
215500,5.000,0.553,2.759,0.170
215700,5.000,0.561,2.801,0.170
215900,5.000,0.551,2.755,0.171
216100,5.000,0.554,2.767,0.171
216300,5.000,0.554,2.767,0.171
216500,5.000,0.560,2.797,0.171
216700,5.000,0.551,2.755,0.171
216900,5.000,0.556,2.778,0.171
217100,5.000,0.556,2.778,0.172
217300,5.000,0.559,2.790,0.172
217500,5.000,0.551,2.751,0.172
217700,5.000,0.564,2.820,0.172
217900,5.000,0.564,2.820,0.172
218100,5.000,0.558,2.786,0.172
218300,5.000,0.552,2.755,0.173
218500,5.000,0.552,2.755,0.173
218700,5.000,0.554,2.767,0.173
218900,5.000,0.560,2.797,0.173
219100,5.000,0.551,2.748,0.173
219300,5.000,0.551,2.748,0.173
219500,5.000,0.557,2.782,0.173
219700,5.000,0.556,2.778,0.174
219900,5.000,0.552,2.759,0.174
220100,5.000,0.558,2.790,0.174
220300,5.000,0.558,2.790,0.174
220500,5.000,0.556,2.778,0.174
220700,5.000,0.551,2.751,0.174
220900,5.000,0.574,2.866,0.175
221100,5.000,0.574,2.866,0.175
221300,5.000,0.554,2.771,0.175
221500,5.000,0.552,2.755,0.175
221700,5.000,0.552,2.755,0.175
221900,5.000,0.568,2.835,0.175
222100,5.000,0.553,2.759,0.176
222300,5.000,0.553,2.759,0.176
222500,5.000,0.553,2.759,0.176
222700,5.000,0.559,2.790,0.176
222900,5.000,0.555,2.771,0.176
223100,5.000,0.551,2.751,0.176
223300,5.000,0.559,2.790,0.177
223500,5.000,0.559,2.790,0.177
223700,5.000,0.553,2.759,0.177
223900,5.000,0.553,2.763,0.177
224100,5.000,0.561,2.805,0.177
224300,5.000,0.561,2.805,0.177
224500,5.000,0.552,2.755,0.178
224700,5.000,0.551,2.751,0.178
224900,5.000,0.551,2.751,0.178
225100,5.000,0.563,2.813,0.178
225300,5.000,0.552,2.755,0.178
225500,5.000,0.551,2.751,0.178
225700,5.000,0.551,2.751,0.178
225900,5.000,0.564,2.816,0.179
226100,5.000,0.551,2.751,0.179
226300,5.000,0.551,2.751,0.179
226500,5.000,0.561,2.801,0.179
226700,5.000,0.561,2.801,0.179
226900,5.000,0.553,2.763,0.179
227100,5.000,0.551,2.751,0.180
227300,5.000,0.551,2.751,0.180
227500,5.000,0.564,2.816,0.180
227700,5.000,0.550,2.748,0.180
227900,5.000,0.554,2.767,0.180
228100,5.000,0.554,2.767,0.180
228300,5.000,0.559,2.793,0.181
228500,5.000,0.553,2.763,0.181
228700,5.000,0.556,2.774,0.181
228900,5.000,0.556,2.774,0.181
229100,5.000,0.559,2.790,0.181
229300,5.000,0.552,2.755,0.181
229500,5.000,0.552,2.755,0.181
229700,5.000,0.551,2.755,0.182
229900,5.000,0.562,2.805,0.182
230100,5.000,0.551,2.751,0.182
230300,5.000,0.554,2.771,0.182
230500,5.000,0.554,2.771,0.182
230700,5.000,0.558,2.790,0.182
230900,5.000,0.554,2.767,0.183
231100,5.000,0.553,2.763,0.183
231300,5.000,0.553,2.763,0.183
231500,5.000,0.559,2.793,0.183
231700,5.000,0.550,2.748,0.183
231900,5.000,0.560,2.797,0.183
232100,5.000,0.560,2.797,0.184
232300,5.000,0.556,2.774,0.184
232500,5.000,0.552,2.755,0.184
232700,5.000,0.552,2.755,0.184
232900,5.000,0.556,2.774,0.184
233100,5.000,0.559,2.793,0.184
233300,5.000,0.551,2.755,0.184
233500,5.000,0.557,2.782,0.185
233700,5.000,0.557,2.782,0.185
233900,5.000,0.557,2.786,0.185
234100,5.000,0.551,2.751,0.185
234300,5.000,0.561,2.801,0.185
234500,5.000,0.561,2.801,0.185
234700,5.000,0.553,2.759,0.186
234900,5.000,0.552,2.759,0.186
235100,5.000,0.559,2.793,0.186
235300,5.000,0.559,2.793,0.186
235500,5.000,0.555,2.771,0.186
235700,5.000,0.552,2.755,0.186
235900,5.000,0.552,2.755,0.187
236100,5.000,0.559,2.793,0.187
236300,5.000,0.556,2.774,0.187
236500,5.000,0.552,2.759,0.187
236700,5.000,0.552,2.759,0.187
236900,5.000,0.558,2.790,0.187
237100,5.000,0.554,2.767,0.188
237300,5.000,0.551,2.751,0.188
237500,5.000,0.560,2.801,0.188
237700,5.000,0.560,2.801,0.188
237900,5.000,0.555,2.771,0.188
238100,5.000,0.551,2.751,0.188
238300,5.000,0.551,2.751,0.188
238500,5.000,0.563,2.813,0.189
238700,5.000,0.550,2.744,0.189
238900,5.000,0.553,2.763,0.189
239100,5.000,0.553,2.763,0.189
239300,5.000,0.563,2.809,0.189
239500,5.000,0.552,2.759,0.189
239700,5.000,0.552,2.755,0.190
239900,5.000,0.552,2.755,0.190
240100,5.000,0.562,2.809,0.190
240300,5.000,0.552,2.755,0.190
240500,5.000,0.551,2.751,0.190
240700,5.000,0.563,2.813,0.190
240900,5.000,0.563,2.813,0.191
241100,5.000,0.551,2.751,0.191
241300,5.000,0.553,2.759,0.191
241500,5.000,0.553,2.759,0.191
241700,5.000,0.561,2.801,0.191
241900,5.000,0.552,2.755,0.191
242100,5.000,0.553,2.763,0.191
242300,5.000,0.553,2.763,0.192
242500,5.000,0.561,2.801,0.192
242700,5.000,0.551,2.751,0.192
242900,5.000,0.552,2.755,0.192
243100,5.000,0.552,2.755,0.192
243300,5.000,0.562,2.809,0.192
243500,5.000,0.552,2.759,0.193
243700,5.000,0.552,2.759,0.193
243900,5.000,0.553,2.763,0.193
244100,5.000,0.559,2.793,0.193
244300,5.000,0.551,2.751,0.193
244500,5.000,0.554,2.767,0.193
244700,5.000,0.554,2.767,0.194
244900,5.000,0.559,2.793,0.194
245100,5.000,0.551,2.751,0.194
245300,5.000,0.557,2.782,0.194
245500,5.000,0.557,2.782,0.194
245700,5.000,0.556,2.774,0.194
245900,5.000,0.552,2.759,0.194
246100,5.000,0.560,2.797,0.195
246300,5.000,0.560,2.797,0.195
246500,5.000,0.556,2.774,0.195
246700,5.000,0.552,2.755,0.195
246900,5.000,0.552,2.755,0.195
247100,5.000,0.555,2.771,0.195
247300,5.000,0.559,2.790,0.196
247500,5.000,0.551,2.751,0.196
247700,5.000,0.558,2.790,0.196
247900,5.000,0.558,2.790,0.196
248100,5.000,0.556,2.774,0.196
248300,5.000,0.553,2.759,0.196
248500,5.000,0.558,2.786,0.197
248700,5.000,0.558,2.786,0.197
248900,5.000,0.555,2.774,0.197
249100,5.000,0.551,2.748,0.197
249300,5.000,0.551,2.748,0.197
249500,5.000,0.564,2.816,0.197
249700,5.000,0.551,2.751,0.197
249900,5.000,0.552,2.755,0.198
250100,5.000,0.552,2.755,0.198
250300,5.000,0.560,2.797,0.198
250500,5.000,0.555,2.771,0.198
250700,5.000,0.551,2.751,0.198
250900,5.000,0.551,2.751,0.198
251100,5.000,0.560,2.797,0.199
251300,5.000,0.553,2.759,0.199
251500,5.000,0.552,2.755,0.199
251700,5.000,0.564,2.816,0.199
251900,5.000,0.564,2.816,0.199
252100,5.000,0.552,2.755,0.199
252300,5.000,0.552,2.755,0.200
252500,5.000,0.552,2.755,0.200
252700,5.000,0.561,2.801,0.200
252900,5.000,0.553,2.763,0.200
253100,5.000,0.552,2.759,0.200
253300,5.000,0.552,2.759,0.200
253500,5.000,0.563,2.813,0.200
253700,5.000,0.552,2.755,0.201
253900,5.000,0.552,2.755,0.201
254100,5.000,0.552,2.755,0.201
254300,5.000,0.562,2.805,0.201
254500,5.000,0.552,2.759,0.201
254700,5.000,0.552,2.759,0.201
254900,5.000,0.563,2.813,0.202
255100,5.000,0.563,2.813,0.202
255300,5.000,0.553,2.763,0.202
255500,5.000,0.551,2.751,0.202
255700,5.000,0.551,2.751,0.202
255900,5.000,0.565,2.820,0.202
256100,5.000,0.551,2.751,0.203
256300,5.000,0.557,2.782,0.203
256500,5.000,0.557,2.782,0.203
256700,5.000,0.559,2.793,0.203
256900,5.000,0.552,2.759,0.203
257100,5.000,0.553,2.759,0.203
257300,5.000,0.553,2.759,0.203
257500,5.000,0.563,2.813,0.204
257700,5.000,0.552,2.755,0.204
257900,5.000,0.552,2.755,0.204
258100,5.000,0.559,2.793,0.204
258300,5.000,0.559,2.793,0.204
258500,5.000,0.553,2.759,0.204
258700,5.000,0.556,2.778,0.205
258900,5.000,0.556,2.778,0.205
259100,5.000,0.559,2.790,0.205
259300,5.000,0.553,2.759,0.205
259500,5.000,0.556,2.778,0.205
259700,5.000,0.556,2.778,0.205
259900,5.000,0.559,2.793,0.206
260100,5.000,0.550,2.748,0.206
260300,5.000,0.550,2.748,0.206
260500,5.000,0.560,2.793,0.206
260700,5.000,0.556,2.778,0.206
260900,5.000,0.553,2.759,0.206
261100,5.000,0.553,2.759,0.206
261300,5.000,0.556,2.778,0.207
261500,5.000,0.558,2.786,0.207
261700,5.000,0.552,2.759,0.207
261900,5.000,0.559,2.790,0.207
262100,5.000,0.559,2.790,0.207
262300,5.000,0.556,2.778,0.207
262500,5.000,0.552,2.755,0.208
262700,5.000,0.560,2.797,0.208
262900,5.000,0.560,2.797,0.208
263100,5.000,0.553,2.763,0.208
263300,5.000,0.553,2.763,0.208
263500,5.000,0.553,2.763,0.208
263700,5.000,0.562,2.809,0.209
263900,5.000,0.553,2.759,0.209
264100,5.000,0.552,2.759,0.209
264300,5.000,0.552,2.759,0.209
264500,5.000,0.560,2.793,0.209
264700,5.000,0.554,2.767,0.209
264900,5.000,0.551,2.755,0.209
265100,5.000,0.560,2.793,0.210
265300,5.000,0.560,2.793,0.210
265500,5.000,0.555,2.774,0.210
265700,5.000,0.554,2.767,0.210
265900,5.000,0.562,2.805,0.210
266100,5.000,0.562,2.805,0.210
266300,5.000,0.552,2.755,0.211
266500,5.000,0.551,2.751,0.211
266700,5.000,0.551,2.751,0.211
266900,5.000,0.564,2.816,0.211
267100,5.000,0.552,2.755,0.211
267300,5.000,0.552,2.759,0.211
267500,5.000,0.552,2.759,0.212
267700,5.000,0.562,2.809,0.212
267900,5.000,0.552,2.759,0.212
268100,5.000,0.552,2.755,0.212
268300,5.000,0.552,2.755,0.212
268500,5.000,0.562,2.809,0.212
268700,5.000,0.552,2.755,0.213
268900,5.000,0.552,2.755,0.213
269100,5.000,0.563,2.813,0.213
269300,5.000,0.563,2.813,0.213
269500,5.000,0.552,2.755,0.213
269700,5.000,0.554,2.767,0.213
269900,5.000,0.554,2.767,0.213
270100,5.000,0.559,2.793,0.214
270300,5.000,0.553,2.759,0.214
270500,5.000,0.556,2.774,0.214
270700,5.000,0.556,2.774,0.214
270900,5.000,0.561,2.801,0.214
271100,5.000,0.552,2.759,0.214
271300,5.000,0.552,2.759,0.215
271500,5.000,0.553,2.763,0.215
271700,5.000,0.561,2.801,0.215
271900,5.000,0.552,2.759,0.215
272100,5.000,0.555,2.771,0.215
272300,5.000,0.555,2.771,0.215
272500,5.000,0.561,2.801,0.216
272700,5.000,0.553,2.759,0.216
272900,5.000,0.555,2.771,0.216
273100,5.000,0.555,2.771,0.216
273300,5.000,0.559,2.790,0.216
273500,5.000,0.551,2.751,0.216
273700,5.000,0.561,2.801,0.216
273900,5.000,0.561,2.801,0.217
274100,5.000,0.555,2.771,0.217
274300,5.000,0.552,2.759,0.217
274500,5.000,0.552,2.759,0.217
274700,5.000,0.553,2.763,0.217
274900,5.000,0.561,2.805,0.217
275100,5.000,0.550,2.748,0.218
275300,5.000,0.550,2.748,0.218
275500,5.000,0.559,2.790,0.218
275700,5.000,0.556,2.774,0.218
275900,5.000,0.552,2.755,0.218
276100,5.000,0.567,2.832,0.218
276300,5.000,0.567,2.832,0.219
276500,5.000,0.555,2.771,0.219
276700,5.000,0.552,2.755,0.219
276900,5.000,0.561,2.801,0.219
277100,5.000,0.561,2.801,0.219
277300,5.000,0.555,2.771,0.219
277500,5.000,0.552,2.759,0.220
277700,5.000,0.552,2.759,0.220
277900,5.000,0.563,2.813,0.220
278100,5.000,0.551,2.751,0.220
278300,5.000,0.553,2.763,0.220
278500,5.000,0.553,2.763,0.220
278700,5.000,0.558,2.790,0.220
278900,5.000,0.555,2.774,0.221
279100,5.000,0.551,2.755,0.221
279300,5.000,0.562,2.805,0.221
279500,5.000,0.562,2.805,0.221
279700,5.000,0.553,2.763,0.221
279900,5.000,0.552,2.759,0.221
280100,5.000,0.562,2.809,0.222
280300,5.000,0.562,2.809,0.222
280500,5.000,0.551,2.751,0.222
280700,5.000,0.552,2.759,0.222
280900,5.000,0.552,2.759,0.222
281100,5.000,0.563,2.813,0.222
281300,5.000,0.554,2.763,0.223
281500,5.000,0.550,2.751,0.223
281700,5.000,0.550,2.751,0.223
281900,5.000,0.563,2.809,0.223
282100,5.000,0.550,2.748,0.223
282300,5.000,0.550,2.748,0.223
282500,5.000,0.562,2.805,0.224
282700,5.000,0.562,2.805,0.224
282900,5.000,0.553,2.763,0.224
283100,5.000,0.553,2.759,0.224
283300,5.000,0.553,2.759,0.224
283500,5.000,0.563,2.809,0.224
283700,5.000,0.551,2.751,0.224
283900,5.000,0.555,2.771,0.225
284100,5.000,0.555,2.771,0.225
284300,5.000,0.561,2.805,0.225
284500,5.000,0.551,2.751,0.225
284700,5.000,0.556,2.774,0.225
284900,5.000,0.556,2.774,0.225
