300,5.000,0.535,2.671,0.000
500,5.000,0.517,2.584,0.000
700,5.000,0.517,2.584,0.000
900,5.000,0.535,2.675,0.000
1100,5.000,0.534,2.667,0.000
1300,5.000,0.535,2.675,0.000
1500,5.000,0.535,2.675,0.000
1700,5.000,0.535,2.671,0.001
1900,5.000,0.534,2.664,0.001
2100,5.000,0.536,2.679,0.001
2300,5.000,0.536,2.675,0.001
2500,5.000,0.536,2.675,0.001
2700,5.000,0.537,2.683,0.001
2900,5.000,0.536,2.675,0.002
3100,5.000,0.536,2.675,0.002
3300,5.000,0.536,2.675,0.002
3500,5.000,0.535,2.671,0.002
3700,5.000,0.534,2.667,0.002
3900,5.000,0.534,2.667,0.002
4100,5.000,0.537,2.683,0.003
4300,5.000,0.536,2.675,0.003
4500,5.000,0.537,2.683,0.003
4700,5.000,0.537,2.683,0.003
4900,5.000,0.537,2.683,0.003
5100,5.000,0.535,2.675,0.003
5300,5.000,0.535,2.671,0.003
5500,5.000,0.535,2.671,0.004
5700,5.000,0.531,2.652,0.004
5900,5.000,0.529,2.645,0.004
6100,5.000,0.533,2.664,0.004
6300,5.000,0.528,2.637,0.004
6500,5.000,0.528,2.637,0.004
6700,5.000,0.531,2.652,0.005
6900,5.000,0.529,2.645,0.005
7100,5.000,0.531,2.656,0.005
7300,5.000,0.531,2.656,0.005
7500,5.000,0.529,2.645,0.005
7700,5.000,0.531,2.652,0.005
7900,5.000,0.526,2.629,0.005
8100,5.000,0.526,2.629,0.006
8300,5.000,0.531,2.656,0.006
8500,5.000,0.532,2.656,0.006
8700,5.000,0.525,2.626,0.006
8900,5.000,0.531,2.652,0.006
9100,5.000,0.531,2.652,0.006
9300,5.000,0.533,2.660,0.007
9500,5.000,0.528,2.641,0.007
9700,5.000,0.528,2.641,0.007
9900,5.000,0.529,2.645,0.007
10100,5.000,0.533,2.664,0.007
10300,5.000,0.526,2.629,0.007
10500,5.000,0.526,2.629,0.007
10700,5.000,0.531,2.652,0.008
10900,5.000,0.532,2.656,0.008
11100,5.000,0.532,2.660,0.008
11300,5.000,0.528,2.637,0.008
11500,5.000,0.528,2.637,0.008
11700,5.000,0.531,2.652,0.008
11900,5.000,0.530,2.645,0.009
12100,5.000,0.531,2.648,0.009
12300,5.000,0.531,2.648,0.009
12500,5.000,0.534,2.667,0.009
12700,5.000,0.528,2.641,0.009
12900,5.000,0.528,2.641,0.009
13100,5.000,0.528,2.641,0.009
13300,5.000,0.529,2.645,0.010
13500,5.000,0.532,2.656,0.010
13700,5.000,0.525,2.622,0.010
13900,5.000,0.525,2.622,0.010
14100,5.000,0.532,2.660,0.010
14300,5.000,0.529,2.641,0.010
14500,5.000,0.528,2.637,0.010
14700,5.000,0.528,2.637,0.011
14900,5.000,0.527,2.633,0.011
15100,5.000,0.533,2.664,0.011
15300,5.000,0.533,2.664,0.011
15500,5.000,0.529,2.645,0.011
15700,5.000,0.529,2.645,0.011
15900,5.000,0.532,2.656,0.012
16100,5.000,0.527,2.629,0.012
16300,5.000,0.527,2.629,0.012
16500,5.000,0.531,2.652,0.012
16700,5.000,0.531,2.652,0.012
16900,5.000,0.529,2.641,0.012
17100,5.000,0.529,2.641,0.012
17300,5.000,0.526,2.629,0.013
17500,5.000,0.533,2.660,0.013
17700,5.000,0.529,2.641,0.013
17900,5.000,0.529,2.641,0.013
18100,5.000,0.529,2.641,0.013
18300,5.000,0.531,2.652,0.013
18500,5.000,0.531,2.652,0.014
18700,5.000,0.528,2.637,0.014
18900,5.000,0.528,2.637,0.014
19100,5.000,0.534,2.664,0.014
19300,5.000,0.530,2.645,0.014
19500,5.000,0.530,2.645,0.014
19700,5.000,0.527,2.633,0.014
19900,5.000,0.529,2.641,0.015
20100,5.000,0.529,2.645,0.015
20300,5.000,0.528,2.637,0.015
20500,5.000,0.528,2.637,0.015
20700,5.000,0.528,2.637,0.015
20900,5.000,0.533,2.660,0.015
21100,5.000,0.526,2.626,0.016
21300,5.000,0.526,2.626,0.016
21500,5.000,0.530,2.645,0.016
21700,5.000,0.529,2.641,0.016
21900,5.000,0.527,2.633,0.016
22100,5.000,0.527,2.633,0.016
22300,5.000,0.531,2.652,0.016
22500,5.000,0.531,2.656,0.017
22700,5.000,0.527,2.633,0.017
22900,5.000,0.531,2.652,0.017
23100,5.000,0.531,2.652,0.017
23300,5.000,0.534,2.667,0.017
23500,5.000,0.526,2.629,0.017
23700,5.000,0.526,2.629,0.018
23900,5.000,0.530,2.645,0.018
24100,5.000,0.532,2.656,0.018
24300,5.000,0.528,2.641,0.018
24500,5.000,0.528,2.641,0.018
24700,5.000,0.529,2.645,0.018
24900,5.000,0.533,2.660,0.019
25100,5.000,0.530,2.645,0.019
25300,5.000,0.530,2.648,0.019
25500,5.000,0.530,2.648,0.019
25700,5.000,0.532,2.656,0.019
25900,5.000,0.530,2.648,0.019
26100,5.000,0.530,2.648,0.019
26300,5.000,0.530,2.648,0.020
26500,5.000,0.530,2.648,0.020
26700,5.000,0.531,2.648,0.020
26900,5.000,0.531,2.648,0.020
27100,5.000,0.528,2.637,0.020
27300,5.000,0.530,2.648,0.020
27500,5.000,0.529,2.645,0.020
27700,5.000,0.528,2.637,0.021
27900,5.000,0.528,2.637,0.021
28100,5.000,0.529,2.645,0.021
28300,5.000,0.532,2.652,0.021
28500,5.000,0.527,2.633,0.021
28700,5.000,0.527,2.633,0.021
28900,5.000,0.530,2.648,0.022
29100,5.000,0.530,2.648,0.022
29300,5.000,0.527,2.633,0.022
29500,5.000,0.529,2.641,0.022
29700,5.000,0.529,2.641,0.022
29900,5.000,0.534,2.667,0.022
30100,5.000,0.528,2.637,0.022
30300,5.000,0.528,2.637,0.023
30500,5.000,0.530,2.648,0.023
30700,5.000,0.533,2.664,0.023
30900,5.000,0.526,2.629,0.023
31100,5.000,0.526,2.629,0.023
31300,5.000,0.530,2.648,0.023
31500,5.000,0.532,2.660,0.024
31700,5.000,0.532,2.656,0.024
31900,5.000,0.530,2.648,0.024
32100,5.000,0.530,2.648,0.024
32300,5.000,0.533,2.664,0.024
32500,5.000,0.531,2.652,0.024
32700,5.000,0.530,2.648,0.024
32900,5.000,0.530,2.648,0.025
33100,5.000,0.532,2.660,0.025
33300,5.000,0.531,2.652,0.025
33500,5.000,0.531,2.652,0.025
33700,5.000,0.528,2.637,0.025
33900,5.000,0.530,2.648,0.025
34100,5.000,0.531,2.656,0.026
34300,5.000,0.527,2.633,0.026
34500,5.000,0.527,2.633,0.026
34700,5.000,0.531,2.652,0.026
34900,5.000,0.530,2.648,0.026
35100,5.000,0.529,2.641,0.026
35300,5.000,0.529,2.641,0.026
35500,5.000,0.530,2.648,0.027
35700,5.000,0.532,2.656,0.027
35900,5.000,0.532,2.656,0.027
36100,5.000,0.527,2.633,0.027
36300,5.000,0.535,2.671,0.027
36500,5.000,0.534,2.667,0.027
36700,5.000,0.529,2.645,0.028
36900,5.000,0.529,2.645,0.028
37100,5.000,0.531,2.656,0.028
37300,5.000,0.533,2.664,0.028
37500,5.000,0.527,2.629,0.028
37700,5.000,0.527,2.629,0.028
37900,5.000,0.529,2.645,0.028
38100,5.000,0.530,2.648,0.029
38300,5.000,0.530,2.645,0.029
38500,5.000,0.531,2.652,0.029
38700,5.000,0.531,2.652,0.029
38900,5.000,0.532,2.656,0.029
39100,5.000,0.531,2.656,0.029
39300,5.000,0.529,2.645,0.030
39500,5.000,0.529,2.645,0.030
39700,5.000,0.532,2.660,0.030
39900,5.000,0.529,2.645,0.030
40100,5.000,0.529,2.645,0.030
40300,5.000,0.527,2.629,0.030
40500,5.000,0.530,2.648,0.030
40700,5.000,0.531,2.648,0.031
40900,5.000,0.528,2.641,0.031
41100,5.000,0.528,2.641,0.031
41300,5.000,0.529,2.641,0.031
41500,5.000,0.531,2.652,0.031
41700,5.000,0.527,2.633,0.031
41900,5.000,0.527,2.633,0.032
42100,5.000,0.531,2.652,0.032
42300,5.000,0.531,2.648,0.032
42500,5.000,0.528,2.637,0.032
42700,5.000,0.528,2.637,0.032
42900,5.000,0.530,2.648,0.032
43100,5.000,0.531,2.656,0.032
43300,5.000,0.526,2.626,0.033
43500,5.000,0.530,2.648,0.033
43700,5.000,0.530,2.648,0.033
43900,5.000,0.532,2.656,0.033
44100,5.000,0.526,2.629,0.033
44300,5.000,0.526,2.629,0.033
44500,5.000,0.530,2.648,0.034
44700,5.000,0.530,2.648,0.034
44900,5.000,0.527,2.633,0.034
45100,5.000,0.527,2.633,0.034
45300,5.000,0.530,2.648,0.034
45500,5.000,0.533,2.664,0.034
45700,5.000,0.530,2.648,0.034
45900,5.000,0.531,2.652,0.035
46100,5.000,0.531,2.652,0.035
46300,5.000,0.532,2.660,0.035
46500,5.000,0.531,2.652,0.035
46700,5.000,0.531,2.652,0.035
46900,5.000,0.530,2.648,0.035
47100,5.000,0.533,2.664,0.036
47300,5.000,0.529,2.641,0.036
47500,5.000,0.529,2.641,0.036
47700,5.000,0.528,2.637,0.036
47900,5.000,0.532,2.656,0.036
48100,5.000,0.529,2.645,0.036
48300,5.000,0.528,2.637,0.036
48500,5.000,0.528,2.637,0.037
48700,5.000,0.530,2.648,0.037
48900,5.000,0.532,2.656,0.037
49100,5.000,0.527,2.633,0.037
49300,5.000,0.527,2.633,0.037
49500,5.000,0.530,2.648,0.037
49700,5.000,0.533,2.660,0.037
49900,5.000,0.533,2.660,0.038
50100,5.000,0.529,2.645,0.038
50300,5.000,0.529,2.645,0.038
50500,5.000,0.532,2.660,0.038
50700,5.000,0.526,2.626,0.038
50900,5.000,0.526,2.626,0.038
51100,5.000,0.529,2.645,0.039
51300,5.000,0.531,2.652,0.039
51500,5.000,0.526,2.626,0.039
51700,5.000,0.526,2.626,0.039
51900,5.000,0.529,2.645,0.039
52100,5.000,0.532,2.656,0.039
52300,5.000,0.529,2.645,0.040
52500,5.000,0.527,2.633,0.040
52700,5.000,0.527,2.633,0.040
52900,5.000,0.534,2.671,0.040
53100,5.000,0.528,2.637,0.040
53300,5.000,0.531,2.652,0.040
53500,5.000,0.531,2.652,0.040
53700,5.000,0.532,2.660,0.041
53900,5.000,0.528,2.641,0.041
54100,5.000,0.528,2.641,0.041
54300,5.000,0.528,2.637,0.041
54500,5.000,0.531,2.648,0.041
54700,5.000,0.531,2.652,0.041
54900,5.000,0.526,2.629,0.042
55100,5.000,0.526,2.629,0.042
55300,5.000,0.531,2.652,0.042
55500,5.000,0.529,2.641,0.042
55700,5.000,0.529,2.645,0.042
55900,5.000,0.529,2.645,0.042
56100,5.000,0.531,2.652,0.042
56300,5.000,0.532,2.660,0.043
56500,5.000,0.532,2.660,0.043
56700,5.000,0.524,2.614,0.043
56900,5.000,0.531,2.656,0.043
57100,5.000,0.530,2.648,0.043
57300,5.000,0.526,2.629,0.043
57500,5.000,0.526,2.629,0.044
57700,5.000,0.528,2.641,0.044
57900,5.000,0.534,2.667,0.044
58100,5.000,0.527,2.633,0.044
58300,5.000,0.527,2.633,0.044
58500,5.000,0.529,2.641,0.044
58700,5.000,0.529,2.645,0.044
58900,5.000,0.529,2.645,0.045
59100,5.000,0.529,2.645,0.045
59300,5.000,0.529,2.645,0.045
59500,5.000,0.529,2.641,0.045
59700,5.000,0.532,2.660,0.045
59900,5.000,0.529,2.645,0.045
60100,5.000,0.529,2.645,0.045
60300,5.000,0.533,2.664,0.046
60500,5.000,0.528,2.637,0.046
60700,5.000,0.528,2.637,0.046
60900,5.000,0.530,2.648,0.046
61100,5.000,0.528,2.637,0.046
61300,5.000,0.532,2.656,0.046
61500,5.000,0.528,2.641,0.047
61700,5.000,0.528,2.641,0.047
61900,5.000,0.531,2.652,0.047
62100,5.000,0.531,2.648,0.047
62300,5.000,0.527,2.633,0.047
62500,5.000,0.527,2.633,0.047
62700,5.000,0.532,2.660,0.047
62900,5.000,0.531,2.652,0.048
63100,5.000,0.529,2.641,0.048
63300,5.000,0.529,2.641,0.048
63500,5.000,0.529,2.645,0.048
63700,5.000,0.533,2.660,0.048
63900,5.000,0.525,2.622,0.048
64100,5.000,0.531,2.652,0.049
64300,5.000,0.531,2.652,0.049
64500,5.000,0.532,2.660,0.049
64700,5.000,0.528,2.637,0.049
64900,5.000,0.528,2.637,0.049
65100,5.000,0.529,2.645,0.049
65300,5.000,0.532,2.656,0.049
65500,5.000,0.527,2.633,0.050
65700,5.000,0.527,2.633,0.050
65900,5.000,0.531,2.652,0.050
66100,5.000,0.532,2.660,0.050
66300,5.000,0.527,2.637,0.050
66500,5.000,0.531,2.656,0.050
66700,5.000,0.531,2.656,0.051
66900,5.000,0.532,2.656,0.051
67100,5.000,0.530,2.648,0.051
67300,5.000,0.530,2.648,0.051
67500,5.000,0.529,2.641,0.051
67700,5.000,0.533,2.660,0.051
67900,5.000,0.529,2.641,0.051
68100,5.000,0.529,2.641,0.052
68300,5.000,0.530,2.648,0.052
68500,5.000,0.533,2.664,0.052
68700,5.000,0.530,2.648,0.052
68900,5.000,0.529,2.645,0.052
69100,5.000,0.529,2.645,0.052
69300,5.000,0.532,2.656,0.053
69500,5.000,0.533,2.660,0.053
69700,5.000,0.528,2.641,0.053
69900,5.000,0.528,2.641,0.053
70100,5.000,0.533,2.660,0.053
70300,5.000,0.529,2.641,0.053
70500,5.000,0.529,2.641,0.053
70700,5.000,0.529,2.645,0.054
70900,5.000,0.529,2.645,0.054
71100,5.000,0.532,2.656,0.054
71300,5.000,0.525,2.622,0.054
71500,5.000,0.525,2.622,0.054
71700,5.000,0.531,2.652,0.054
71900,5.000,0.531,2.652,0.055
72100,5.000,0.526,2.629,0.055
72300,5.000,0.526,2.629,0.055
72500,5.000,0.529,2.641,0.055
72700,5.000,0.531,2.656,0.055
72900,5.000,0.530,2.648,0.055
73100,5.000,0.529,2.645,0.055
73300,5.000,0.529,2.645,0.056
73500,5.000,0.532,2.656,0.056
73700,5.000,0.530,2.648,0.056
73900,5.000,0.530,2.648,0.056
74100,5.000,0.530,2.648,0.056
74300,5.000,0.531,2.652,0.056
74500,5.000,0.530,2.648,0.057
74700,5.000,0.530,2.648,0.057
74900,5.000,0.527,2.633,0.057
75100,5.000,0.534,2.667,0.057
75300,5.000,0.531,2.648,0.057
75500,5.000,0.529,2.645,0.057
75700,5.000,0.529,2.645,0.057
75900,5.000,0.532,2.656,0.058
76100,5.000,0.532,2.656,0.058
76300,5.000,0.528,2.637,0.058
76500,5.000,0.528,2.637,0.058
76700,5.000,0.533,2.660,0.058
76900,5.000,0.532,2.656,0.058
77100,5.000,0.532,2.629,0.059
77300,5.000,0.527,2.629,0.059
77500,5.000,0.531,2.652,0.059
77700,5.000,0.531,2.648,0.059
77900,5.000,0.527,2.633,0.059
78100,5.000,0.527,2.633,0.059
78300,5.000,0.532,2.656,0.059
78500,5.000,0.532,2.656,0.060
78700,5.000,0.525,2.622,0.060
78900,5.000,0.525,2.622,0.060
79100,5.000,0.531,2.652,0.060
79300,5.000,0.532,2.656,0.060
79500,5.000,0.526,2.626,0.060
79700,5.000,0.526,2.626,0.061
79900,5.000,0.530,2.648,0.061
80100,5.000,0.532,2.656,0.061
80300,5.000,0.530,2.648,0.061
80500,5.000,0.530,2.648,0.061
80700,5.000,0.530,2.648,0.061
80900,5.000,0.532,2.660,0.061
81100,5.000,0.529,2.641,0.062
81300,5.000,0.529,2.641,0.062
81500,5.000,0.530,2.645,0.062
81700,5.000,0.529,2.645,0.062
81900,5.000,0.531,2.652,0.062
82100,5.000,0.531,2.652,0.062
82300,5.000,0.528,2.637,0.063
82500,5.000,0.533,2.664,0.063
82700,5.000,0.531,2.652,0.063
82900,5.000,0.529,2.641,0.063
83100,5.000,0.529,2.641,0.063
83300,5.000,0.532,2.656,0.063
83500,5.000,0.532,2.656,0.063
83700,5.000,0.529,2.645,0.064
83900,5.000,0.529,2.645,0.064
84100,5.000,0.529,2.645,0.064
84300,5.000,0.532,2.660,0.064
84500,5.000,0.525,2.622,0.064
84700,5.000,0.531,2.652,0.064
84900,5.000,0.531,2.652,0.065
85100,5.000,0.531,2.652,0.065
85300,5.000,0.527,2.629,0.065
85500,5.000,0.527,2.629,0.065
85700,5.000,0.531,2.652,0.065
85900,5.000,0.533,2.660,0.065
86100,5.000,0.526,2.629,0.065
86300,5.000,0.526,2.629,0.066
86500,5.000,0.530,2.648,0.066
86700,5.000,0.534,2.667,0.066
86900,5.000,0.529,2.645,0.066
87100,5.000,0.531,2.652,0.066
87300,5.000,0.531,2.652,0.066
87500,5.000,0.533,2.660,0.067
87700,5.000,0.530,2.648,0.067
87900,5.000,0.530,2.648,0.067
88100,5.000,0.530,2.648,0.067
88300,5.000,0.532,2.656,0.067
88500,5.000,0.529,2.645,0.067
88700,5.000,0.529,2.645,0.067
88900,5.000,0.530,2.648,0.068
89100,5.000,0.533,2.664,0.068
89300,5.000,0.531,2.652,0.068
89500,5.000,0.529,2.645,0.068
89700,5.000,0.529,2.645,0.068
89900,5.000,0.533,2.664,0.068
90100,5.000,0.533,2.660,0.069
90300,5.000,0.529,2.641,0.069
90500,5.000,0.529,2.641,0.069
90700,5.000,0.533,2.664,0.069
90900,5.000,0.529,2.645,0.069
91100,5.000,0.529,2.645,0.069
91300,5.000,0.527,2.633,0.069
91500,5.000,0.529,2.645,0.070
91700,5.000,0.533,2.664,0.070
91900,5.000,0.525,2.626,0.070
92100,5.000,0.525,2.626,0.070
92300,5.000,0.530,2.648,0.070
92500,5.000,0.531,2.656,0.070
92700,5.000,0.526,2.629,0.071
92900,5.000,0.526,2.629,0.071
93100,5.000,0.530,2.645,0.071
93300,5.000,0.530,2.648,0.071
93500,5.000,0.529,2.641,0.071
93700,5.000,0.533,2.660,0.071
93900,5.000,0.533,2.660,0.071
94100,5.000,0.533,2.660,0.072
94300,5.000,0.530,2.648,0.072
94500,5.000,0.530,2.648,0.072
94700,5.000,0.530,2.648,0.072
94900,5.000,0.530,2.648,0.072
95100,5.000,0.529,2.645,0.072
95300,5.000,0.529,2.645,0.072
95500,5.000,0.527,2.633,0.073
95700,5.000,0.534,2.667,0.073
95900,5.000,0.530,2.648,0.073
96100,5.000,0.529,2.645,0.073
96300,5.000,0.529,2.645,0.073
96500,5.000,0.531,2.652,0.073
96700,5.000,0.531,2.656,0.074
96900,5.000,0.529,2.645,0.074
97100,5.000,0.529,2.645,0.074
97300,5.000,0.532,2.660,0.074
97500,5.000,0.532,2.656,0.074
97700,5.000,0.527,2.629,0.074
97900,5.000,0.527,2.629,0.074
98100,5.000,0.531,2.652,0.075
98300,5.000,0.531,2.652,0.075
98500,5.000,0.528,2.637,0.075
98700,5.000,0.528,2.637,0.075
98900,5.000,0.529,2.641,0.075
99100,5.000,0.533,2.660,0.075
99300,5.000,0.525,2.626,0.076
99500,5.000,0.525,2.626,0.076
99700,5.000,0.531,2.648,0.076
99900,5.000,0.532,2.660,0.076
100100,5.000,0.527,2.633,0.076
100300,5.000,0.527,2.633,0.076
100500,5.000,0.530,2.648,0.076
100700,5.000,0.530,2.648,0.077
100900,5.000,0.529,2.641,0.077
101100,5.000,0.529,2.645,0.077
101300,5.000,0.529,2.645,0.077
101500,5.000,0.531,2.656,0.077
101700,5.000,0.527,2.633,0.077
101900,5.000,0.527,2.633,0.078
102100,5.000,0.529,2.645,0.078
102300,5.000,0.529,2.645,0.078
102500,5.000,0.530,2.648,0.078
102700,5.000,0.530,2.648,0.078
102900,5.000,0.528,2.637,0.078
103100,5.000,0.534,2.664,0.079
103300,5.000,0.530,2.648,0.079
103500,5.000,0.529,2.645,0.079
103700,5.000,0.529,2.645,0.079
103900,5.000,0.530,2.648,0.079
104100,5.000,0.532,2.656,0.079
104300,5.000,0.529,2.641,0.079
104500,5.000,0.529,2.641,0.080
104700,5.000,0.529,2.645,0.080
104900,5.000,0.532,2.656,0.080
105100,5.000,0.532,2.656,0.080
105300,5.000,0.532,2.660,0.080
105500,5.000,0.532,2.660,0.080
105700,5.000,0.530,2.648,0.081
105900,5.000,0.527,2.633,0.081
106100,5.000,0.527,2.633,0.081
106300,5.000,0.529,2.641,0.081
106500,5.000,0.533,2.660,0.081
106700,5.000,0.527,2.629,0.081
106900,5.000,0.527,2.629,0.081
107100,5.000,0.530,2.645,0.082
107300,5.000,0.529,2.645,0.082
107500,5.000,0.528,2.637,0.082
107700,5.000,0.530,2.648,0.082
107900,5.000,0.530,2.648,0.082
108100,5.000,0.531,2.656,0.082
108300,5.000,0.527,2.633,0.082
108500,5.000,0.528,2.637,0.083
108700,5.000,0.528,2.637,0.083
108900,5.000,0.531,2.656,0.083
109100,5.000,0.527,2.633,0.083
109300,5.000,0.527,2.633,0.083
109500,5.000,0.530,2.648,0.083
109700,5.000,0.531,2.652,0.084
109900,5.000,0.531,2.656,0.084
110100,5.000,0.529,2.641,0.084
110300,5.000,0.529,2.641,0.084
110500,5.000,0.534,2.667,0.084
110700,5.000,0.530,2.648,0.084
110900,5.000,0.529,2.645,0.084
111100,5.000,0.529,2.645,0.085
111300,5.000,0.533,2.664,0.085
111500,5.000,0.529,2.645,0.085
111700,5.000,0.529,2.645,0.085
111900,5.000,0.527,2.629,0.085
112100,5.000,0.531,2.652,0.085
112300,5.000,0.534,2.667,0.086
112500,5.000,0.525,2.622,0.086
112700,5.000,0.525,2.622,0.086
112900,5.000,0.531,2.648,0.086
113100,5.000,0.531,2.652,0.086
113300,5.000,0.529,2.641,0.086
113500,5.000,0.529,2.641,0.086
113700,5.000,0.530,2.645,0.087
113900,5.000,0.531,2.652,0.087
114100,5.000,0.527,2.637,0.087
114300,5.000,0.527,2.637,0.087
114500,5.000,0.530,2.645,0.087
114700,5.000,0.531,2.652,0.087
114900,5.000,0.528,2.637,0.088
115100,5.000,0.529,2.645,0.088
115300,5.000,0.529,2.645,0.088
115500,5.000,0.531,2.652,0.088
115700,5.000,0.528,2.637,0.088
115900,5.000,0.528,2.637,0.088
116100,5.000,0.530,2.648,0.088
116300,5.000,0.530,2.648,0.089
116500,5.000,0.529,2.641,0.089
116700,5.000,0.530,2.648,0.089
116900,5.000,0.530,2.648,0.089
117100,5.000,0.531,2.648,0.089
117300,5.000,0.532,2.660,0.089
117500,5.000,0.532,2.656,0.090
117700,5.000,0.532,2.656,0.090
117900,5.000,0.533,2.664,0.090
118100,5.000,0.530,2.645,0.090
118300,5.000,0.527,2.633,0.090
118500,5.000,0.527,2.633,0.090
118700,5.000,0.531,2.648,0.090
118900,5.000,0.532,2.656,0.091
119100,5.000,0.529,2.641,0.091
119300,5.000,0.529,2.645,0.091
119500,5.000,0.529,2.645,0.091
119700,5.000,0.533,2.664,0.091
119900,5.000,0.526,2.626,0.091
120100,5.000,0.526,2.626,0.092
120300,5.000,0.532,2.656,0.092
120500,5.000,0.532,2.660,0.092
120700,5.000,0.528,2.641,0.092
120900,5.000,0.528,2.641,0.092
121100,5.000,0.529,2.641,0.092
121300,5.000,0.531,2.652,0.092
121500,5.000,0.528,2.637,0.093
121700,5.000,0.529,2.641,0.093
121900,5.000,0.529,2.641,0.093
122100,5.000,0.531,2.652,0.093
122300,5.000,0.529,2.641,0.093
122500,5.000,0.529,2.641,0.093
122700,5.000,0.530,2.648,0.094
122900,5.000,0.531,2.652,0.094
123100,5.000,0.529,2.645,0.094
123300,5.000,0.529,2.645,0.094
123500,5.000,0.529,2.641,0.094
123700,5.000,0.532,2.660,0.094
123900,5.000,0.530,2.648,0.094
124100,5.000,0.529,2.645,0.095
124300,5.000,0.529,2.645,0.095
124500,5.000,0.532,2.660,0.095
124700,5.000,0.530,2.648,0.095
124900,5.000,0.529,2.641,0.095
125100,5.000,0.529,2.641,0.095
125300,5.000,0.533,2.664,0.096
125500,5.000,0.531,2.652,0.096
125700,5.000,0.531,2.652,0.096
125900,5.000,0.533,2.660,0.096
126100,5.000,0.533,2.660,0.096
126300,5.000,0.530,2.648,0.096
126500,5.000,0.527,2.629,0.096
126700,5.000,0.527,2.629,0.097
126900,5.000,0.530,2.648,0.097
127100,5.000,0.535,2.671,0.097
127300,5.000,0.525,2.622,0.097
127500,5.000,0.525,2.622,0.097
127700,5.000,0.531,2.652,0.097
127900,5.000,0.530,2.648,0.098
128100,5.000,0.529,2.641,0.098
128300,5.000,0.529,2.645,0.098
128500,5.000,0.529,2.645,0.098
128700,5.000,0.531,2.652,0.098
128900,5.000,0.528,2.637,0.098
129100,5.000,0.530,2.648,0.098
129300,5.000,0.530,2.648,0.099
129500,5.000,0.530,2.648,0.099
129700,5.000,0.527,2.637,0.099
129900,5.000,0.527,2.637,0.099
130100,5.000,0.529,2.641,0.099
130300,5.000,0.531,2.652,0.099
130500,5.000,0.530,2.648,0.100
130700,5.000,0.527,2.633,0.100
130900,5.000,0.527,2.633,0.100
131100,5.000,0.533,2.664,0.100
131300,5.000,0.530,2.648,0.100
131500,5.000,0.529,2.645,0.100
131700,5.000,0.529,2.645,0.100
131900,5.000,0.532,2.656,0.101
132100,5.000,0.529,2.641,0.101
132300,5.000,0.529,2.641,0.101
132500,5.000,0.527,2.633,0.101
132700,5.000,0.531,2.652,0.101
132900,5.000,0.534,2.667,0.101
133100,5.000,0.526,2.629,0.102
133300,5.000,0.526,2.629,0.102
133500,5.000,0.532,2.656,0.102
133700,5.000,0.532,2.656,0.102
133900,5.000,0.529,2.645,0.102
134100,5.000,0.529,2.645,0.102
134300,5.000,0.531,2.652,0.102
134500,5.000,0.535,2.671,0.103
134700,5.000,0.525,2.622,0.103
134900,5.000,0.525,2.622,0.103
135100,5.000,0.529,2.645,0.103
135300,5.000,0.531,2.656,0.103
135500,5.000,0.527,2.637,0.103
135700,5.000,0.529,2.641,0.104
135900,5.000,0.529,2.641,0.104
136100,5.000,0.532,2.656,0.104
136300,5.000,0.528,2.637,0.104
136500,5.000,0.528,2.637,0.104
136700,5.000,0.529,2.641,0.104
136900,5.000,0.531,2.652,0.104
137100,5.000,0.529,2.641,0.105
137300,5.000,0.529,2.641,0.105
137500,5.000,0.530,2.645,0.105
137700,5.000,0.532,2.660,0.105
137900,5.000,0.531,2.652,0.105
138100,5.000,0.529,2.641,0.105
138300,5.000,0.529,2.641,0.106
138500,5.000,0.533,2.664,0.106
138700,5.000,0.529,2.641,0.106
138900,5.000,0.529,2.641,0.106
139100,5.000,0.529,2.641,0.106
139300,5.000,0.530,2.648,0.106
139500,5.000,0.535,2.671,0.106
139700,5.000,0.528,2.641,0.107
139900,5.000,0.529,2.641,0.107
140100,5.000,0.529,2.641,0.107
140300,5.000,0.534,2.667,0.107
140500,5.000,0.527,2.629,0.107
140700,5.000,0.527,2.629,0.107
140900,5.000,0.532,2.660,0.108
141100,5.000,0.533,2.664,0.108
141300,5.000,0.528,2.637,0.108
141500,5.000,0.528,2.637,0.108
141700,5.000,0.529,2.641,0.108
141900,5.000,0.531,2.652,0.108
142100,5.000,0.528,2.637,0.108
142300,5.000,0.530,2.648,0.109
142500,5.000,0.530,2.648,0.109
142700,5.000,0.530,2.648,0.109
142900,5.000,0.528,2.637,0.109
143100,5.000,0.528,2.637,0.109
143300,5.000,0.529,2.645,0.109
143500,5.000,0.530,2.648,0.109
143700,5.000,0.529,2.645,0.110
143900,5.000,0.529,2.645,0.110
144100,5.000,0.529,2.645,0.110
144300,5.000,0.533,2.660,0.110
144500,5.000,0.529,2.645,0.110
144700,5.000,0.530,2.648,0.110
144900,5.000,0.530,2.648,0.111
145100,5.000,0.532,2.660,0.111
145300,5.000,0.531,2.652,0.111
145500,5.000,0.527,2.637,0.111
145700,5.000,0.527,2.637,0.111
145900,5.000,0.535,2.671,0.111
146100,5.000,0.530,2.648,0.111
146300,5.000,0.530,2.648,0.112
146500,5.000,0.531,2.648,0.112
146700,5.000,0.532,2.656,0.112
146900,5.000,0.533,2.660,0.112
147100,5.000,0.527,2.637,0.112
147300,5.000,0.527,2.637,0.112
147500,5.000,0.529,2.645,0.113
147700,5.000,0.535,2.671,0.113
147900,5.000,0.527,2.633,0.113
148100,5.000,0.527,2.633,0.113
148300,5.000,0.532,2.660,0.113
148500,5.000,0.528,2.637,0.113
148700,5.000,0.529,2.641,0.113
148900,5.000,0.528,2.637,0.114
149100,5.000,0.528,2.637,0.114
149300,5.000,0.532,2.656,0.114
149500,5.000,0.528,2.637,0.114
149700,5.000,0.529,2.645,0.114
149900,5.000,0.529,2.645,0.114
150100,5.000,0.531,2.656,0.115
150300,5.000,0.527,2.633,0.115
150500,5.000,0.527,2.633,0.115
150700,5.000,0.528,2.641,0.115
150900,5.000,0.529,2.645,0.115
151100,5.000,0.530,2.648,0.115
151300,5.000,0.529,2.645,0.116
151500,5.000,0.529,2.645,0.116
151700,5.000,0.533,2.664,0.116
151900,5.000,0.529,2.641,0.116
152100,5.000,0.530,2.648,0.116
152300,5.000,0.530,2.648,0.116
152500,5.000,0.530,2.648,0.116
152700,5.000,0.529,2.645,0.117
152900,5.000,0.529,2.645,0.117
153100,5.000,0.527,2.633,0.117
153300,5.000,0.531,2.652,0.117
153500,5.000,0.533,2.664,0.117
153700,5.000,0.527,2.633,0.117
153900,5.000,0.527,2.633,0.118
154100,5.000,0.532,2.660,0.118
154300,5.000,0.534,2.667,0.118
154500,5.000,0.528,2.637,0.118
154700,5.000,0.528,2.637,0.118
154900,5.000,0.531,2.648,0.118
155100,5.000,0.534,2.667,0.118
155300,5.000,0.525,2.622,0.119
155500,5.000,0.525,2.622,0.119
155700,5.000,0.531,2.648,0.119
155900,5.000,0.532,2.656,0.119
156100,5.000,0.529,2.641,0.119
156300,5.000,0.529,2.641,0.119
156500,5.000,0.529,2.641,0.119
156700,5.000,0.532,2.656,0.120
156900,5.000,0.528,2.637,0.120
157100,5.000,0.528,2.637,0.120
157300,5.000,0.529,2.641,0.120
157500,5.000,0.532,2.656,0.120
157700,5.000,0.529,2.641,0.120
157900,5.000,0.529,2.641,0.121
158100,5.000,0.528,2.641,0.121
158300,5.000,0.530,2.645,0.121
158500,5.000,0.531,2.656,0.121
158700,5.000,0.527,2.633,0.121
158900,5.000,0.527,2.633,0.121
159100,5.000,0.532,2.656,0.121
159300,5.000,0.529,2.645,0.122
159500,5.000,0.529,2.641,0.122
159700,5.000,0.529,2.641,0.122
159900,5.000,0.527,2.633,0.122
160100,5.000,0.534,2.667,0.122
160300,5.000,0.534,2.667,0.122
160500,5.000,0.531,2.652,0.123
160700,5.000,0.531,2.652,0.123
160900,5.000,0.532,2.656,0.123
161100,5.000,0.528,2.637,0.123
161300,5.000,0.528,2.637,0.123
161500,5.000,0.532,2.656,0.123
161700,5.000,0.533,2.664,0.123
161900,5.000,0.529,2.641,0.124
162100,5.000,0.529,2.641,0.124
162300,5.000,0.529,2.641,0.124
162500,5.000,0.533,2.664,0.124
162700,5.000,0.527,2.633,0.124
162900,5.000,0.530,2.648,0.124
163100,5.000,0.530,2.648,0.125
163300,5.000,0.529,2.645,0.125
163500,5.000,0.529,2.641,0.125
163700,5.000,0.529,2.641,0.125
163900,5.000,0.529,2.641,0.125
164100,5.000,0.532,2.660,0.125
164300,5.000,0.528,2.637,0.125
164500,5.000,0.528,2.637,0.126
164700,5.000,0.527,2.637,0.126
164900,5.000,0.533,2.660,0.126
165100,5.000,0.529,2.641,0.126
165300,5.000,0.528,2.641,0.126
165500,5.000,0.528,2.641,0.126
165700,5.000,0.531,2.652,0.127
165900,5.000,0.530,2.648,0.127
166100,5.000,0.529,2.641,0.127
166300,5.000,0.529,2.641,0.127
166500,5.000,0.530,2.645,0.127
166700,5.000,0.529,2.645,0.127
166900,5.000,0.529,2.645,0.127
167100,5.000,0.529,2.641,0.128
167300,5.000,0.531,2.652,0.128
167500,5.000,0.533,2.664,0.128
167700,5.000,0.527,2.633,0.128
167900,5.000,0.527,2.633,0.128
168100,5.000,0.531,2.652,0.128
168300,5.000,0.534,2.667,0.129
168500,5.000,0.527,2.629,0.129
168700,5.000,0.527,2.629,0.129
168900,5.000,0.532,2.660,0.129
169100,5.000,0.529,2.645,0.129
169300,5.000,0.529,2.641,0.129
169500,5.000,0.529,2.641,0.129
169700,5.000,0.529,2.645,0.130
169900,5.000,0.532,2.660,0.130
170100,5.000,0.527,2.633,0.130
170300,5.000,0.531,2.652,0.130
170500,5.000,0.531,2.652,0.130
170700,5.000,0.531,2.652,0.130
170900,5.000,0.528,2.637,0.131
171100,5.000,0.528,2.637,0.131
171300,5.000,0.529,2.645,0.131
171500,5.000,0.528,2.637,0.131
171700,5.000,0.530,2.648,0.131
171900,5.000,0.527,2.633,0.131
172100,5.000,0.527,2.633,0.131
172300,5.000,0.532,2.656,0.132
172500,5.000,0.529,2.637,0.132
172700,5.000,0.528,2.637,0.132
172900,5.000,0.528,2.637,0.132
173100,5.000,0.529,2.645,0.132
173300,5.000,0.530,2.648,0.132
173500,5.000,0.530,2.648,0.133
173700,5.000,0.525,2.626,0.133
173900,5.000,0.532,2.656,0.133
174100,5.000,0.532,2.656,0.133
174300,5.000,0.527,2.637,0.133
174500,5.000,0.527,2.637,0.133
174700,5.000,0.532,2.656,0.133
174900,5.000,0.534,2.667,0.134
175100,5.000,0.527,2.633,0.134
175300,5.000,0.527,2.633,0.134
175500,5.000,0.531,2.652,0.134
175700,5.000,0.532,2.656,0.134
175900,5.000,0.526,2.626,0.134
176100,5.000,0.526,2.626,0.134
176300,5.000,0.531,2.652,0.135
176500,5.000,0.532,2.656,0.135
176700,5.000,0.529,2.645,0.135
176900,5.000,0.529,2.641,0.135
177100,5.000,0.529,2.641,0.135
177300,5.000,0.532,2.660,0.135
177500,5.000,0.527,2.633,0.136
177700,5.000,0.527,2.633,0.136
177900,5.000,0.530,2.648,0.136
178100,5.000,0.537,2.683,0.136
178300,5.000,0.527,2.637,0.136
178500,5.000,0.527,2.637,0.136
178700,5.000,0.529,2.641,0.136
178900,5.000,0.529,2.645,0.137
179100,5.000,0.529,2.645,0.137
179300,5.000,0.527,2.633,0.137
179500,5.000,0.527,2.633,0.137
179700,5.000,0.532,2.656,0.137
179900,5.000,0.528,2.637,0.137
180100,5.000,0.531,2.652,0.138
180300,5.000,0.531,2.652,0.138
180500,5.000,0.529,2.641,0.138
180700,5.000,0.531,2.652,0.138
180900,5.000,0.531,2.652,0.138
181100,5.000,0.532,2.656,0.138
181300,5.000,0.532,2.656,0.139
181500,5.000,0.533,2.660,0.139
181700,5.000,0.527,2.633,0.139
181900,5.000,0.527,2.633,0.139
182100,5.000,0.532,2.656,0.139
182300,5.000,0.533,2.660,0.139
182500,5.000,0.529,2.641,0.139
182700,5.000,0.529,2.641,0.140
182900,5.000,0.529,2.645,0.140
183100,5.000,0.534,2.667,0.140
183300,5.000,0.534,2.633,0.140
183500,5.000,0.531,2.652,0.140
183700,5.000,0.531,2.652,0.140
183900,5.000,0.529,2.645,0.141
184100,5.000,0.529,2.641,0.141
184300,5.000,0.529,2.641,0.141
184500,5.000,0.529,2.645,0.141
184700,5.000,0.534,2.671,0.141
184900,5.000,0.529,2.645,0.141
185100,5.000,0.529,2.645,0.141
185300,5.000,0.530,2.645,0.142
185500,5.000,0.530,2.648,0.142
185700,5.000,0.530,2.648,0.142
185900,5.000,0.529,2.645,0.142
186100,5.000,0.529,2.645,0.142
186300,5.000,0.533,2.660,0.142
186500,5.000,0.531,2.652,0.143
186700,5.000,0.528,2.637,0.143
186900,5.000,0.528,2.637,0.143
187100,5.000,0.532,2.660,0.143
187300,5.000,0.528,2.641,0.143
187500,5.000,0.528,2.641,0.143
187700,5.000,0.529,2.641,0.143
187900,5.000,0.531,2.652,0.144
188100,5.000,0.534,2.667,0.144
188300,5.000,0.528,2.637,0.144
188500,5.000,0.528,2.637,0.144
188700,5.000,0.532,2.656,0.144
188900,5.000,0.533,2.660,0.144
189100,5.000,0.529,2.641,0.145
189300,5.000,0.529,2.641,0.145
189500,5.000,0.532,2.656,0.145
189700,5.000,0.532,2.656,0.145
189900,5.000,0.528,2.641,0.145
190100,5.000,0.528,2.641,0.145
190300,5.000,0.529,2.641,0.145
190500,5.000,0.535,2.675,0.146
190700,5.000,0.527,2.633,0.146
190900,5.000,0.531,2.652,0.146
191100,5.000,0.531,2.652,0.146
191300,5.000,0.533,2.664,0.146
191500,5.000,0.529,2.641,0.146
191700,5.000,0.529,2.641,0.146
191900,5.000,0.530,2.648,0.147
192100,5.000,0.531,2.652,0.147
192300,5.000,0.529,2.645,0.147
192500,5.000,0.529,2.645,0.147
192700,5.000,0.530,2.645,0.147
192900,5.000,0.530,2.648,0.147
193100,5.000,0.531,2.648,0.148
193300,5.000,0.529,2.645,0.148
193500,5.000,0.529,2.645,0.148
193700,5.000,0.529,2.645,0.148
193900,5.000,0.531,2.652,0.148
194100,5.000,0.531,2.652,0.148
194300,5.000,0.527,2.637,0.148
194500,5.000,0.530,2.648,0.149
194700,5.000,0.532,2.660,0.149
194900,5.000,0.528,2.637,0.149
195100,5.000,0.528,2.637,0.149
195300,5.000,0.530,2.648,0.149
195500,5.000,0.532,2.656,0.149
195700,5.000,0.528,2.637,0.150
195900,5.000,0.528,2.637,0.150
196100,5.000,0.532,2.660,0.150
196300,5.000,0.533,2.664,0.150
196500,5.000,0.526,2.626,0.150
196700,5.000,0.526,2.626,0.150
196900,5.000,0.532,2.656,0.150
197100,5.000,0.534,2.671,0.151
197300,5.000,0.529,2.641,0.151
197500,5.000,0.529,2.641,0.151
197700,5.000,0.529,2.641,0.151
197900,5.000,0.534,2.667,0.151
198100,5.000,0.527,2.637,0.151
198300,5.000,0.527,2.637,0.152
198500,5.000,0.531,2.656,0.152
198700,5.000,0.532,2.656,0.152
198900,5.000,0.530,2.648,0.152
199100,5.000,0.530,2.648,0.152
199300,5.000,0.528,2.637,0.152
199500,5.000,0.531,2.648,0.153
199700,5.000,0.529,2.645,0.153
199900,5.000,0.529,2.641,0.153
200100,5.000,0.529,2.641,0.153
200300,5.000,0.531,2.652,0.153
200500,5.000,0.531,2.656,0.153
200700,5.000,0.529,2.641,0.153
200900,5.000,0.529,2.641,0.154
201100,5.000,0.529,2.645,0.154
201300,5.000,0.531,2.652,0.154
201500,5.000,0.531,2.652,0.154
201700,5.000,0.528,2.637,0.154
201900,5.000,0.532,2.656,0.154
202100,5.000,0.533,2.664,0.155
202300,5.000,0.529,2.641,0.155
202500,5.000,0.529,2.641,0.155
202700,5.000,0.531,2.652,0.155
202900,5.000,0.534,2.667,0.155
203100,5.000,0.529,2.645,0.155
203300,5.000,0.529,2.645,0.155
203500,5.000,0.531,2.652,0.156
203700,5.000,0.531,2.652,0.156
203900,5.000,0.529,2.645,0.156
204100,5.000,0.531,2.652,0.156
204300,5.000,0.531,2.652,0.156
204500,5.000,0.532,2.660,0.156
204700,5.000,0.530,2.648,0.157
204900,5.000,0.530,2.648,0.157
205100,5.000,0.530,2.648,0.157
205300,5.000,0.536,2.679,0.157
205500,5.000,0.527,2.637,0.157
205700,5.000,0.527,2.637,0.157
205900,5.000,0.531,2.652,0.157
206100,5.000,0.530,2.648,0.158
206300,5.000,0.530,2.648,0.158
206500,5.000,0.529,2.641,0.158
206700,5.000,0.529,2.641,0.158
206900,5.000,0.536,2.679,0.158
207100,5.000,0.530,2.648,0.158
207300,5.000,0.528,2.637,0.158
207500,5.000,0.528,2.637,0.159
207700,5.000,0.531,2.652,0.159
207900,5.000,0.529,2.645,0.159
208100,5.000,0.529,2.645,0.159
208300,5.000,0.529,2.641,0.159
208500,5.000,0.530,2.645,0.159
208700,5.000,0.536,2.679,0.160
208900,5.000,0.527,2.637,0.160
209100,5.000,0.527,2.637,0.160
209300,5.000,0.533,2.660,0.160
209500,5.000,0.533,2.664,0.160
209700,5.000,0.529,2.641,0.160
209900,5.000,0.529,2.641,0.160
210100,5.000,0.531,2.652,0.161
210300,5.000,0.531,2.652,0.161
210500,5.000,0.528,2.637,0.161
210700,5.000,0.528,2.637,0.161
210900,5.000,0.530,2.648,0.161
211100,5.000,0.534,2.664,0.161
211300,5.000,0.528,2.637,0.162
211500,5.000,0.531,2.652,0.162
211700,5.000,0.531,2.652,0.162
211900,5.000,0.533,2.664,0.162
212100,5.000,0.529,2.641,0.162
212300,5.000,0.529,2.641,0.162
212500,5.000,0.531,2.652,0.162
212700,5.000,0.535,2.671,0.163
212900,5.000,0.527,2.633,0.163
213100,5.000,0.527,2.633,0.163
213300,5.000,0.528,2.637,0.163
213500,5.000,0.531,2.652,0.163
213700,5.000,0.529,2.645,0.163
213900,5.000,0.529,2.641,0.164
214100,5.000,0.529,2.641,0.164
214300,5.000,0.530,2.648,0.164
214500,5.000,0.530,2.648,0.164
214700,5.000,0.529,2.645,0.164
214900,5.000,0.529,2.645,0.164
215100,5.000,0.530,2.648,0.164
215300,5.000,0.531,2.652,0.165
215500,5.000,0.531,2.652,0.165
215700,5.000,0.529,2.641,0.165
215900,5.000,0.529,2.641,0.165
216100,5.000,0.534,2.667,0.165
216300,5.000,0.528,2.637,0.165
216500,5.000,0.528,2.637,0.166
216700,5.000,0.532,2.656,0.166
216900,5.000,0.530,2.648,0.166
217100,5.000,0.528,2.637,0.166
217300,5.000,0.528,2.637,0.166
217500,5.000,0.529,2.641,0.166
217700,5.000,0.534,2.671,0.166
217900,5.000,0.529,2.645,0.167
218100,5.000,0.530,2.648,0.167
218300,5.000,0.530,2.648,0.167
218500,5.000,0.535,2.675,0.167
218700,5.000,0.528,2.637,0.167
218900,5.000,0.528,2.637,0.167
219100,5.000,0.532,2.656,0.168
219300,5.000,0.533,2.664,0.168
219500,5.000,0.529,2.645,0.168
219700,5.000,0.529,2.645,0.168
219900,5.000,0.528,2.637,0.168
220100,5.000,0.532,2.656,0.168
220300,5.000,0.529,2.645,0.169
220500,5.000,0.528,2.637,0.169
220700,5.000,0.528,2.637,0.169
220900,5.000,0.531,2.652,0.169
221100,5.000,0.529,2.645,0.169
221300,5.000,0.530,2.652,0.169
221500,5.000,0.530,2.652,0.169
221700,5.000,0.531,2.652,0.170
221900,5.000,0.532,2.656,0.170
222100,5.000,0.532,2.656,0.170
222300,5.000,0.526,2.629,0.170
222500,5.000,0.532,2.660,0.170
222700,5.000,0.529,2.645,0.170
222900,5.000,0.529,2.645,0.170
223100,5.000,0.529,2.645,0.171
223300,5.000,0.530,2.648,0.171
223500,5.000,0.532,2.660,0.171
223700,5.000,0.527,2.633,0.171
223900,5.000,0.527,2.633,0.171
224100,5.000,0.530,2.648,0.171
224300,5.000,0.532,2.660,0.172
224500,5.000,0.527,2.637,0.172
224700,5.000,0.527,2.637,0.172
224900,5.000,0.532,2.656,0.172
225100,5.000,0.532,2.660,0.172
225300,5.000,0.529,2.641,0.172
225500,5.000,0.529,2.648,0.172
225700,5.000,0.530,2.648,0.173
225900,5.000,0.533,2.664,0.173
226100,5.000,0.528,2.637,0.173
226300,5.000,0.528,2.637,0.173
226500,5.000,0.532,2.660,0.173
226700,5.000,0.529,2.645,0.173
226900,5.000,0.530,2.648,0.174
227100,5.000,0.528,2.637,0.174
227300,5.000,0.528,2.637,0.174
227500,5.000,0.533,2.660,0.174
227700,5.000,0.529,2.645,0.174
227900,5.000,0.528,2.637,0.174
228100,5.000,0.528,2.637,0.174
228300,5.000,0.532,2.660,0.175
228500,5.000,0.529,2.645,0.175
228700,5.000,0.529,2.645,0.175
228900,5.000,0.529,2.641,0.175
229100,5.000,0.529,2.641,0.175
229300,5.000,0.531,2.656,0.175
229500,5.000,0.527,2.633,0.176
229700,5.000,0.527,2.633,0.176
229900,5.000,0.531,2.656,0.176
230100,5.000,0.531,2.656,0.176
230300,5.000,0.528,2.637,0.176
230500,5.000,0.528,2.637,0.176
230700,5.000,0.529,2.645,0.176
230900,5.000,0.532,2.656,0.177
231100,5.000,0.526,2.629,0.177
231300,5.000,0.526,2.629,0.177
231500,5.000,0.530,2.648,0.177
231700,5.000,0.533,2.660,0.177
231900,5.000,0.528,2.637,0.177
232100,5.000,0.531,2.656,0.178
232300,5.000,0.531,2.656,0.178
232500,5.000,0.534,2.667,0.178
232700,5.000,0.528,2.641,0.178
232900,5.000,0.528,2.641,0.178
233100,5.000,0.529,2.645,0.178
233300,5.000,0.535,2.671,0.178
233500,5.000,0.526,2.626,0.179
233700,5.000,0.526,2.626,0.179
233900,5.000,0.530,2.648,0.179
234100,5.000,0.532,2.656,0.179
234300,5.000,0.529,2.645,0.179
234500,5.000,0.529,2.641,0.179
234700,5.000,0.529,2.641,0.180
234900,5.000,0.531,2.652,0.180
235100,5.000,0.531,2.652,0.180
235300,5.000,0.529,2.645,0.180
235500,5.000,0.529,2.645,0.180
235700,5.000,0.533,2.664,0.180
235900,5.000,0.533,2.664,0.180
236100,5.000,0.533,2.664,0.181
236300,5.000,0.529,2.645,0.181
236500,5.000,0.530,2.645,0.181
236700,5.000,0.534,2.667,0.181
236900,5.000,0.527,2.633,0.181
237100,5.000,0.527,2.633,0.181
237300,5.000,0.531,2.652,0.182
237500,5.000,0.530,2.645,0.182
237700,5.000,0.529,2.641,0.182
237900,5.000,0.529,2.641,0.182
238100,5.000,0.529,2.641,0.182
238300,5.000,0.534,2.667,0.182
238500,5.000,0.534,2.667,0.182
238700,5.000,0.531,2.652,0.183
238900,5.000,0.531,2.652,0.183
239100,5.000,0.535,2.671,0.183
239300,5.000,0.528,2.641,0.183
239500,5.000,0.528,2.641,0.183
239700,5.000,0.532,2.656,0.183
239900,5.000,0.534,2.664,0.184
240100,5.000,0.529,2.641,0.184
240300,5.000,0.529,2.641,0.184
240500,5.000,0.529,2.641,0.184
240700,5.000,0.532,2.660,0.184
240900,5.000,0.530,2.648,0.184
241100,5.000,0.530,2.648,0.184
241300,5.000,0.530,2.648,0.185
241500,5.000,0.530,2.648,0.185
241700,5.000,0.531,2.652,0.185
241900,5.000,0.528,2.641,0.185
242100,5.000,0.528,2.641,0.185
242300,5.000,0.533,2.660,0.185
242500,5.000,0.529,2.645,0.186
242700,5.000,0.529,2.645,0.186
242900,5.000,0.527,2.633,0.186
243100,5.000,0.531,2.652,0.186
243300,5.000,0.531,2.652,0.186
243500,5.000,0.529,2.645,0.186
243700,5.000,0.529,2.645,0.186
243900,5.000,0.529,2.645,0.187
244100,5.000,0.531,2.652,0.187
244300,5.000,0.527,2.629,0.187
244500,5.000,0.527,2.629,0.187
244700,5.000,0.532,2.656,0.187
244900,5.000,0.530,2.648,0.187
245100,5.000,0.529,2.641,0.187
245300,5.000,0.529,2.641,0.188
245500,5.000,0.531,2.652,0.188
245700,5.000,0.534,2.664,0.188
245900,5.000,0.528,2.637,0.188
246100,5.000,0.530,2.648,0.188
246300,5.000,0.530,2.648,0.188
246500,5.000,0.536,2.675,0.189
246700,5.000,0.527,2.633,0.189
246900,5.000,0.527,2.633,0.189
247100,5.000,0.531,2.652,0.189
247300,5.000,0.530,2.652,0.189
247500,5.000,0.532,2.656,0.189
247700,5.000,0.532,2.656,0.189
247900,5.000,0.529,2.641,0.190
248100,5.000,0.532,2.656,0.190
248300,5.000,0.530,2.648,0.190
248500,5.000,0.529,2.645,0.190
248700,5.000,0.529,2.645,0.190
248900,5.000,0.532,2.660,0.190
249100,5.000,0.532,2.656,0.191
249300,5.000,0.532,2.656,0.191
249500,5.000,0.531,2.656,0.191
249700,5.000,0.529,2.641,0.191
249900,5.000,0.532,2.656,0.191
250100,5.000,0.527,2.633,0.191
250300,5.000,0.527,2.633,0.192
250500,5.000,0.531,2.652,0.192
250700,5.000,0.531,2.652,0.192
250900,5.000,0.529,2.645,0.192
251100,5.000,0.529,2.645,0.192
251300,5.000,0.530,2.648,0.192
251500,5.000,0.531,2.652,0.192
251700,5.000,0.525,2.626,0.193
251900,5.000,0.525,2.626,0.193
252100,5.000,0.532,2.660,0.193
252300,5.000,0.533,2.660,0.193
252500,5.000,0.527,2.637,0.193
252700,5.000,0.531,2.652,0.193
252900,5.000,0.531,2.652,0.194
253100,5.000,0.534,2.667,0.194
253300,5.000,0.529,2.641,0.194
253500,5.000,0.529,2.641,0.194
253700,5.000,0.530,2.648,0.194
253900,5.000,0.535,2.671,0.194
254100,5.000,0.526,2.626,0.194
254300,5.000,0.526,2.626,0.195
254500,5.000,0.531,2.652,0.195
254700,5.000,0.532,2.660,0.195
254900,5.000,0.532,2.656,0.195
255100,5.000,0.527,2.633,0.195
255300,5.000,0.527,2.633,0.195
255500,5.000,0.534,2.664,0.196
255700,5.000,0.530,2.645,0.196
255900,5.000,0.530,2.648,0.196
256100,5.000,0.530,2.648,0.196
256300,5.000,0.533,2.660,0.196
256500,5.000,0.529,2.645,0.196
256700,5.000,0.529,2.645,0.196
256900,5.000,0.529,2.641,0.197
257100,5.000,0.530,2.648,0.197
257300,5.000,0.531,2.652,0.197
257500,5.000,0.527,2.633,0.197
257700,5.000,0.527,2.633,0.197
257900,5.000,0.531,2.652,0.197
258100,5.000,0.531,2.652,0.198
258300,5.000,0.529,2.641,0.198
258500,5.000,0.529,2.641,0.198
258700,5.000,0.530,2.648,0.198
258900,5.000,0.532,2.656,0.198
259100,5.000,0.532,2.656,0.198
259300,5.000,0.531,2.652,0.198
259500,5.000,0.531,2.652,0.199
259700,5.000,0.531,2.652,0.199
259900,5.000,0.531,2.652,0.199
260100,5.000,0.531,2.652,0.199
260300,5.000,0.531,2.652,0.199
260500,5.000,0.533,2.664,0.199
260700,5.000,0.529,2.641,0.199
260900,5.000,0.529,2.641,0.200
261100,5.000,0.529,2.641,0.200
261300,5.000,0.535,2.671,0.200
261500,5.000,0.528,2.641,0.200
261700,5.000,0.532,2.656,0.200
261900,5.000,0.532,2.656,0.200
262100,5.000,0.531,2.652,0.201
262300,5.000,0.531,2.652,0.201
262500,5.000,0.530,2.648,0.201
262700,5.000,0.530,2.648,0.201
262900,5.000,0.535,2.671,0.201
263100,5.000,0.530,2.648,0.201
263300,5.000,0.530,2.648,0.201
263500,5.000,0.529,2.641,0.202
263700,5.000,0.531,2.652,0.202
263900,5.000,0.531,2.652,0.202
264100,5.000,0.529,2.641,0.202
264300,5.000,0.529,2.641,0.202
264500,5.000,0.530,2.648,0.202
264700,5.000,0.532,2.660,0.203
264900,5.000,0.527,2.633,0.203
265100,5.000,0.527,2.633,0.203
265300,5.000,0.531,2.652,0.203
265500,5.000,0.530,2.648,0.203
265700,5.000,0.528,2.637,0.203
265900,5.000,0.528,2.637,0.203
266100,5.000,0.531,2.652,0.204
266300,5.000,0.537,2.687,0.204
266500,5.000,0.529,2.645,0.204
266700,5.000,0.532,2.656,0.204
266900,5.000,0.532,2.656,0.204
267100,5.000,0.536,2.675,0.204
267300,5.000,0.527,2.633,0.205
267500,5.000,0.527,2.633,0.205
267700,5.000,0.533,2.664,0.205
267900,5.000,0.532,2.656,0.205
268100,5.000,0.529,2.645,0.205
268300,5.000,0.529,2.645,0.205
268500,5.000,0.529,2.645,0.206
268700,5.000,0.535,2.671,0.206
268900,5.000,0.530,2.648,0.206
269100,5.000,0.530,2.648,0.206
269300,5.000,0.530,2.648,0.206
269500,5.000,0.530,2.648,0.206
269700,5.000,0.532,2.656,0.206
269900,5.000,0.532,2.656,0.207
270100,5.000,0.530,2.648,0.207
270300,5.000,0.530,2.648,0.207
270500,5.000,0.531,2.652,0.207
270700,5.000,0.531,2.652,0.207
270900,5.000,0.528,2.637,0.207
271100,5.000,0.533,2.664,0.208
271300,5.000,0.529,2.641,0.208
271500,5.000,0.529,2.645,0.208
271700,5.000,0.529,2.645,0.208
271900,5.000,0.530,2.645,0.208
272100,5.000,0.532,2.656,0.208
272300,5.000,0.527,2.633,0.208
272500,5.000,0.527,2.633,0.209
272700,5.000,0.530,2.648,0.209
272900,5.000,0.531,2.656,0.209
273100,5.000,0.527,2.633,0.209
273300,5.000,0.529,2.645,0.209
273500,5.000,0.529,2.645,0.209
273700,5.000,0.534,2.667,0.210
273900,5.000,0.530,2.648,0.210
274100,5.000,0.530,2.648,0.210
274300,5.000,0.530,2.648,0.210
274500,5.000,0.534,2.667,0.210
274700,5.000,0.525,2.622,0.210
274900,5.000,0.525,2.622,0.210
275100,5.000,0.531,2.656,0.211
275300,5.000,0.533,2.660,0.211
275500,5.000,0.529,2.645,0.211
275700,5.000,0.529,2.645,0.211
275900,5.000,0.529,2.645,0.211
276100,5.000,0.532,2.656,0.211
276300,5.000,0.530,2.648,0.211
276500,5.000,0.531,2.652,0.212
276700,5.000,0.531,2.652,0.212
276900,5.000,0.533,2.664,0.212
277100,5.000,0.529,2.645,0.212
277300,5.000,0.529,2.645,0.212
277500,5.000,0.528,2.637,0.212
277700,5.000,0.530,2.648,0.213
277900,5.000,0.532,2.656,0.213
278100,5.000,0.529,2.645,0.213
278300,5.000,0.529,2.645,0.213
278500,5.000,0.531,2.652,0.213
278700,5.000,0.530,2.648,0.213
278900,5.000,0.529,2.641,0.213
279100,5.000,0.529,2.641,0.214
279300,5.000,0.531,2.652,0.214
279500,5.000,0.532,2.656,0.214
279700,5.000,0.532,2.656,0.214
279900,5.000,0.525,2.622,0.214
280100,5.000,0.531,2.652,0.214
280300,5.000,0.533,2.664,0.215
280500,5.000,0.528,2.637,0.215
280700,5.000,0.528,2.637,0.215
280900,5.000,0.530,2.648,0.215
281100,5.000,0.534,2.667,0.215
281300,5.000,0.529,2.645,0.215
281500,5.000,0.529,2.645,0.215
281700,5.000,0.529,2.641,0.216
281900,5.000,0.530,2.648,0.216
282100,5.000,0.530,2.648,0.216
282300,5.000,0.531,2.652,0.216
282500,5.000,0.531,2.652,0.216
282700,5.000,0.531,2.652,0.216
282900,5.000,0.532,2.660,0.217
283100,5.000,0.529,2.645,0.217
283300,5.000,0.529,2.645,0.217
283500,5.000,0.533,2.664,0.217
283700,5.000,0.529,2.645,0.217
283900,5.000,0.529,2.645,0.217
284100,5.000,0.527,2.633,0.217
284300,5.000,0.530,2.648,0.218
284500,5.000,0.531,2.652,0.218
284700,5.000,0.528,2.637,0.218
284900,5.000,0.528,2.637,0.218
285100,5.000,0.530,2.648,0.218
285300,5.000,0.531,2.652,0.218
285500,5.000,0.527,2.633,0.219
285700,5.000,0.527,2.633,0.219
285900,5.000,0.531,2.652,0.219
286100,5.000,0.530,2.648,0.219
286300,5.000,0.529,2.645,0.219
286500,5.000,0.529,2.645,0.219
286700,5.000,0.529,2.641,0.219
286900,5.000,0.532,2.656,0.220
287100,5.000,0.526,2.626,0.220
287300,5.000,0.532,2.656,0.220
287500,5.000,0.532,2.656,0.220
287700,5.000,0.532,2.656,0.220
287900,5.000,0.527,2.637,0.220
288100,5.000,0.527,2.637,0.221
288300,5.000,0.529,2.645,0.221
288500,5.000,0.532,2.656,0.221
288700,5.000,0.529,2.641,0.221
288900,5.000,0.529,2.641,0.221
289100,5.000,0.529,2.645,0.221
289300,5.000,0.533,2.664,0.222
289500,5.000,0.529,2.641,0.222
289700,5.000,0.531,2.652,0.222
289900,5.000,0.531,2.652,0.222
290100,5.000,0.531,2.656,0.222
290300,5.000,0.530,2.648,0.222
290500,5.000,0.530,2.648,0.222
290700,5.000,0.530,2.645,0.223
290900,5.000,0.533,2.664,0.223
291100,5.000,0.528,2.637,0.223
291300,5.000,0.528,2.637,0.223
291500,5.000,0.528,2.637,0.223
291700,5.000,0.531,2.656,0.223
291900,5.000,0.530,2.648,0.223
292100,5.000,0.527,2.633,0.224
292300,5.000,0.527,2.633,0.224
292500,5.000,0.530,2.648,0.224
292700,5.000,0.532,2.660,0.224
292900,5.000,0.527,2.633,0.224
293100,5.000,0.527,2.633,0.224
293300,5.000,0.530,2.648,0.225
293500,5.000,0.530,2.648,0.225
293700,5.000,0.530,2.648,0.225
293900,5.000,0.529,2.641,0.225
294100,5.000,0.529,2.641,0.225
294300,5.000,0.533,2.660,0.225
294500,5.000,0.526,2.629,0.225
294700,5.000,0.526,2.629,0.226
294900,5.000,0.530,2.648,0.226
295100,5.000,0.530,2.648,0.226
295300,5.000,0.528,2.637,0.226
295500,5.000,0.528,2.637,0.226
295700,5.000,0.530,2.645,0.226
295900,5.000,0.532,2.656,0.226
296100,5.000,0.531,2.648,0.227
296300,5.000,0.529,2.645,0.227
296500,5.000,0.529,2.645,0.227
296700,5.000,0.535,2.671,0.227
296900,5.000,0.528,2.637,0.227
297100,5.000,0.531,2.656,0.227
297300,5.000,0.531,2.656,0.228
297500,5.000,0.533,2.664,0.228
297700,5.000,0.530,2.648,0.228
297900,5.000,0.530,2.648,0.228
298100,5.000,0.528,2.637,0.228
298300,5.000,0.532,2.656,0.228
298500,5.000,0.530,2.648,0.229
298700,5.000,0.527,2.633,0.229
298900,5.000,0.527,2.633,0.229
299100,5.000,0.530,2.645,0.229
299300,5.000,0.530,2.648,0.229
299500,5.000,0.529,2.645,0.229
299700,5.000,0.529,2.645,0.229
299900,5.000,0.528,2.641,0.230
300100,5.000,0.533,2.664,0.230
300300,5.000,0.533,2.664,0.230
300500,5.000,0.527,2.629,0.230
300700,5.000,0.530,2.648,0.230
300900,5.000,0.532,2.660,0.230
301100,5.000,0.528,2.641,0.231
301300,5.000,0.528,2.641,0.231
301500,5.000,0.529,2.645,0.231
301700,5.000,0.533,2.660,0.231
301900,5.000,0.526,2.626,0.231
302100,5.000,0.526,2.626,0.231
302300,5.000,0.530,2.648,0.231
302500,5.000,0.530,2.648,0.232
302700,5.000,0.529,2.641,0.232
302900,5.000,0.529,2.641,0.232
303100,5.000,0.532,2.656,0.232
303300,5.000,0.532,2.656,0.232
303500,5.000,0.531,2.652,0.232
303700,5.000,0.529,2.641,0.233
303900,5.000,0.529,2.641,0.233
304100,5.000,0.534,2.667,0.233
304300,5.000,0.529,2.641,0.233
304500,5.000,0.529,2.641,0.233
304700,5.000,0.531,2.656,0.233
304900,5.000,0.528,2.637,0.233
305100,5.000,0.531,2.652,0.234
305300,5.000,0.529,2.645,0.234
305500,5.000,0.529,2.645,0.234
305700,5.000,0.531,2.652,0.234
305900,5.000,0.532,2.656,0.234
306100,5.000,0.526,2.629,0.234
306300,5.000,0.526,2.629,0.235
306500,5.000,0.533,2.660,0.235
306700,5.000,0.531,2.652,0.235
306900,5.000,0.529,2.641,0.235
307100,5.000,0.529,2.641,0.235
307300,5.000,0.528,2.641,0.235
307500,5.000,0.532,2.656,0.235
307700,5.000,0.527,2.633,0.236
307900,5.000,0.531,2.652,0.236
308100,5.000,0.531,2.652,0.236
308300,5.000,0.531,2.648,0.236
308500,5.000,0.527,2.633,0.236
308700,5.000,0.527,2.633,0.236
308900,5.000,0.530,2.648,0.237
309100,5.000,0.532,2.660,0.237
309300,5.000,0.527,2.629,0.237
309500,5.000,0.527,2.629,0.237
309700,5.000,0.530,2.645,0.237
309900,5.000,0.532,2.660,0.237
310100,5.000,0.528,2.641,0.237
310300,5.000,0.530,2.648,0.238
310500,5.000,0.530,2.648,0.238
310700,5.000,0.531,2.656,0.238
310900,5.000,0.533,2.660,0.238
311100,5.000,0.533,2.660,0.238
311300,5.000,0.529,2.645,0.238
311500,5.000,0.532,2.660,0.238
311700,5.000,0.530,2.645,0.239
311900,5.000,0.530,2.645,0.239
312100,5.000,0.530,2.645,0.239
312300,5.000,0.531,2.652,0.239
312500,5.000,0.531,2.652,0.239
312700,5.000,0.529,2.641,0.239
312900,5.000,0.529,2.641,0.240
313100,5.000,0.531,2.652,0.240
313300,5.000,0.532,2.656,0.240
313500,5.000,0.529,2.645,0.240
313700,5.000,0.529,2.645,0.240
313900,5.000,0.533,2.660,0.240
314100,5.000,0.530,2.648,0.240
314300,5.000,0.530,2.648,0.241
314500,5.000,0.529,2.645,0.241
314700,5.000,0.529,2.645,0.241
314900,5.000,0.533,2.664,0.241
315100,5.000,0.526,2.629,0.241
315300,5.000,0.526,2.629,0.241
315500,5.000,0.530,2.648,0.242
315700,5.000,0.532,2.656,0.242
315900,5.000,0.526,2.629,0.242
316100,5.000,0.526,2.629,0.242
316300,5.000,0.529,2.645,0.242
316500,5.000,0.534,2.667,0.242
316700,5.000,0.529,2.641,0.242
316900,5.000,0.529,2.641,0.243
317100,5.000,0.529,2.641,0.243
317300,5.000,0.533,2.664,0.243
317500,5.000,0.530,2.645,0.243
317700,5.000,0.531,2.652,0.243
317900,5.000,0.531,2.652,0.243
318100,5.000,0.532,2.660,0.244
318300,5.000,0.530,2.645,0.244
318500,5.000,0.530,2.645,0.244
318700,5.000,0.529,2.645,0.244
318900,5.000,0.531,2.652,0.244
319100,5.000,0.531,2.652,0.244
319300,5.000,0.530,2.648,0.245
319500,5.000,0.530,2.648,0.245
319700,5.000,0.530,2.648,0.245
319900,5.000,0.532,2.656,0.245
320100,5.000,0.529,2.645,0.245
320300,5.000,0.529,2.645,0.245
320500,5.000,0.532,2.656,0.245
320700,5.000,0.532,2.656,0.246
320900,5.000,0.526,2.626,0.246
321100,5.000,0.526,2.626,0.246
321300,5.000,0.531,2.652,0.246
321500,5.000,0.531,2.652,0.246
321700,5.000,0.526,2.629,0.246
321900,5.000,0.526,2.629,0.247
322100,5.000,0.530,2.648,0.247
322300,5.000,0.532,2.656,0.247
322500,5.000,0.527,2.633,0.247
322700,5.000,0.527,2.633,0.247
322900,5.000,0.531,2.648,0.247
323100,5.000,0.532,2.656,0.247
323300,5.000,0.527,2.633,0.248
323500,5.000,0.527,2.633,0.248
323700,5.000,0.531,2.652,0.248
323900,5.000,0.536,2.679,0.248
324100,5.000,0.529,2.645,0.248
324300,5.000,0.530,2.645,0.248
324500,5.000,0.530,2.645,0.248
324700,5.000,0.534,2.664,0.249
324900,5.000,0.529,2.641,0.249
325100,5.000,0.529,2.641,0.249
325300,5.000,0.530,2.652,0.249
325500,5.000,0.529,2.641,0.249
325700,5.000,0.532,2.660,0.249
325900,5.000,0.532,2.660,0.250
326100,5.000,0.529,2.645,0.250
326300,5.000,0.532,2.660,0.250
326500,5.000,0.530,2.648,0.250
326700,5.000,0.529,2.641,0.250
326900,5.000,0.529,2.641,0.250
327100,5.000,0.534,2.664,0.250
327300,5.000,0.530,2.648,0.251
327500,5.000,0.529,2.645,0.251
327700,5.000,0.529,2.645,0.251
327900,5.000,0.530,2.645,0.251
328100,5.000,0.532,2.656,0.251
328300,5.000,0.525,2.622,0.251
328500,5.000,0.530,2.652,0.252
328700,5.000,0.530,2.652,0.252
328900,5.000,0.531,2.656,0.252
329100,5.000,0.527,2.633,0.252
329300,5.000,0.527,2.633,0.252
329500,5.000,0.530,2.648,0.252
329700,5.000,0.533,2.664,0.252
329900,5.000,0.526,2.629,0.253
330100,5.000,0.526,2.629,0.253
330300,5.000,0.531,2.652,0.253
330500,5.000,0.532,2.656,0.253
330700,5.000,0.528,2.637,0.253
330900,5.000,0.530,2.648,0.253
331100,5.000,0.530,2.648,0.254
331300,5.000,0.531,2.656,0.254
331500,5.000,0.531,2.652,0.254
331700,5.000,0.531,2.648,0.254
331900,5.000,0.530,2.648,0.254
332100,5.000,0.531,2.656,0.254
332300,5.000,0.527,2.633,0.254
332500,5.000,0.527,2.633,0.255
332700,5.000,0.531,2.652,0.255
332900,5.000,0.531,2.652,0.255
333100,5.000,0.533,2.660,0.255
333300,5.000,0.528,2.641,0.255
333500,5.000,0.528,2.641,0.255
333700,5.000,0.532,2.656,0.256
333900,5.000,0.532,2.656,0.256
334100,5.000,0.529,2.645,0.256
334300,5.000,0.529,2.645,0.256
334500,5.000,0.534,2.664,0.256
334700,5.000,0.529,2.645,0.256
334900,5.000,0.529,2.645,0.256
335100,5.000,0.526,2.629,0.257
335300,5.000,0.529,2.641,0.257
335500,5.000,0.533,2.660,0.257
335700,5.000,0.526,2.629,0.257
335900,5.000,0.526,2.629,0.257
336100,5.000,0.531,2.652,0.257
336300,5.000,0.530,2.648,0.258
336500,5.000,0.527,2.629,0.258
336700,5.000,0.527,2.629,0.258
336900,5.000,0.530,2.645,0.258
337100,5.000,0.531,2.656,0.258
337300,5.000,0.528,2.637,0.258
337500,5.000,0.531,2.648,0.259
337700,5.000,0.531,2.648,0.259
337900,5.000,0.532,2.656,0.259
338100,5.000,0.529,2.641,0.259
338300,5.000,0.530,2.648,0.259
338500,5.000,0.530,2.648,0.259
338700,5.000,0.532,2.656,0.259
338900,5.000,0.529,2.641,0.260
339100,5.000,0.529,2.641,0.260
339300,5.000,0.526,2.629,0.260
339500,5.000,0.532,2.656,0.260
339700,5.000,0.531,2.652,0.260
339900,5.000,0.529,2.645,0.260
340100,5.000,0.529,2.645,0.260
340300,5.000,0.531,2.652,0.261
340500,5.000,0.532,2.660,0.261
340700,5.000,0.530,2.645,0.261
340900,5.000,0.530,2.645,0.261
341100,5.000,0.531,2.656,0.261
341300,5.000,0.533,2.660,0.261
341500,5.000,0.528,2.637,0.262
341700,5.000,0.528,2.637,0.262
341900,5.000,0.530,2.648,0.262
342100,5.000,0.532,2.656,0.262
342300,5.000,0.528,2.637,0.262
342500,5.000,0.528,2.637,0.262
342700,5.000,0.530,2.645,0.262
342900,5.000,0.533,2.664,0.263
343100,5.000,0.525,2.626,0.263
343300,5.000,0.525,2.626,0.263
343500,5.000,0.531,2.652,0.263
343700,5.000,0.532,2.656,0.263
343900,5.000,0.527,2.633,0.263
344100,5.000,0.527,2.633,0.264
344300,5.000,0.529,2.645,0.264
344500,5.000,0.531,2.652,0.264
344700,5.000,0.529,2.641,0.264
344900,5.000,0.529,2.645,0.264
345100,5.000,0.529,2.645,0.264
345300,5.000,0.532,2.656,0.264
345500,5.000,0.528,2.637,0.265
345700,5.000,0.528,2.637,0.265
345900,5.000,0.531,2.652,0.265
346100,5.000,0.529,2.645,0.265
346300,5.000,0.529,2.641,0.265
346500,5.000,0.529,2.641,0.265
346700,5.000,0.529,2.645,0.266
346900,5.000,0.534,2.667,0.266
347100,5.000,0.532,2.656,0.266
347300,5.000,0.530,2.648,0.266
347500,5.000,0.530,2.648,0.266
347700,5.000,0.531,2.652,0.266
347900,5.000,0.533,2.660,0.266
348100,5.000,0.532,2.656,0.267
348300,5.000,0.532,2.656,0.267
348500,5.000,0.528,2.641,0.267
348700,5.000,0.532,2.656,0.267
348900,5.000,0.532,2.656,0.267
349100,5.000,0.531,2.652,0.267
349300,5.000,0.531,2.652,0.268
349500,5.000,0.530,2.648,0.268
349700,5.000,0.527,2.637,0.268
349900,5.000,0.527,2.637,0.268
350100,5.000,0.529,2.645,0.268
350300,5.000,0.533,2.664,0.268
350500,5.000,0.525,2.622,0.268
350700,5.000,0.525,2.622,0.269
350900,5.000,0.533,2.660,0.269
351100,5.000,0.530,2.648,0.269
351300,5.000,0.529,2.641,0.269
351500,5.000,0.529,2.641,0.269
351700,5.000,0.529,2.641,0.269
351900,5.000,0.531,2.652,0.270
352100,5.000,0.530,2.645,0.270
352300,5.000,0.529,2.641,0.270
352500,5.000,0.529,2.641,0.270
352700,5.000,0.531,2.652,0.270
352900,5.000,0.528,2.641,0.270
353100,5.000,0.528,2.641,0.270
353300,5.000,0.530,2.648,0.271
353500,5.000,0.532,2.656,0.271
353700,5.000,0.532,2.656,0.271
353900,5.000,0.529,2.641,0.271
354100,5.000,0.529,2.641,0.271
354300,5.000,0.534,2.667,0.271
354500,5.000,0.531,2.652,0.272
354700,5.000,0.529,2.645,0.272
354900,5.000,0.529,2.645,0.272
355100,5.000,0.533,2.660,0.272
355300,5.000,0.531,2.652,0.272
355500,5.000,0.531,2.652,0.272
355700,5.000,0.528,2.637,0.272
355900,5.000,0.532,2.656,0.273
356100,5.000,0.534,2.667,0.273
356300,5.000,0.525,2.626,0.273
356500,5.000,0.525,2.626,0.273
356700,5.000,0.530,2.648,0.273
356900,5.000,0.534,2.664,0.273
357100,5.000,0.528,2.637,0.274
357300,5.000,0.528,2.637,0.274
357500,5.000,0.530,2.648,0.274
357700,5.000,0.530,2.648,0.274
357900,5.000,0.527,2.629,0.274
358100,5.000,0.527,2.629,0.274
358300,5.000,0.530,2.648,0.274
358500,5.000,0.531,2.648,0.275
358700,5.000,0.528,2.637,0.275
358900,5.000,0.530,2.648,0.275
359100,5.000,0.530,2.648,0.275
359300,5.000,0.529,2.645,0.275
359500,5.000,0.529,2.645,0.275
359700,5.000,0.529,2.645,0.275
359900,5.000,0.529,2.641,0.276
360100,5.000,0.530,2.648,0.276
360300,5.000,0.529,2.645,0.276
360500,5.000,0.530,2.648,0.276
360700,5.000,0.530,2.648,0.276
360900,5.000,0.529,2.641,0.276
361100,5.000,0.532,2.656,0.277
361300,5.000,0.529,2.645,0.277
361500,5.000,0.529,2.645,0.277
361700,5.000,0.533,2.660,0.277
361900,5.000,0.531,2.648,0.277
362100,5.000,0.526,2.626,0.277
362300,5.000,0.526,2.626,0.277
362500,5.000,0.533,2.664,0.278
362700,5.000,0.533,2.660,0.278
362900,5.000,0.528,2.637,0.278
363100,5.000,0.529,2.641,0.278
363300,5.000,0.529,2.641,0.278
363500,5.000,0.534,2.667,0.278
363700,5.000,0.526,2.629,0.279
363900,5.000,0.526,2.629,0.279
364100,5.000,0.532,2.660,0.279
364300,5.000,0.532,2.656,0.279
364500,5.000,0.526,2.629,0.279
364700,5.000,0.526,2.629,0.279
364900,5.000,0.530,2.648,0.279
365100,5.000,0.532,2.660,0.280
365300,5.000,0.528,2.637,0.280
365500,5.000,0.531,2.652,0.280
365700,5.000,0.531,2.652,0.280
365900,5.000,0.533,2.664,0.280
366100,5.000,0.527,2.633,0.280
366300,5.000,0.527,2.633,0.281
366500,5.000,0.530,2.648,0.281
366700,5.000,0.531,2.652,0.281
366900,5.000,0.529,2.645,0.281
367100,5.000,0.529,2.645,0.281
367300,5.000,0.528,2.641,0.281
367500,5.000,0.533,2.664,0.282
367700,5.000,0.530,2.648,0.282
367900,5.000,0.529,2.645,0.282
368100,5.000,0.529,2.645,0.282
368300,5.000,0.532,2.660,0.282
368500,5.000,0.531,2.652,0.282
368700,5.000,0.529,2.645,0.282
368900,5.000,0.529,2.645,0.283
369100,5.000,0.533,2.664,0.283
369300,5.000,0.531,2.652,0.283
369500,5.000,0.531,2.652,0.283
369700,5.000,0.531,2.652,0.283
369900,5.000,0.531,2.652,0.283
370100,5.000,0.533,2.664,0.284
370300,5.000,0.527,2.633,0.284
370500,5.000,0.527,2.633,0.284
370700,5.000,0.529,2.645,0.284
370900,5.000,0.533,2.664,0.284
371100,5.000,0.527,2.637,0.284
371300,5.000,0.527,2.637,0.284
371500,5.000,0.531,2.652,0.285
371700,5.000,0.531,2.652,0.285
371900,5.000,0.528,2.637,0.285
372100,5.000,0.528,2.637,0.285
372300,5.000,0.528,2.637,0.285
372500,5.000,0.531,2.652,0.285
372700,5.000,0.527,2.633,0.286
372900,5.000,0.529,2.645,0.286
373100,5.000,0.529,2.645,0.286
373300,5.000,0.533,2.660,0.286
373500,5.000,0.528,2.637,0.286
373700,5.000,0.528,2.637,0.286
373900,5.000,0.529,2.641,0.286
374100,5.000,0.532,2.660,0.287
374300,5.000,0.532,2.656,0.287
374500,5.000,0.527,2.633,0.287
374700,5.000,0.527,2.633,0.287
374900,5.000,0.532,2.656,0.287
375100,5.000,0.531,2.652,0.287
375300,5.000,0.531,2.652,0.287
375500,5.000,0.531,2.652,0.288
375700,5.000,0.532,2.656,0.288
375900,5.000,0.533,2.660,0.288
376100,5.000,0.533,2.660,0.288
376300,5.000,0.527,2.633,0.288
376500,5.000,0.530,2.648,0.288
376700,5.000,0.534,2.667,0.289
376900,5.000,0.525,2.622,0.289
377100,5.000,0.525,2.622,0.289
377300,5.000,0.532,2.656,0.289
377500,5.000,0.532,2.656,0.289
377700,5.000,0.526,2.629,0.289
377900,5.000,0.526,2.629,0.289
378100,5.000,0.531,2.652,0.290
378300,5.000,0.533,2.660,0.290
378500,5.000,0.527,2.633,0.290
378700,5.000,0.527,2.633,0.290
378900,5.000,0.529,2.645,0.290
379100,5.000,0.530,2.648,0.290
379300,5.000,0.528,2.637,0.291
379500,5.000,0.529,2.645,0.291
379700,5.000,0.529,2.645,0.291
379900,5.000,0.531,2.652,0.291
380100,5.000,0.527,2.633,0.291
380300,5.000,0.527,2.633,0.291
380500,5.000,0.528,2.641,0.291
380700,5.000,0.530,2.648,0.292
380900,5.000,0.530,2.648,0.292
381100,5.000,0.530,2.648,0.292
381300,5.000,0.534,2.667,0.292
381500,5.000,0.532,2.656,0.292
381700,5.000,0.533,2.664,0.292
381900,5.000,0.528,2.641,0.293
382100,5.000,0.528,2.641,0.293
382300,5.000,0.534,2.664,0.293
382500,5.000,0.530,2.648,0.293
382700,5.000,0.530,2.648,0.293
382900,5.000,0.530,2.648,0.293
383100,5.000,0.528,2.633,0.293
383300,5.000,0.532,2.656,0.294
383500,5.000,0.529,2.641,0.294
383700,5.000,0.530,2.648,0.294
383900,5.000,0.530,2.648,0.294
384100,5.000,0.533,2.664,0.294
384300,5.000,0.528,2.637,0.294
384500,5.000,0.528,2.637,0.295
384700,5.000,0.532,2.660,0.295
384900,5.000,0.534,2.667,0.295
385100,5.000,0.527,2.637,0.295
385300,5.000,0.527,2.637,0.295
385500,5.000,0.529,2.641,0.295
385700,5.000,0.532,2.656,0.295
385900,5.000,0.527,2.633,0.296
386100,5.000,0.531,2.652,0.296
386300,5.000,0.531,2.652,0.296
386500,5.000,0.531,2.652,0.296
386700,5.000,0.528,2.637,0.296
386900,5.000,0.528,2.637,0.296
387100,5.000,0.529,2.645,0.297
387300,5.000,0.532,2.656,0.297
387500,5.000,0.528,2.637,0.297
387700,5.000,0.528,2.637,0.297
387900,5.000,0.529,2.641,0.297
388100,5.000,0.530,2.648,0.297
388300,5.000,0.529,2.645,0.297
388500,5.000,0.531,2.652,0.298
388700,5.000,0.531,2.652,0.298
