300,5.000,0.545,2.721,0.000
500,5.000,0.518,2.587,0.000
700,5.000,0.518,2.587,0.000
900,5.000,0.543,2.713,0.000
1100,5.000,0.539,2.694,0.000
1300,5.000,0.543,2.709,0.000
1500,5.000,0.543,2.709,0.000
1700,5.000,0.543,2.713,0.001
1900,5.000,0.543,2.713,0.001
2100,5.000,0.540,2.698,0.001
2300,5.000,0.540,2.698,0.001
2500,5.000,0.542,2.709,0.001
2700,5.000,0.541,2.702,0.001
2900,5.000,0.536,2.675,0.002
3100,5.000,0.538,2.687,0.002
3300,5.000,0.538,2.687,0.002
3500,5.000,0.532,2.660,0.002
3700,5.000,0.528,2.637,0.002
3900,5.000,0.528,2.637,0.002
4100,5.000,0.531,2.652,0.002
4300,5.000,0.531,2.652,0.003
4500,5.000,0.527,2.633,0.003
4700,5.000,0.527,2.633,0.003
4900,5.000,0.538,2.687,0.003
5100,5.000,0.532,2.656,0.003
5300,5.000,0.525,2.626,0.003
5500,5.000,0.525,2.626,0.004
5700,5.000,0.531,2.648,0.004
5900,5.000,0.531,2.652,0.004
6100,5.000,0.526,2.629,0.004
6300,5.000,0.534,2.667,0.004
6500,5.000,0.534,2.667,0.004
6700,5.000,0.533,2.664,0.004
6900,5.000,0.529,2.641,0.005
7100,5.000,0.529,2.641,0.005
7300,5.000,0.538,2.687,0.005
7500,5.000,0.530,2.648,0.005
7700,5.000,0.528,2.637,0.005
7900,5.000,0.528,2.637,0.005
8100,5.000,0.532,2.656,0.006
8300,5.000,0.532,2.656,0.006
8500,5.000,0.525,2.622,0.006
8700,5.000,0.529,2.645,0.006
8900,5.000,0.529,2.645,0.006
9100,5.000,0.527,2.633,0.006
9300,5.000,0.525,2.622,0.006
9500,5.000,0.525,2.622,0.007
9700,5.000,0.531,2.652,0.007
9900,5.000,0.533,2.660,0.007
10100,5.000,0.531,2.652,0.007
10300,5.000,0.531,2.652,0.007
10500,5.000,0.536,2.679,0.007
10700,5.000,0.534,2.671,0.007
10900,5.000,0.530,2.648,0.008
11100,5.000,0.530,2.648,0.008
11300,5.000,0.535,2.675,0.008
11500,5.000,0.536,2.675,0.008
11700,5.000,0.529,2.645,0.008
11900,5.000,0.532,2.660,0.008
12100,5.000,0.532,2.660,0.009
12300,5.000,0.529,2.645,0.009
12500,5.000,0.524,2.614,0.009
12700,5.000,0.524,2.614,0.009
12900,5.000,0.533,2.660,0.009
13100,5.000,0.533,2.660,0.009
13300,5.000,0.530,2.645,0.009
13500,5.000,0.530,2.645,0.010
13700,5.000,0.532,2.656,0.010
13900,5.000,0.533,2.664,0.010
14100,5.000,0.531,2.648,0.010
14300,5.000,0.532,2.656,0.010
14500,5.000,0.532,2.656,0.010
14700,5.000,0.535,2.675,0.011
14900,5.000,0.529,2.645,0.011
15100,5.000,0.535,2.671,0.011
15300,5.000,0.535,2.671,0.011
15500,5.000,0.532,2.660,0.011
15700,5.000,0.527,2.629,0.011
15900,5.000,0.527,2.629,0.011
16100,5.000,0.528,2.641,0.012
16300,5.000,0.531,2.652,0.012
16500,5.000,0.525,2.626,0.012
16700,5.000,0.525,2.626,0.012
16900,5.000,0.527,2.633,0.012
17100,5.000,0.530,2.648,0.012
17300,5.000,0.524,2.618,0.013
17500,5.000,0.529,2.641,0.013
17700,5.000,0.529,2.641,0.013
17900,5.000,0.530,2.648,0.013
18100,5.000,0.530,2.648,0.013
18300,5.000,0.533,2.664,0.013
18500,5.000,0.533,2.664,0.013
18700,5.000,0.538,2.690,0.014
18900,5.000,0.529,2.645,0.014
19100,5.000,0.529,2.645,0.014
19300,5.000,0.533,2.660,0.014
19500,5.000,0.537,2.683,0.014
19700,5.000,0.528,2.637,0.014
19900,5.000,0.529,2.645,0.015
20100,5.000,0.529,2.645,0.015
20300,5.000,0.532,2.656,0.015
20500,5.000,0.526,2.626,0.015
20700,5.000,0.527,2.633,0.015
20900,5.000,0.527,2.633,0.015
21100,5.000,0.531,2.648,0.015
21300,5.000,0.525,2.622,0.016
21500,5.000,0.525,2.622,0.016
21700,5.000,0.533,2.660,0.016
21900,5.000,0.534,2.667,0.016
22100,5.000,0.529,2.645,0.016
22300,5.000,0.529,2.645,0.016
22500,5.000,0.529,2.641,0.017
22700,5.000,0.537,2.683,0.017
22900,5.000,0.527,2.633,0.017
23100,5.000,0.531,2.652,0.017
23300,5.000,0.531,2.652,0.017
23500,5.000,0.534,2.667,0.017
23700,5.000,0.526,2.629,0.017
23900,5.000,0.530,2.648,0.018
24100,5.000,0.530,2.648,0.018
24300,5.000,0.531,2.652,0.018
24500,5.000,0.526,2.626,0.018
24700,5.000,0.526,2.626,0.018
24900,5.000,0.530,2.645,0.018
25100,5.000,0.536,2.679,0.018
25300,5.000,0.527,2.633,0.019
25500,5.000,0.533,2.664,0.019
25700,5.000,0.533,2.664,0.019
25900,5.000,0.536,2.675,0.019
26100,5.000,0.530,2.648,0.019
26300,5.000,0.529,2.645,0.019
26500,5.000,0.529,2.645,0.020
26700,5.000,0.535,2.671,0.020
26900,5.000,0.528,2.637,0.020
27100,5.000,0.529,2.641,0.020
27300,5.000,0.529,2.641,0.020
27500,5.000,0.531,2.656,0.020
27700,5.000,0.527,2.633,0.020
27900,5.000,0.527,2.633,0.021
28100,5.000,0.532,2.656,0.021
28300,5.000,0.532,2.656,0.021
28500,5.000,0.531,2.652,0.021
28700,5.000,0.530,2.648,0.021
28900,5.000,0.530,2.648,0.021
29100,5.000,0.537,2.687,0.022
29300,5.000,0.532,2.660,0.022
29500,5.000,0.532,2.656,0.022
29700,5.000,0.532,2.656,0.022
29900,5.000,0.534,2.667,0.022
30100,5.000,0.531,2.648,0.022
30300,5.000,0.531,2.648,0.022
30500,5.000,0.527,2.633,0.023
30700,5.000,0.531,2.656,0.023
30900,5.000,0.526,2.629,0.023
31100,5.000,0.527,2.629,0.023
31300,5.000,0.527,2.629,0.023
31500,5.000,0.531,2.652,0.023
31700,5.000,0.527,2.629,0.024
31900,5.000,0.528,2.637,0.024
32100,5.000,0.528,2.637,0.024
32300,5.000,0.535,2.671,0.024
32500,5.000,0.532,2.660,0.024
32700,5.000,0.528,2.637,0.024
32900,5.000,0.528,2.637,0.024
33100,5.000,0.536,2.679,0.025
33300,5.000,0.534,2.664,0.025
33500,5.000,0.534,2.664,0.025
33700,5.000,0.536,2.679,0.025
33900,5.000,0.536,2.679,0.025
34100,5.000,0.534,2.667,0.025
34300,5.000,0.530,2.648,0.026
34500,5.000,0.530,2.648,0.026
34700,5.000,0.534,2.667,0.026
34900,5.000,0.528,2.637,0.026
35100,5.000,0.525,2.622,0.026
35300,5.000,0.525,2.622,0.026
35500,5.000,0.533,2.664,0.026
35700,5.000,0.525,2.626,0.027
35900,5.000,0.525,2.626,0.027
36100,5.000,0.525,2.626,0.027
36300,5.000,0.532,2.656,0.027
36500,5.000,0.534,2.667,0.027
36700,5.000,0.528,2.637,0.027
36900,5.000,0.535,2.671,0.028
37100,5.000,0.535,2.671,0.028
37300,5.000,0.534,2.667,0.028
37500,5.000,0.531,2.652,0.028
37700,5.000,0.531,2.652,0.028
37900,5.000,0.535,2.671,0.028
38100,5.000,0.528,2.637,0.028
38300,5.000,0.527,2.629,0.029
38500,5.000,0.527,2.629,0.029
38700,5.000,0.531,2.652,0.029
38900,5.000,0.534,2.667,0.029
39100,5.000,0.525,2.626,0.029
39300,5.000,0.533,2.664,0.029
39500,5.000,0.533,2.664,0.030
39700,5.000,0.531,2.652,0.030
39900,5.000,0.529,2.645,0.030
40100,5.000,0.529,2.660,0.030
40300,5.000,0.533,2.660,0.030
40500,5.000,0.535,2.671,0.030
40700,5.000,0.529,2.645,0.030
40900,5.000,0.529,2.645,0.031
41100,5.000,0.534,2.667,0.031
41300,5.000,0.528,2.641,0.031
41500,5.000,0.526,2.629,0.031
41700,5.000,0.526,2.629,0.031
41900,5.000,0.532,2.656,0.031
42100,5.000,0.533,2.664,0.032
42300,5.000,0.529,2.645,0.032
42500,5.000,0.534,2.667,0.032
42700,5.000,0.534,2.667,0.032
42900,5.000,0.537,2.683,0.032
43100,5.000,0.528,2.637,0.032
43300,5.000,0.528,2.637,0.032
43500,5.000,0.535,2.671,0.033
43700,5.000,0.529,2.645,0.033
43900,5.000,0.526,2.626,0.033
44100,5.000,0.526,2.626,0.033
44300,5.000,0.527,2.633,0.033
44500,5.000,0.531,2.652,0.033
44700,5.000,0.525,2.622,0.033
44900,5.000,0.529,2.641,0.034
45100,5.000,0.529,2.641,0.034
45300,5.000,0.533,2.664,0.034
45500,5.000,0.529,2.641,0.034
45700,5.000,0.535,2.671,0.034
45900,5.000,0.535,2.671,0.034
46100,5.000,0.537,2.683,0.035
46300,5.000,0.531,2.652,0.035
46500,5.000,0.531,2.652,0.035
46700,5.000,0.532,2.660,0.035
46900,5.000,0.532,2.660,0.035
47100,5.000,0.526,2.629,0.035
47300,5.000,0.526,2.629,0.035
47500,5.000,0.530,2.648,0.036
47700,5.000,0.530,2.648,0.036
47900,5.000,0.526,2.626,0.036
48100,5.000,0.528,2.637,0.036
48300,5.000,0.528,2.637,0.036
48500,5.000,0.531,2.652,0.036
48700,5.000,0.528,2.637,0.037
48900,5.000,0.533,2.660,0.037
49100,5.000,0.533,2.660,0.037
49300,5.000,0.538,2.687,0.037
49500,5.000,0.530,2.645,0.037
49700,5.000,0.530,2.645,0.037
49900,5.000,0.531,2.652,0.037
50100,5.000,0.535,2.671,0.038
50300,5.000,0.529,2.641,0.038
50500,5.000,0.528,2.641,0.038
50700,5.000,0.528,2.641,0.038
50900,5.000,0.535,2.671,0.038
51100,5.000,0.526,2.629,0.038
51300,5.000,0.529,2.645,0.038
51500,5.000,0.529,2.645,0.039
51700,5.000,0.531,2.656,0.039
51900,5.000,0.525,2.622,0.039
52100,5.000,0.525,2.622,0.039
52300,5.000,0.530,2.648,0.039
52500,5.000,0.534,2.667,0.039
52700,5.000,0.529,2.641,0.040
52900,5.000,0.529,2.641,0.040
53100,5.000,0.529,2.641,0.040
53300,5.000,0.534,2.667,0.040
53500,5.000,0.526,2.626,0.040
53700,5.000,0.529,2.645,0.040
53900,5.000,0.529,2.645,0.040
54100,5.000,0.533,2.660,0.041
54300,5.000,0.528,2.637,0.041
54500,5.000,0.529,2.645,0.041
54700,5.000,0.529,2.645,0.041
54900,5.000,0.534,2.667,0.041
55100,5.000,0.528,2.637,0.041
55300,5.000,0.528,2.637,0.042
55500,5.000,0.532,2.660,0.042
55700,5.000,0.538,2.687,0.042
55900,5.000,0.531,2.652,0.042
56100,5.000,0.531,2.656,0.042
56300,5.000,0.531,2.656,0.042
56500,5.000,0.535,2.671,0.042
56700,5.000,0.527,2.633,0.043
56900,5.000,0.526,2.626,0.043
57100,5.000,0.526,2.626,0.043
57300,5.000,0.533,2.664,0.043
57500,5.000,0.525,2.622,0.043
57700,5.000,0.531,2.652,0.043
57900,5.000,0.531,2.652,0.044
58100,5.000,0.530,2.648,0.044
58300,5.000,0.532,2.656,0.044
58500,5.000,0.532,2.656,0.044
58700,5.000,0.531,2.652,0.044
58900,5.000,0.537,2.679,0.044
59100,5.000,0.531,2.652,0.044
59300,5.000,0.532,2.656,0.045
59500,5.000,0.532,2.656,0.045
59700,5.000,0.538,2.687,0.045
59900,5.000,0.528,2.637,0.045
60100,5.000,0.529,2.641,0.045
60300,5.000,0.529,2.641,0.045
60500,5.000,0.530,2.648,0.045
60700,5.000,0.526,2.629,0.046
60900,5.000,0.524,2.618,0.046
61100,5.000,0.524,2.618,0.046
61300,5.000,0.533,2.664,0.046
61500,5.000,0.526,2.626,0.046
61700,5.000,0.526,2.626,0.046
61900,5.000,0.526,2.626,0.047
62100,5.000,0.534,2.667,0.047
62300,5.000,0.531,2.652,0.047
62500,5.000,0.530,2.648,0.047
62700,5.000,0.530,2.648,0.047
62900,5.000,0.537,2.683,0.047
63100,5.000,0.533,2.664,0.047
63300,5.000,0.531,2.652,0.048
63500,5.000,0.531,2.652,0.048
63700,5.000,0.532,2.656,0.048
63900,5.000,0.531,2.652,0.048
64100,5.000,0.531,2.652,0.048
64300,5.000,0.532,2.660,0.048
64500,5.000,0.532,2.660,0.049
64700,5.000,0.532,2.656,0.049
64900,5.000,0.527,2.637,0.049
65100,5.000,0.527,2.637,0.049
65300,5.000,0.534,2.667,0.049
65500,5.000,0.531,2.648,0.049
65700,5.000,0.529,2.645,0.049
65900,5.000,0.529,2.645,0.050
66100,5.000,0.534,2.667,0.050
66300,5.000,0.533,2.660,0.050
66500,5.000,0.527,2.637,0.050
66700,5.000,0.527,2.637,0.050
66900,5.000,0.532,2.660,0.050
67100,5.000,0.532,2.656,0.051
67300,5.000,0.526,2.629,0.051
67500,5.000,0.532,2.656,0.051
67700,5.000,0.532,2.656,0.051
67900,5.000,0.530,2.648,0.051
68100,5.000,0.528,2.637,0.051
68300,5.000,0.528,2.637,0.051
68500,5.000,0.533,2.660,0.052
68700,5.000,0.530,2.648,0.052
68900,5.000,0.524,2.618,0.052
69100,5.000,0.524,2.618,0.052
69300,5.000,0.531,2.648,0.052
69500,5.000,0.532,2.656,0.052
69700,5.000,0.526,2.626,0.052
69900,5.000,0.532,2.656,0.053
70100,5.000,0.532,2.656,0.053
70300,5.000,0.532,2.660,0.053
70500,5.000,0.529,2.641,0.053
70700,5.000,0.533,2.664,0.053
70900,5.000,0.533,2.664,0.053
71100,5.000,0.532,2.660,0.054
71300,5.000,0.529,2.645,0.054
71500,5.000,0.529,2.645,0.054
71700,5.000,0.534,2.664,0.054
71900,5.000,0.529,2.641,0.054
72100,5.000,0.527,2.633,0.054
72300,5.000,0.527,2.633,0.054
72500,5.000,0.529,2.645,0.055
72700,5.000,0.535,2.671,0.055
72900,5.000,0.528,2.637,0.055
73100,5.000,0.532,2.656,0.055
73300,5.000,0.532,2.656,0.055
73500,5.000,0.535,2.671,0.055
73700,5.000,0.529,2.645,0.056
73900,5.000,0.529,2.645,0.056
74100,5.000,0.533,2.664,0.056
74300,5.000,0.531,2.656,0.056
74500,5.000,0.528,2.637,0.056
74700,5.000,0.528,2.637,0.056
74900,5.000,0.531,2.652,0.056
75100,5.000,0.532,2.656,0.057
75300,5.000,0.524,2.618,0.057
75500,5.000,0.529,2.645,0.057
75700,5.000,0.529,2.645,0.057
75900,5.000,0.531,2.652,0.057
76100,5.000,0.528,2.637,0.057
76300,5.000,0.532,2.660,0.058
76500,5.000,0.532,2.660,0.058
76700,5.000,0.536,2.683,0.058
76900,5.000,0.530,2.648,0.058
77100,5.000,0.530,2.648,0.058
77300,5.000,0.534,2.667,0.058
77500,5.000,0.533,2.664,0.058
77700,5.000,0.530,2.648,0.059
77900,5.000,0.530,2.648,0.059
78100,5.000,0.533,2.660,0.059
78300,5.000,0.532,2.656,0.059
78500,5.000,0.527,2.637,0.059
78700,5.000,0.527,2.637,0.059
78900,5.000,0.527,2.637,0.060
79100,5.000,0.532,2.656,0.060
79300,5.000,0.524,2.618,0.060
79500,5.000,0.529,2.645,0.060
79700,5.000,0.529,2.645,0.060
79900,5.000,0.533,2.664,0.060
80100,5.000,0.527,2.633,0.060
80300,5.000,0.527,2.633,0.061
80500,5.000,0.529,2.641,0.061
80700,5.000,0.534,2.671,0.061
80900,5.000,0.528,2.637,0.061
81100,5.000,0.532,2.660,0.061
81300,5.000,0.532,2.660,0.061
81500,5.000,0.537,2.683,0.062
81700,5.000,0.530,2.648,0.062
81900,5.000,0.534,2.667,0.062
82100,5.000,0.534,2.667,0.062
82300,5.000,0.533,2.664,0.062
82500,5.000,0.527,2.633,0.062
82700,5.000,0.526,2.629,0.062
82900,5.000,0.526,2.629,0.063
83100,5.000,0.532,2.660,0.063
83300,5.000,0.525,2.622,0.063
83500,5.000,0.525,2.622,0.063
83700,5.000,0.530,2.648,0.063
83900,5.000,0.535,2.671,0.063
84100,5.000,0.530,2.648,0.064
84300,5.000,0.530,2.648,0.064
84500,5.000,0.530,2.648,0.064
84700,5.000,0.536,2.679,0.064
84900,5.000,0.529,2.641,0.064
85100,5.000,0.529,2.645,0.064
85300,5.000,0.529,2.645,0.064
85500,5.000,0.534,2.667,0.065
85700,5.000,0.523,2.614,0.065
85900,5.000,0.523,2.614,0.065
86100,5.000,0.527,2.633,0.065
86300,5.000,0.534,2.667,0.065
86500,5.000,0.529,2.645,0.065
86700,5.000,0.527,2.637,0.066
86900,5.000,0.527,2.637,0.066
87100,5.000,0.537,2.683,0.066
87300,5.000,0.529,2.645,0.066
87500,5.000,0.529,2.645,0.066
87700,5.000,0.529,2.645,0.066
87900,5.000,0.533,2.664,0.066
88100,5.000,0.529,2.645,0.067
88300,5.000,0.530,2.645,0.067
88500,5.000,0.530,2.645,0.067
88700,5.000,0.534,2.667,0.067
88900,5.000,0.526,2.629,0.067
89100,5.000,0.526,2.629,0.067
89300,5.000,0.529,2.641,0.067
89500,5.000,0.539,2.690,0.068
89700,5.000,0.532,2.656,0.068
89900,5.000,0.533,2.664,0.068
90100,5.000,0.533,2.664,0.068
90300,5.000,0.536,2.679,0.068
90500,5.000,0.533,2.660,0.068
90700,5.000,0.529,2.641,0.069
90900,5.000,0.529,2.641,0.069
91100,5.000,0.533,2.664,0.069
91300,5.000,0.525,2.626,0.069
91500,5.000,0.526,2.626,0.069
91700,5.000,0.526,2.626,0.069
91900,5.000,0.531,2.648,0.069
92100,5.000,0.527,2.633,0.070
92300,5.000,0.526,2.626,0.070
92500,5.000,0.531,2.652,0.070
92700,5.000,0.531,2.652,0.070
92900,5.000,0.531,2.656,0.070
93100,5.000,0.530,2.645,0.070
93300,5.000,0.530,2.645,0.071
93500,5.000,0.539,2.690,0.071
93700,5.000,0.531,2.652,0.071
93900,5.000,0.533,2.660,0.071
94100,5.000,0.533,2.660,0.071
94300,5.000,0.533,2.664,0.071
94500,5.000,0.529,2.641,0.071
94700,5.000,0.529,2.641,0.072
94900,5.000,0.526,2.629,0.072
95100,5.000,0.532,2.660,0.072
95300,5.000,0.528,2.637,0.072
95500,5.000,0.525,2.622,0.072
95700,5.000,0.525,2.622,0.072
95900,5.000,0.533,2.664,0.073
96100,5.000,0.527,2.633,0.073
96300,5.000,0.529,2.645,0.073
96500,5.000,0.529,2.645,0.073
96700,5.000,0.536,2.675,0.073
96900,5.000,0.534,2.667,0.073
97100,5.000,0.529,2.645,0.073
97300,5.000,0.529,2.645,0.074
97500,5.000,0.534,2.667,0.074
97700,5.000,0.533,2.664,0.074
97900,5.000,0.530,2.648,0.074
98100,5.000,0.532,2.660,0.074
98300,5.000,0.532,2.660,0.074
98500,5.000,0.531,2.652,0.075
98700,5.000,0.527,2.629,0.075
98900,5.000,0.527,2.629,0.075
99100,5.000,0.531,2.652,0.075
99300,5.000,0.528,2.641,0.075
99500,5.000,0.524,2.614,0.075
99700,5.000,0.524,2.614,0.075
99900,5.000,0.532,2.656,0.076
100100,5.000,0.527,2.633,0.076
100300,5.000,0.527,2.633,0.076
100500,5.000,0.527,2.633,0.076
100700,5.000,0.532,2.656,0.076
100900,5.000,0.534,2.671,0.076
101100,5.000,0.529,2.645,0.076
101300,5.000,0.535,2.675,0.077
101500,5.000,0.535,2.675,0.077
101700,5.000,0.532,2.656,0.077
101900,5.000,0.529,2.641,0.077
102100,5.000,0.529,2.641,0.077
102300,5.000,0.536,2.675,0.077
102500,5.000,0.531,2.652,0.078
102700,5.000,0.526,2.626,0.078
102900,5.000,0.526,2.626,0.078
103100,5.000,0.531,2.652,0.078
103300,5.000,0.533,2.660,0.078
103500,5.000,0.525,2.622,0.078
103700,5.000,0.530,2.648,0.078
103900,5.000,0.530,2.648,0.079
104100,5.000,0.530,2.648,0.079
104300,5.000,0.529,2.645,0.079
104500,5.000,0.529,2.660,0.079
104700,5.000,0.532,2.660,0.079
104900,5.000,0.533,2.664,0.079
105100,5.000,0.529,2.641,0.080
105300,5.000,0.529,2.641,0.080
105500,5.000,0.536,2.679,0.080
105700,5.000,0.529,2.641,0.080
105900,5.000,0.525,2.622,0.080
106100,5.000,0.525,2.622,0.080
106300,5.000,0.530,2.648,0.080
106500,5.000,0.535,2.671,0.081
106700,5.000,0.528,2.637,0.081
106900,5.000,0.532,2.656,0.081
107100,5.000,0.532,2.656,0.081
107300,5.000,0.537,2.683,0.081
107500,5.000,0.529,2.641,0.081
107700,5.000,0.529,2.641,0.081
107900,5.000,0.536,2.675,0.082
108100,5.000,0.531,2.652,0.082
108300,5.000,0.529,2.645,0.082
108500,5.000,0.529,2.645,0.082
108700,5.000,0.532,2.656,0.082
108900,5.000,0.532,2.656,0.082
109100,5.000,0.525,2.626,0.083
109300,5.000,0.529,2.641,0.083
109500,5.000,0.529,2.641,0.083
109700,5.000,0.531,2.652,0.083
109900,5.000,0.525,2.618,0.083
110100,5.000,0.531,2.652,0.083
110300,5.000,0.531,2.652,0.083
110500,5.000,0.533,2.660,0.084
110700,5.000,0.529,2.641,0.084
110900,5.000,0.529,2.641,0.084
111100,5.000,0.532,2.660,0.084
111300,5.000,0.535,2.671,0.084
111500,5.000,0.528,2.637,0.084
111700,5.000,0.528,2.637,0.085
111900,5.000,0.533,2.664,0.085
112100,5.000,0.536,2.679,0.085
112300,5.000,0.530,2.648,0.085
112500,5.000,0.532,2.656,0.085
112700,5.000,0.532,2.656,0.085
112900,5.000,0.533,2.664,0.085
113100,5.000,0.526,2.629,0.086
113300,5.000,0.528,2.637,0.086
113500,5.000,0.528,2.637,0.086
113700,5.000,0.532,2.660,0.086
113900,5.000,0.526,2.626,0.086
114100,5.000,0.526,2.626,0.086
114300,5.000,0.527,2.633,0.087
114500,5.000,0.533,2.664,0.087
114700,5.000,0.530,2.648,0.087
114900,5.000,0.531,2.656,0.087
115100,5.000,0.531,2.656,0.087
115300,5.000,0.537,2.683,0.087
115500,5.000,0.530,2.648,0.087
115700,5.000,0.534,2.667,0.088
115900,5.000,0.534,2.667,0.088
116100,5.000,0.535,2.667,0.088
116300,5.000,0.529,2.641,0.088
116500,5.000,0.529,2.641,0.088
116700,5.000,0.528,2.637,0.088
116900,5.000,0.531,2.652,0.088
117100,5.000,0.527,2.633,0.089
117300,5.000,0.527,2.633,0.089
117500,5.000,0.525,2.622,0.089
117700,5.000,0.532,2.656,0.089
117900,5.000,0.524,2.618,0.089
118100,5.000,0.527,2.633,0.089
118300,5.000,0.527,2.633,0.090
118500,5.000,0.533,2.664,0.090
118700,5.000,0.529,2.641,0.090
118900,5.000,0.532,2.660,0.090
119100,5.000,0.532,2.660,0.090
119300,5.000,0.539,2.694,0.090
119500,5.000,0.529,2.645,0.090
119700,5.000,0.529,2.645,0.091
119900,5.000,0.532,2.656,0.091
120100,5.000,0.537,2.687,0.091
120300,5.000,0.532,2.660,0.091
120500,5.000,0.531,2.652,0.091
120700,5.000,0.531,2.652,0.091
120900,5.000,0.534,2.667,0.092
121100,5.000,0.527,2.629,0.092
121300,5.000,0.527,2.629,0.092
121500,5.000,0.527,2.629,0.092
121700,5.000,0.532,2.656,0.092
121900,5.000,0.525,2.622,0.092
122100,5.000,0.529,2.645,0.092
122300,5.000,0.529,2.645,0.093
122500,5.000,0.529,2.641,0.093
122700,5.000,0.529,2.641,0.093
122900,5.000,0.529,2.641,0.093
123100,5.000,0.538,2.687,0.093
123300,5.000,0.538,2.687,0.093
123500,5.000,0.532,2.656,0.094
123700,5.000,0.530,2.648,0.094
123900,5.000,0.530,2.648,0.094
124100,5.000,0.538,2.687,0.094
124300,5.000,0.532,2.660,0.094
124500,5.000,0.531,2.652,0.094
124700,5.000,0.531,2.652,0.094
124900,5.000,0.533,2.664,0.095
125100,5.000,0.527,2.633,0.095
125300,5.000,0.527,2.637,0.095
125500,5.000,0.527,2.637,0.095
125700,5.000,0.533,2.660,0.095
125900,5.000,0.527,2.633,0.095
126100,5.000,0.525,2.626,0.096
126300,5.000,0.525,2.626,0.096
126500,5.000,0.530,2.648,0.096
126700,5.000,0.528,2.637,0.096
126900,5.000,0.526,2.626,0.096
127100,5.000,0.526,2.626,0.096
127300,5.000,0.536,2.675,0.096
127500,5.000,0.533,2.664,0.097
127700,5.000,0.532,2.660,0.097
127900,5.000,0.532,2.660,0.097
128100,5.000,0.535,2.671,0.097
128300,5.000,0.537,2.683,0.097
128500,5.000,0.537,2.683,0.097
128700,5.000,0.533,2.660,0.098
128900,5.000,0.533,2.660,0.098
129100,5.000,0.531,2.652,0.098
129300,5.000,0.526,2.626,0.098
129500,5.000,0.526,2.626,0.098
129700,5.000,0.532,2.656,0.098
129900,5.000,0.526,2.629,0.098
130100,5.000,0.526,2.629,0.099
130300,5.000,0.526,2.629,0.099
130500,5.000,0.532,2.656,0.099
130700,5.000,0.531,2.652,0.099
130900,5.000,0.528,2.637,0.099
131100,5.000,0.528,2.637,0.099
131300,5.000,0.533,2.664,0.099
131500,5.000,0.534,2.667,0.100
131700,5.000,0.530,2.645,0.100
131900,5.000,0.535,2.675,0.100
132100,5.000,0.535,2.675,0.100
132300,5.000,0.533,2.660,0.100
132500,5.000,0.530,2.645,0.100
132700,5.000,0.530,2.645,0.101
132900,5.000,0.532,2.656,0.101
133100,5.000,0.531,2.652,0.101
133300,5.000,0.524,2.618,0.101
133500,5.000,0.524,2.618,0.101
133700,5.000,0.531,2.652,0.101
133900,5.000,0.533,2.664,0.101
134100,5.000,0.527,2.633,0.102
134300,5.000,0.532,2.660,0.102
134500,5.000,0.532,2.660,0.102
134700,5.000,0.533,2.660,0.102
134900,5.000,0.529,2.645,0.102
135100,5.000,0.532,2.656,0.102
135300,5.000,0.532,2.656,0.103
135500,5.000,0.533,2.660,0.103
135700,5.000,0.527,2.633,0.103
135900,5.000,0.527,2.633,0.103
136100,5.000,0.535,2.671,0.103
136300,5.000,0.530,2.645,0.103
136500,5.000,0.527,2.633,0.103
136700,5.000,0.527,2.633,0.104
136900,5.000,0.530,2.648,0.104
137100,5.000,0.536,2.679,0.104
137300,5.000,0.529,2.645,0.104
137500,5.000,0.535,2.675,0.104
137700,5.000,0.535,2.675,0.104
137900,5.000,0.535,2.675,0.105
138100,5.000,0.529,2.645,0.105
138300,5.000,0.529,2.645,0.105
138500,5.000,0.533,2.664,0.105
138700,5.000,0.530,2.648,0.105
138900,5.000,0.525,2.622,0.105
139100,5.000,0.525,2.622,0.105
139300,5.000,0.528,2.637,0.106
139500,5.000,0.532,2.656,0.106
139700,5.000,0.525,2.622,0.106
139900,5.000,0.533,2.660,0.106
140100,5.000,0.533,2.660,0.106
140300,5.000,0.534,2.667,0.106
140500,5.000,0.531,2.652,0.107
140700,5.000,0.533,2.660,0.107
140900,5.000,0.533,2.660,0.107
141100,5.000,0.537,2.683,0.107
141300,5.000,0.527,2.633,0.107
141500,5.000,0.527,2.633,0.107
141700,5.000,0.531,2.648,0.107
141900,5.000,0.528,2.637,0.108
142100,5.000,0.526,2.629,0.108
142300,5.000,0.526,2.629,0.108
142500,5.000,0.530,2.645,0.108
142700,5.000,0.532,2.656,0.108
142900,5.000,0.528,2.637,0.108
143100,5.000,0.531,2.652,0.109
143300,5.000,0.531,2.652,0.109
143500,5.000,0.535,2.675,0.109
143700,5.000,0.527,2.629,0.109
143900,5.000,0.531,2.652,0.109
144100,5.000,0.531,2.652,0.109
144300,5.000,0.532,2.656,0.109
144500,5.000,0.528,2.637,0.110
144700,5.000,0.528,2.637,0.110
144900,5.000,0.528,2.637,0.110
145100,5.000,0.534,2.667,0.110
145300,5.000,0.528,2.637,0.110
145500,5.000,0.531,2.652,0.110
145700,5.000,0.531,2.652,0.111
145900,5.000,0.537,2.687,0.111
146100,5.000,0.530,2.648,0.111
146300,5.000,0.535,2.671,0.111
146500,5.000,0.535,2.671,0.111
146700,5.000,0.533,2.664,0.111
146900,5.000,0.529,2.645,0.111
147100,5.000,0.529,2.641,0.112
147300,5.000,0.529,2.641,0.112
147500,5.000,0.535,2.671,0.112
147700,5.000,0.525,2.626,0.112
147900,5.000,0.525,2.626,0.112
148100,5.000,0.528,2.637,0.112
148300,5.000,0.531,2.656,0.113
148500,5.000,0.527,2.629,0.113
148700,5.000,0.528,2.637,0.113
148900,5.000,0.528,2.637,0.113
149100,5.000,0.537,2.683,0.113
149300,5.000,0.531,2.652,0.113
149500,5.000,0.533,2.660,0.113
149700,5.000,0.533,2.660,0.114
149900,5.000,0.538,2.687,0.114
150100,5.000,0.528,2.637,0.114
150300,5.000,0.528,2.637,0.114
150500,5.000,0.528,2.637,0.114
150700,5.000,0.534,2.664,0.114
150900,5.000,0.528,2.637,0.114
151100,5.000,0.526,2.626,0.115
151300,5.000,0.526,2.626,0.115
151500,5.000,0.532,2.656,0.115
151700,5.000,0.528,2.637,0.115
151900,5.000,0.531,2.652,0.115
152100,5.000,0.531,2.652,0.115
152300,5.000,0.536,2.679,0.116
152500,5.000,0.530,2.648,0.116
152700,5.000,0.534,2.667,0.116
152900,5.000,0.534,2.667,0.116
153100,5.000,0.537,2.683,0.116
153300,5.000,0.527,2.633,0.116
153500,5.000,0.527,2.633,0.116
153700,5.000,0.525,2.626,0.117
153900,5.000,0.536,2.675,0.117
154100,5.000,0.527,2.633,0.117
154300,5.000,0.530,2.645,0.117
154500,5.000,0.530,2.645,0.117
154700,5.000,0.535,2.671,0.117
154900,5.000,0.530,2.648,0.118
155100,5.000,0.529,2.641,0.118
155300,5.000,0.529,2.641,0.118
155500,5.000,0.535,2.675,0.118
155700,5.000,0.529,2.645,0.118
155900,5.000,0.529,2.645,0.118
156100,5.000,0.529,2.645,0.118
156300,5.000,0.535,2.675,0.119
156500,5.000,0.529,2.645,0.119
156700,5.000,0.528,2.637,0.119
156900,5.000,0.532,2.656,0.119
157100,5.000,0.532,2.656,0.119
157300,5.000,0.534,2.671,0.119
157500,5.000,0.527,2.629,0.120
157700,5.000,0.527,2.629,0.120
157900,5.000,0.536,2.675,0.120
158100,5.000,0.529,2.641,0.120
158300,5.000,0.532,2.656,0.120
158500,5.000,0.532,2.656,0.120
158700,5.000,0.534,2.664,0.120
158900,5.000,0.531,2.652,0.121
159100,5.000,0.531,2.652,0.121
159300,5.000,0.531,2.656,0.121
159500,5.000,0.533,2.660,0.121
159700,5.000,0.528,2.641,0.121
159900,5.000,0.526,2.629,0.121
160100,5.000,0.526,2.629,0.121
160300,5.000,0.531,2.656,0.122
160500,5.000,0.529,2.641,0.122
160700,5.000,0.529,2.645,0.122
160900,5.000,0.529,2.645,0.122
161100,5.000,0.536,2.679,0.122
161300,5.000,0.533,2.660,0.122
161500,5.000,0.526,2.626,0.123
161700,5.000,0.526,2.626,0.123
161900,5.000,0.531,2.656,0.123
162100,5.000,0.530,2.648,0.123
162300,5.000,0.528,2.641,0.123
162500,5.000,0.536,2.679,0.123
162700,5.000,0.536,2.679,0.123
162900,5.000,0.534,2.667,0.124
163100,5.000,0.530,2.648,0.124
163300,5.000,0.530,2.648,0.124
163500,5.000,0.537,2.683,0.124
163700,5.000,0.533,2.660,0.124
163900,5.000,0.528,2.637,0.124
164100,5.000,0.528,2.637,0.125
164300,5.000,0.534,2.667,0.125
164500,5.000,0.530,2.648,0.125
164700,5.000,0.529,2.641,0.125
164900,5.000,0.529,2.641,0.125
165100,5.000,0.529,2.645,0.125
165300,5.000,0.530,2.648,0.125
165500,5.000,0.524,2.618,0.126
165700,5.000,0.531,2.652,0.126
165900,5.000,0.531,2.652,0.126
166100,5.000,0.530,2.645,0.126
166300,5.000,0.528,2.637,0.126
166500,5.000,0.528,2.637,0.126
166700,5.000,0.536,2.679,0.127
166900,5.000,0.533,2.664,0.127
167100,5.000,0.529,2.641,0.127
167300,5.000,0.529,2.641,0.127
167500,5.000,0.534,2.667,0.127
167700,5.000,0.537,2.687,0.127
167900,5.000,0.525,2.622,0.127
168100,5.000,0.532,2.660,0.128
168300,5.000,0.532,2.660,0.128
168500,5.000,0.528,2.641,0.128
168700,5.000,0.526,2.629,0.128
168900,5.000,0.526,2.641,0.128
169100,5.000,0.529,2.641,0.128
169300,5.000,0.531,2.648,0.128
169500,5.000,0.527,2.633,0.129
169700,5.000,0.527,2.633,0.129
169900,5.000,0.535,2.675,0.129
170100,5.000,0.529,2.645,0.129
170300,5.000,0.528,2.641,0.129
170500,5.000,0.528,2.641,0.129
170700,5.000,0.533,2.664,0.130
170900,5.000,0.536,2.679,0.130
171100,5.000,0.531,2.656,0.130
171300,5.000,0.534,2.664,0.130
171500,5.000,0.534,2.664,0.130
171700,5.000,0.537,2.683,0.130
171900,5.000,0.526,2.629,0.130
172100,5.000,0.526,2.629,0.131
172300,5.000,0.532,2.656,0.131
172500,5.000,0.527,2.637,0.131
172700,5.000,0.525,2.622,0.131
172900,5.000,0.525,2.622,0.131
173100,5.000,0.528,2.641,0.131
173300,5.000,0.530,2.648,0.132
173500,5.000,0.524,2.618,0.132
173700,5.000,0.529,2.641,0.132
173900,5.000,0.529,2.641,0.132
174100,5.000,0.534,2.667,0.132
174300,5.000,0.528,2.637,0.132
174500,5.000,0.538,2.687,0.132
174700,5.000,0.538,2.687,0.133
174900,5.000,0.535,2.675,0.133
175100,5.000,0.530,2.648,0.133
175300,5.000,0.530,2.648,0.133
175500,5.000,0.533,2.660,0.133
175700,5.000,0.535,2.675,0.133
175900,5.000,0.526,2.626,0.134
176100,5.000,0.526,2.626,0.134
176300,5.000,0.531,2.652,0.134
176500,5.000,0.534,2.671,0.134
176700,5.000,0.529,2.645,0.134
176900,5.000,0.532,2.660,0.134
177100,5.000,0.532,2.660,0.134
177300,5.000,0.536,2.675,0.135
177500,5.000,0.529,2.641,0.135
177700,5.000,0.531,2.652,0.135
177900,5.000,0.531,2.652,0.135
178100,5.000,0.535,2.671,0.135
178300,5.000,0.528,2.641,0.135
178500,5.000,0.528,2.641,0.135
178700,5.000,0.531,2.652,0.136
178900,5.000,0.532,2.656,0.136
179100,5.000,0.526,2.629,0.136
179300,5.000,0.526,2.626,0.136
179500,5.000,0.526,2.626,0.136
179700,5.000,0.534,2.664,0.136
179900,5.000,0.526,2.629,0.137
180100,5.000,0.532,2.660,0.137
180300,5.000,0.532,2.660,0.137
180500,5.000,0.536,2.679,0.137
180700,5.000,0.529,2.645,0.137
180900,5.000,0.529,2.645,0.137
181100,5.000,0.531,2.652,0.137
181300,5.000,0.538,2.687,0.138
181500,5.000,0.530,2.648,0.138
181700,5.000,0.530,2.648,0.138
181900,5.000,0.529,2.645,0.138
182100,5.000,0.533,2.664,0.138
182300,5.000,0.525,2.622,0.138
182500,5.000,0.527,2.633,0.139
182700,5.000,0.527,2.633,0.139
182900,5.000,0.531,2.652,0.139
183100,5.000,0.527,2.629,0.139
183300,5.000,0.529,2.645,0.139
183500,5.000,0.529,2.645,0.139
183700,5.000,0.538,2.687,0.139
183900,5.000,0.529,2.641,0.140
184100,5.000,0.529,2.641,0.140
184300,5.000,0.529,2.641,0.140
184500,5.000,0.537,2.683,0.140
184700,5.000,0.532,2.656,0.140
184900,5.000,0.531,2.652,0.140
185100,5.000,0.531,2.652,0.141
185300,5.000,0.536,2.679,0.141
185500,5.000,0.533,2.660,0.141
185700,5.000,0.531,2.648,0.141
185900,5.000,0.531,2.648,0.141
186100,5.000,0.534,2.667,0.141
186300,5.000,0.524,2.618,0.141
186500,5.000,0.526,2.629,0.142
186700,5.000,0.526,2.629,0.142
186900,5.000,0.532,2.660,0.142
187100,5.000,0.529,2.645,0.142
187300,5.000,0.524,2.618,0.142
187500,5.000,0.532,2.656,0.142
187700,5.000,0.532,2.656,0.143
187900,5.000,0.527,2.629,0.143
188100,5.000,0.527,2.633,0.143
188300,5.000,0.527,2.633,0.143
188500,5.000,0.536,2.679,0.143
188700,5.000,0.532,2.660,0.143
188900,5.000,0.533,2.660,0.143
189100,5.000,0.533,2.660,0.144
189300,5.000,0.536,2.679,0.144
189500,5.000,0.531,2.652,0.144
189700,5.000,0.526,2.629,0.144
189900,5.000,0.526,2.629,0.144
190100,5.000,0.535,2.671,0.144
190300,5.000,0.529,2.641,0.145
190500,5.000,0.528,2.637,0.145
190700,5.000,0.528,2.637,0.145
190900,5.000,0.532,2.660,0.145
191100,5.000,0.529,2.645,0.145
191300,5.000,0.525,2.622,0.145
191500,5.000,0.525,2.622,0.145
191700,5.000,0.534,2.671,0.146
191900,5.000,0.532,2.656,0.146
192100,5.000,0.530,2.645,0.146
192300,5.000,0.530,2.645,0.146
192500,5.000,0.534,2.667,0.146
192700,5.000,0.532,2.660,0.146
192900,5.000,0.529,2.641,0.147
193100,5.000,0.534,2.667,0.147
193300,5.000,0.534,2.667,0.147
193500,5.000,0.534,2.667,0.147
193700,5.000,0.526,2.629,0.147
193900,5.000,0.526,2.629,0.147
194100,5.000,0.532,2.656,0.147
194300,5.000,0.529,2.641,0.148
194500,5.000,0.527,2.629,0.148
194700,5.000,0.527,2.629,0.148
194900,5.000,0.529,2.645,0.148
195100,5.000,0.530,2.645,0.148
195300,5.000,0.525,2.626,0.148
195500,5.000,0.525,2.626,0.148
195700,5.000,0.530,2.648,0.149
195900,5.000,0.531,2.652,0.149
196100,5.000,0.528,2.641,0.149
196300,5.000,0.534,2.664,0.149
196500,5.000,0.534,2.664,0.149
196700,5.000,0.532,2.656,0.149
196900,5.000,0.529,2.641,0.150
197100,5.000,0.529,2.641,0.150
197300,5.000,0.534,2.671,0.150
197500,5.000,0.531,2.652,0.150
197700,5.000,0.525,2.622,0.150
197900,5.000,0.525,2.622,0.150
198100,5.000,0.531,2.648,0.150
198300,5.000,0.533,2.664,0.151
198500,5.000,0.529,2.641,0.151
198700,5.000,0.533,2.664,0.151
198900,5.000,0.533,2.664,0.151
199100,5.000,0.537,2.679,0.151
199300,5.000,0.529,2.645,0.151
199500,5.000,0.532,2.656,0.152
199700,5.000,0.532,2.656,0.152
199900,5.000,0.533,2.664,0.152
200100,5.000,0.528,2.637,0.152
200300,5.000,0.528,2.637,0.152
200500,5.000,0.535,2.671,0.152
200700,5.000,0.531,2.648,0.152
200900,5.000,0.528,2.641,0.153
201100,5.000,0.528,2.641,0.153
201300,5.000,0.528,2.641,0.153
201500,5.000,0.534,2.667,0.153
201700,5.000,0.524,2.618,0.153
201900,5.000,0.531,2.652,0.153
202100,5.000,0.531,2.652,0.154
202300,5.000,0.533,2.664,0.154
202500,5.000,0.527,2.633,0.154
202700,5.000,0.527,2.633,0.154
202900,5.000,0.533,2.664,0.154
203100,5.000,0.533,2.660,0.154
203300,5.000,0.529,2.641,0.154
203500,5.000,0.529,2.641,0.155
203700,5.000,0.533,2.664,0.155
203900,5.000,0.536,2.675,0.155
204100,5.000,0.525,2.622,0.155
204300,5.000,0.530,2.648,0.155
204500,5.000,0.530,2.648,0.155
204700,5.000,0.534,2.671,0.156
204900,5.000,0.525,2.626,0.156
205100,5.000,0.527,2.629,0.156
205300,5.000,0.527,2.629,0.156
205500,5.000,0.534,2.667,0.156
205700,5.000,0.528,2.641,0.156
205900,5.000,0.528,2.641,0.156
206100,5.000,0.533,2.664,0.157
206300,5.000,0.535,2.667,0.157
206500,5.000,0.530,2.648,0.157
206700,5.000,0.530,2.648,0.157
206900,5.000,0.534,2.667,0.157
207100,5.000,0.537,2.683,0.157
207300,5.000,0.529,2.641,0.158
207500,5.000,0.529,2.641,0.158
207700,5.000,0.529,2.641,0.158
207900,5.000,0.533,2.664,0.158
208100,5.000,0.524,2.618,0.158
208300,5.000,0.529,2.641,0.158
208500,5.000,0.529,2.641,0.158
208700,5.000,0.530,2.645,0.159
208900,5.000,0.529,2.641,0.159
209100,5.000,0.529,2.641,0.159
209300,5.000,0.529,2.645,0.159
209500,5.000,0.535,2.671,0.159
209700,5.000,0.529,2.645,0.159
209900,5.000,0.530,2.648,0.160
210100,5.000,0.530,2.648,0.160
210300,5.000,0.536,2.679,0.160
210500,5.000,0.527,2.633,0.160
210700,5.000,0.531,2.652,0.160
210900,5.000,0.531,2.652,0.160
211100,5.000,0.533,2.664,0.160
211300,5.000,0.528,2.637,0.161
211500,5.000,0.528,2.641,0.161
211700,5.000,0.529,2.641,0.161
211900,5.000,0.532,2.660,0.161
212100,5.000,0.527,2.637,0.161
212300,5.000,0.527,2.637,0.161
212500,5.000,0.529,2.645,0.161
212700,5.000,0.533,2.660,0.162
212900,5.000,0.528,2.641,0.162
213100,5.000,0.530,2.648,0.162
213300,5.000,0.530,2.648,0.162
213500,5.000,0.535,2.671,0.162
213700,5.000,0.529,2.645,0.162
213900,5.000,0.529,2.645,0.163
214100,5.000,0.529,2.645,0.163
214300,5.000,0.538,2.687,0.163
214500,5.000,0.527,2.633,0.163
214700,5.000,0.527,2.633,0.163
214900,5.000,0.527,2.629,0.163
215100,5.000,0.533,2.660,0.163
215300,5.000,0.529,2.645,0.164
215500,5.000,0.529,2.641,0.164
215700,5.000,0.529,2.641,0.164
215900,5.000,0.536,2.679,0.164
216100,5.000,0.530,2.648,0.164
216300,5.000,0.531,2.652,0.164
216500,5.000,0.531,2.652,0.165
216700,5.000,0.537,2.683,0.165
216900,5.000,0.528,2.641,0.165
217100,5.000,0.533,2.664,0.165
217300,5.000,0.533,2.664,0.165
217500,5.000,0.532,2.656,0.165
217700,5.000,0.530,2.645,0.165
217900,5.000,0.530,2.645,0.166
218100,5.000,0.533,2.664,0.166
218300,5.000,0.533,2.664,0.166
218500,5.000,0.527,2.633,0.166
218700,5.000,0.527,2.629,0.166
218900,5.000,0.527,2.629,0.166
219100,5.000,0.532,2.660,0.167
219300,5.000,0.531,2.652,0.167
219500,5.000,0.529,2.645,0.167
219700,5.000,0.529,2.645,0.167
219900,5.000,0.536,2.679,0.167
220100,5.000,0.529,2.645,0.167
220300,5.000,0.531,2.652,0.167
220500,5.000,0.531,2.652,0.168
220700,5.000,0.537,2.683,0.168
220900,5.000,0.533,2.660,0.168
221100,5.000,0.529,2.645,0.168
221300,5.000,0.534,2.667,0.168
221500,5.000,0.534,2.667,0.168
221700,5.000,0.531,2.648,0.168
221900,5.000,0.526,2.626,0.169
222100,5.000,0.526,2.626,0.169
222300,5.000,0.533,2.664,0.169
222500,5.000,0.528,2.637,0.169
222700,5.000,0.530,2.645,0.169
222900,5.000,0.530,2.645,0.169
223100,5.000,0.529,2.645,0.170
223300,5.000,0.532,2.656,0.170
223500,5.000,0.532,2.656,0.170
223700,5.000,0.536,2.679,0.170
223900,5.000,0.536,2.679,0.170
224100,5.000,0.534,2.671,0.170
224300,5.000,0.531,2.652,0.170
224500,5.000,0.531,2.652,0.171
224700,5.000,0.538,2.690,0.171
224900,5.000,0.533,2.664,0.171
225100,5.000,0.530,2.648,0.171
225300,5.000,0.530,2.648,0.171
225500,5.000,0.534,2.667,0.171
225700,5.000,0.531,2.656,0.172
225900,5.000,0.527,2.633,0.172
226100,5.000,0.527,2.633,0.172
226300,5.000,0.532,2.660,0.172
226500,5.000,0.529,2.641,0.172
226700,5.000,0.527,2.633,0.172
226900,5.000,0.530,2.648,0.172
227100,5.000,0.530,2.648,0.173
227300,5.000,0.529,2.641,0.173
227500,5.000,0.527,2.629,0.173
227700,5.000,0.527,2.629,0.173
227900,5.000,0.533,2.664,0.173
228100,5.000,0.532,2.656,0.173
228300,5.000,0.528,2.637,0.174
228500,5.000,0.528,2.637,0.174
228700,5.000,0.533,2.664,0.174
228900,5.000,0.535,2.675,0.174
229100,5.000,0.531,2.656,0.174
229300,5.000,0.532,2.656,0.174
229500,5.000,0.532,2.656,0.174
229700,5.000,0.536,2.675,0.175
229900,5.000,0.529,2.641,0.175
230100,5.000,0.533,2.660,0.175
230300,5.000,0.533,2.660,0.175
230500,5.000,0.529,2.645,0.175
230700,5.000,0.526,2.626,0.175
230900,5.000,0.526,2.626,0.175
231100,5.000,0.533,2.664,0.176
231300,5.000,0.530,2.648,0.176
231500,5.000,0.526,2.629,0.176
231700,5.000,0.526,2.629,0.176
231900,5.000,0.531,2.652,0.176
232100,5.000,0.538,2.687,0.176
232300,5.000,0.530,2.645,0.177
232500,5.000,0.536,2.675,0.177
232700,5.000,0.536,2.675,0.177
232900,5.000,0.536,2.679,0.177
233100,5.000,0.530,2.645,0.177
233300,5.000,0.530,2.645,0.177
233500,5.000,0.530,2.645,0.177
233700,5.000,0.529,2.641,0.178
233900,5.000,0.524,2.618,0.178
234100,5.000,0.524,2.618,0.178
234300,5.000,0.529,2.641,0.178
234500,5.000,0.533,2.664,0.178
234700,5.000,0.524,2.618,0.178
234900,5.000,0.529,2.645,0.179
235100,5.000,0.529,2.645,0.179
235300,5.000,0.532,2.656,0.179
235500,5.000,0.528,2.637,0.179
235700,5.000,0.532,2.656,0.179
235900,5.000,0.532,2.656,0.179
236100,5.000,0.538,2.690,0.179
236300,5.000,0.529,2.645,0.180
236500,5.000,0.529,2.645,0.180
236700,5.000,0.535,2.671,0.180
236900,5.000,0.535,2.671,0.180
237100,5.000,0.529,2.645,0.180
237300,5.000,0.529,2.645,0.180
237500,5.000,0.531,2.648,0.181
237700,5.000,0.532,2.660,0.181
237900,5.000,0.525,2.622,0.181
238100,5.000,0.529,2.645,0.181
238300,5.000,0.529,2.645,0.181
238500,5.000,0.533,2.660,0.181
238700,5.000,0.525,2.622,0.181
238900,5.000,0.528,2.637,0.182
239100,5.000,0.528,2.637,0.182
239300,5.000,0.533,2.660,0.182
239500,5.000,0.531,2.648,0.182
239700,5.000,0.531,2.648,0.182
239900,5.000,0.531,2.656,0.182
240100,5.000,0.536,2.679,0.182
240300,5.000,0.529,2.645,0.183
240500,5.000,0.532,2.660,0.183
240700,5.000,0.532,2.660,0.183
240900,5.000,0.537,2.683,0.183
241100,5.000,0.530,2.648,0.183
241300,5.000,0.529,2.645,0.183
241500,5.000,0.529,2.645,0.184
241700,5.000,0.533,2.660,0.184
241900,5.000,0.526,2.626,0.184
242100,5.000,0.527,2.633,0.184
242300,5.000,0.527,2.633,0.184
242500,5.000,0.531,2.652,0.184
242700,5.000,0.525,2.626,0.184
242900,5.000,0.525,2.626,0.185
243100,5.000,0.527,2.633,0.185
243300,5.000,0.531,2.652,0.185
243500,5.000,0.527,2.633,0.185
243700,5.000,0.529,2.645,0.185
243900,5.000,0.529,2.645,0.185
244100,5.000,0.536,2.679,0.186
244300,5.000,0.529,2.645,0.186
244500,5.000,0.534,2.667,0.186
244700,5.000,0.534,2.667,0.186
244900,5.000,0.538,2.687,0.186
245100,5.000,0.530,2.645,0.186
245300,5.000,0.530,2.645,0.186
245500,5.000,0.528,2.641,0.187
245700,5.000,0.535,2.671,0.187
245900,5.000,0.529,2.641,0.187
246100,5.000,0.528,2.637,0.187
246300,5.000,0.528,2.637,0.187
246500,5.000,0.534,2.667,0.187
246700,5.000,0.528,2.641,0.188
246900,5.000,0.533,2.660,0.188
247100,5.000,0.533,2.660,0.188
247300,5.000,0.533,2.660,0.188
247500,5.000,0.530,2.648,0.188
247700,5.000,0.529,2.645,0.188
247900,5.000,0.529,2.645,0.188
248100,5.000,0.537,2.683,0.189
248300,5.000,0.525,2.622,0.189
248500,5.000,0.525,2.622,0.189
248700,5.000,0.526,2.626,0.189
248900,5.000,0.532,2.656,0.189
249100,5.000,0.529,2.641,0.189
249300,5.000,0.528,2.637,0.190
249500,5.000,0.528,2.637,0.190
249700,5.000,0.534,2.664,0.190
249900,5.000,0.530,2.645,0.190
250100,5.000,0.529,2.645,0.190
250300,5.000,0.529,2.645,0.190
250500,5.000,0.535,2.671,0.190
250700,5.000,0.527,2.633,0.191
250900,5.000,0.529,2.641,0.191
251100,5.000,0.529,2.641,0.191
251300,5.000,0.534,2.667,0.191
251500,5.000,0.529,2.641,0.191
251700,5.000,0.524,2.618,0.191
251900,5.000,0.531,2.652,0.192
252100,5.000,0.531,2.652,0.192
252300,5.000,0.528,2.637,0.192
252500,5.000,0.525,2.626,0.192
252700,5.000,0.525,2.626,0.192
252900,5.000,0.533,2.664,0.192
253100,5.000,0.531,2.648,0.192
253300,5.000,0.532,2.660,0.193
253500,5.000,0.532,2.660,0.193
253700,5.000,0.535,2.671,0.193
253900,5.000,0.531,2.656,0.193
254100,5.000,0.531,2.652,0.193
254300,5.000,0.531,2.652,0.193
254500,5.000,0.538,2.687,0.194
254700,5.000,0.531,2.656,0.194
254900,5.000,0.530,2.648,0.194
255100,5.000,0.530,2.648,0.194
255300,5.000,0.533,2.664,0.194
255500,5.000,0.528,2.637,0.194
255700,5.000,0.524,2.622,0.194
255900,5.000,0.524,2.622,0.195
256100,5.000,0.531,2.652,0.195
256300,5.000,0.528,2.637,0.195
256500,5.000,0.526,2.629,0.195
256700,5.000,0.526,2.629,0.195
256900,5.000,0.534,2.664,0.195
257100,5.000,0.533,2.660,0.195
257300,5.000,0.530,2.648,0.196
257500,5.000,0.534,2.667,0.196
257700,5.000,0.534,2.667,0.196
257900,5.000,0.535,2.671,0.196
258100,5.000,0.528,2.641,0.196
258300,5.000,0.528,2.641,0.196
258500,5.000,0.536,2.675,0.197
258700,5.000,0.528,2.637,0.197
258900,5.000,0.525,2.626,0.197
259100,5.000,0.525,2.626,0.197
259300,5.000,0.531,2.652,0.197
259500,5.000,0.529,2.645,0.197
259700,5.000,0.525,2.626,0.197
259900,5.000,0.525,2.626,0.198
260100,5.000,0.532,2.656,0.198
260300,5.000,0.529,2.641,0.198
260500,5.000,0.525,2.622,0.198
260700,5.000,0.531,2.652,0.198
260900,5.000,0.531,2.652,0.198
261100,5.000,0.529,2.645,0.199
261300,5.000,0.529,2.645,0.199
261500,5.000,0.529,2.645,0.199
261700,5.000,0.535,2.675,0.199
261900,5.000,0.535,2.671,0.199
262100,5.000,0.529,2.645,0.199
262300,5.000,0.529,2.645,0.199
262500,5.000,0.534,2.664,0.200
262700,5.000,0.536,2.675,0.200
262900,5.000,0.530,2.648,0.200
263100,5.000,0.533,2.664,0.200
263300,5.000,0.533,2.664,0.200
263500,5.000,0.533,2.660,0.200
263700,5.000,0.526,2.629,0.201
263900,5.000,0.529,2.641,0.201
264100,5.000,0.529,2.641,0.201
264300,5.000,0.529,2.645,0.201
264500,5.000,0.526,2.626,0.201
264700,5.000,0.526,2.626,0.201
264900,5.000,0.538,2.687,0.201
265100,5.000,0.531,2.652,0.202
265300,5.000,0.529,2.645,0.202
265500,5.000,0.529,2.645,0.202
265700,5.000,0.531,2.652,0.202
265900,5.000,0.536,2.675,0.202
266100,5.000,0.529,2.645,0.202
266300,5.000,0.531,2.652,0.203
266500,5.000,0.531,2.652,0.203
266700,5.000,0.535,2.671,0.203
266900,5.000,0.528,2.637,0.203
267100,5.000,0.528,2.637,0.203
267300,5.000,0.533,2.664,0.203
267500,5.000,0.528,2.641,0.203
267700,5.000,0.526,2.629,0.204
267900,5.000,0.526,2.629,0.204
268100,5.000,0.530,2.648,0.204
268300,5.000,0.535,2.675,0.204
268500,5.000,0.526,2.626,0.204
268700,5.000,0.534,2.667,0.204
268900,5.000,0.534,2.667,0.205
269100,5.000,0.537,2.679,0.205
269300,5.000,0.529,2.641,0.205
269500,5.000,0.530,2.648,0.205
269700,5.000,0.530,2.648,0.205
269900,5.000,0.534,2.667,0.205
270100,5.000,0.527,2.633,0.205
270300,5.000,0.527,2.633,0.206
270500,5.000,0.531,2.652,0.206
270700,5.000,0.533,2.664,0.206
270900,5.000,0.526,2.626,0.206
271100,5.000,0.526,2.626,0.206
271300,5.000,0.529,2.645,0.206
271500,5.000,0.533,2.660,0.206
271700,5.000,0.527,2.633,0.207
271900,5.000,0.529,2.645,0.207
272100,5.000,0.529,2.645,0.207
272300,5.000,0.538,2.687,0.207
272500,5.000,0.529,2.641,0.207
272700,5.000,0.531,2.656,0.207
272900,5.000,0.531,2.656,0.208
273100,5.000,0.532,2.656,0.208
273300,5.000,0.529,2.645,0.208
273500,5.000,0.529,2.645,0.208
273700,5.000,0.529,2.641,0.208
273900,5.000,0.532,2.660,0.208
274100,5.000,0.525,2.626,0.208
274300,5.000,0.526,2.626,0.209
274500,5.000,0.526,2.626,0.209
274700,5.000,0.532,2.656,0.209
274900,5.000,0.523,2.614,0.209
275100,5.000,0.531,2.656,0.209
275300,5.000,0.531,2.656,0.209
275500,5.000,0.535,2.667,0.210
275700,5.000,0.528,2.641,0.210
275900,5.000,0.528,2.641,0.210
276100,5.000,0.530,2.648,0.210
276300,5.000,0.537,2.687,0.210
276500,5.000,0.532,2.656,0.210
276700,5.000,0.532,2.656,0.210
276900,5.000,0.532,2.656,0.211
277100,5.000,0.536,2.679,0.211
277300,5.000,0.532,2.656,0.211
277500,5.000,0.530,2.645,0.211
277700,5.000,0.530,2.645,0.211
277900,5.000,0.532,2.656,0.211
278100,5.000,0.526,2.626,0.212
278300,5.000,0.526,2.629,0.212
278500,5.000,0.526,2.629,0.212
278700,5.000,0.533,2.660,0.212
278900,5.000,0.523,2.614,0.212
279100,5.000,0.523,2.614,0.212
279300,5.000,0.525,2.626,0.212
279500,5.000,0.532,2.656,0.213
279700,5.000,0.532,2.660,0.213
279900,5.000,0.527,2.637,0.213
280100,5.000,0.527,2.637,0.213
280300,5.000,0.538,2.687,0.213
280500,5.000,0.532,2.656,0.213
280700,5.000,0.532,2.656,0.213
280900,5.000,0.532,2.656,0.214
281100,5.000,0.534,2.667,0.214
281300,5.000,0.526,2.626,0.214
281500,5.000,0.524,2.618,0.214
281700,5.000,0.524,2.618,0.214
281900,5.000,0.532,2.656,0.214
282100,5.000,0.528,2.637,0.215
282300,5.000,0.528,2.637,0.215
282500,5.000,0.531,2.652,0.215
282700,5.000,0.531,2.652,0.215
282900,5.000,0.525,2.622,0.215
283100,5.000,0.527,2.637,0.215
283300,5.000,0.527,2.637,0.215
283500,5.000,0.536,2.679,0.216
283700,5.000,0.532,2.660,0.216
283900,5.000,0.532,2.656,0.216
284100,5.000,0.532,2.656,0.216
284300,5.000,0.537,2.683,0.216
284500,5.000,0.531,2.652,0.216
284700,5.000,0.529,2.645,0.217
284900,5.000,0.529,2.645,0.217
285100,5.000,0.536,2.679,0.217
285300,5.000,0.530,2.645,0.217
285500,5.000,0.527,2.629,0.217
285700,5.000,0.532,2.656,0.217
285900,5.000,0.532,2.656,0.217
286100,5.000,0.528,2.637,0.218
286300,5.000,0.523,2.610,0.218
286500,5.000,0.523,2.610,0.218
286700,5.000,0.533,2.660,0.218
286900,5.000,0.528,2.637,0.218
287100,5.000,0.529,2.641,0.218
287300,5.000,0.529,2.641,0.218
287500,5.000,0.532,2.656,0.219
287700,5.000,0.531,2.652,0.219
287900,5.000,0.531,2.652,0.219
288100,5.000,0.531,2.652,0.219
288300,5.000,0.531,2.652,0.219
288500,5.000,0.530,2.648,0.219
288700,5.000,0.526,2.626,0.220
288900,5.000,0.526,2.626,0.220
289100,5.000,0.533,2.664,0.220
289300,5.000,0.529,2.641,0.220
289500,5.000,0.527,2.633,0.220
289700,5.000,0.527,2.633,0.220
289900,5.000,0.531,2.652,0.220
290100,5.000,0.533,2.664,0.221
290300,5.000,0.529,2.641,0.221
290500,5.000,0.529,2.641,0.221
290700,5.000,0.535,2.671,0.221
290900,5.000,0.530,2.648,0.221
291100,5.000,0.527,2.633,0.221
291300,5.000,0.530,2.645,0.222
291500,5.000,0.530,2.645,0.222
291700,5.000,0.527,2.637,0.222
291900,5.000,0.525,2.622,0.222
292100,5.000,0.525,2.622,0.222
292300,5.000,0.531,2.652,0.222
292500,5.000,0.532,2.656,0.222
292700,5.000,0.528,2.637,0.223
292900,5.000,0.528,2.637,0.223
293100,5.000,0.529,2.645,0.223
293300,5.000,0.534,2.667,0.223
293500,5.000,0.531,2.652,0.223
293700,5.000,0.532,2.656,0.223
293900,5.000,0.532,2.656,0.224
294100,5.000,0.537,2.683,0.224
294300,5.000,0.529,2.645,0.224
294500,5.000,0.534,2.664,0.224
294700,5.000,0.534,2.664,0.224
294900,5.000,0.529,2.641,0.224
295100,5.000,0.525,2.626,0.224
295300,5.000,0.525,2.626,0.225
295500,5.000,0.529,2.645,0.225
295700,5.000,0.528,2.637,0.225
295900,5.000,0.525,2.622,0.225
296100,5.000,0.525,2.622,0.225
296300,5.000,0.526,2.629,0.225
296500,5.000,0.530,2.648,0.226
296700,5.000,0.524,2.614,0.226
296900,5.000,0.528,2.641,0.226
297100,5.000,0.528,2.641,0.226
297300,5.000,0.532,2.660,0.226
297500,5.000,0.528,2.641,0.226
297700,5.000,0.528,2.641,0.226
297900,5.000,0.533,2.664,0.227
298100,5.000,0.536,2.675,0.227
298300,5.000,0.528,2.641,0.227
298500,5.000,0.528,2.641,0.227
298700,5.000,0.533,2.664,0.227
298900,5.000,0.537,2.683,0.227
299100,5.000,0.529,2.641,0.228
299300,5.000,0.531,2.652,0.228
299500,5.000,0.531,2.652,0.228
299700,5.000,0.533,2.664,0.228
299900,5.000,0.526,2.629,0.228
300100,5.000,0.526,2.629,0.228
300300,5.000,0.526,2.629,0.228
300500,5.000,0.531,2.652,0.229
300700,5.000,0.524,2.618,0.229
300900,5.000,0.524,2.618,0.229
301100,5.000,0.532,2.656,0.229
301300,5.000,0.532,2.660,0.229
301500,5.000,0.528,2.637,0.229
301700,5.000,0.528,2.637,0.229
301900,5.000,0.529,2.645,0.230
302100,5.000,0.538,2.690,0.230
302300,5.000,0.530,2.645,0.230
302500,5.000,0.531,2.652,0.230
302700,5.000,0.531,2.652,0.230
302900,5.000,0.537,2.683,0.230
303100,5.000,0.527,2.633,0.231
303300,5.000,0.530,2.645,0.231
303500,5.000,0.530,2.645,0.231
303700,5.000,0.529,2.645,0.231
303900,5.000,0.526,2.626,0.231
304100,5.000,0.526,2.626,0.231
304300,5.000,0.527,2.629,0.231
304500,5.000,0.533,2.660,0.232
304700,5.000,0.524,2.614,0.232
304900,5.000,0.528,2.637,0.232
305100,5.000,0.528,2.637,0.232
305300,5.000,0.534,2.667,0.232
305500,5.000,0.529,2.641,0.232
305700,5.000,0.531,2.652,0.233
305900,5.000,0.531,2.652,0.233
306100,5.000,0.537,2.683,0.233
306300,5.000,0.529,2.641,0.233
306500,5.000,0.529,2.645,0.233
306700,5.000,0.529,2.645,0.233
306900,5.000,0.530,2.648,0.233
307100,5.000,0.528,2.637,0.234
307300,5.000,0.528,2.637,0.234
307500,5.000,0.529,2.660,0.234
307700,5.000,0.532,2.660,0.234
307900,5.000,0.528,2.641,0.234
308100,5.000,0.528,2.637,0.234
308300,5.000,0.528,2.637,0.235
308500,5.000,0.535,2.675,0.235
308700,5.000,0.527,2.637,0.235
308900,5.000,0.530,2.648,0.235
309100,5.000,0.530,2.648,0.235
309300,5.000,0.536,2.679,0.235
309500,5.000,0.531,2.652,0.235
309700,5.000,0.531,2.652,0.236
309900,5.000,0.529,2.645,0.236
310100,5.000,0.533,2.664,0.236
310300,5.000,0.532,2.656,0.236
310500,5.000,0.527,2.633,0.236
310700,5.000,0.527,2.633,0.236
310900,5.000,0.534,2.667,0.237
311100,5.000,0.528,2.637,0.237
311300,5.000,0.531,2.652,0.237
311500,5.000,0.531,2.652,0.237
311700,5.000,0.533,2.664,0.237
311900,5.000,0.529,2.645,0.237
312100,5.000,0.529,2.641,0.237
312300,5.000,0.529,2.641,0.238
312500,5.000,0.533,2.664,0.238
312700,5.000,0.531,2.652,0.238
312900,5.000,0.531,2.652,0.238
313100,5.000,0.531,2.656,0.238
313300,5.000,0.531,2.656,0.238
313500,5.000,0.527,2.633,0.239
313700,5.000,0.524,2.618,0.239
313900,5.000,0.524,2.618,0.239
314100,5.000,0.531,2.656,0.239
314300,5.000,0.529,2.648,0.239
314500,5.000,0.528,2.637,0.239
314700,5.000,0.528,2.637,0.239
314900,5.000,0.536,2.679,0.240
315100,5.000,0.528,2.637,0.240
315300,5.000,0.529,2.645,0.240
315500,5.000,0.529,2.645,0.240
315700,5.000,0.535,2.675,0.240
315900,5.000,0.533,2.664,0.240
316100,5.000,0.529,2.645,0.240
316300,5.000,0.537,2.683,0.241
316500,5.000,0.537,2.683,0.241
316700,5.000,0.530,2.648,0.241
316900,5.000,0.526,2.629,0.241
317100,5.000,0.526,2.629,0.241
317300,5.000,0.531,2.652,0.241
317500,5.000,0.527,2.633,0.242
317700,5.000,0.527,2.637,0.242
317900,5.000,0.527,2.637,0.242
318100,5.000,0.529,2.641,0.242
318300,5.000,0.530,2.648,0.242
318500,5.000,0.530,2.648,0.242
318700,5.000,0.536,2.679,0.242
318900,5.000,0.536,2.679,0.243
319100,5.000,0.533,2.660,0.243
319300,5.000,0.531,2.652,0.243
319500,5.000,0.531,2.652,0.243
319700,5.000,0.539,2.690,0.243
319900,5.000,0.533,2.664,0.243
320100,5.000,0.525,2.622,0.244
320300,5.000,0.525,2.622,0.244
320500,5.000,0.531,2.648,0.244
320700,5.000,0.527,2.633,0.244
320900,5.000,0.526,2.629,0.244
321100,5.000,0.526,2.629,0.244
321300,5.000,0.531,2.652,0.244
321500,5.000,0.530,2.645,0.245
321700,5.000,0.528,2.637,0.245
321900,5.000,0.532,2.656,0.245
322100,5.000,0.532,2.656,0.245
322300,5.000,0.533,2.664,0.245
322500,5.000,0.528,2.637,0.245
322700,5.000,0.528,2.637,0.245
322900,5.000,0.537,2.679,0.246
323100,5.000,0.532,2.652,0.246
323300,5.000,0.527,2.637,0.246
323500,5.000,0.527,2.637,0.246
323700,5.000,0.528,2.637,0.246
323900,5.000,0.534,2.667,0.246
324100,5.000,0.527,2.633,0.247
324300,5.000,0.532,2.660,0.247
324500,5.000,0.532,2.660,0.247
324700,5.000,0.534,2.667,0.247
324900,5.000,0.528,2.637,0.247
325100,5.000,0.536,2.675,0.247
325300,5.000,0.536,2.675,0.247
325500,5.000,0.531,2.652,0.248
325700,5.000,0.529,2.645,0.248
325900,5.000,0.529,2.645,0.248
326100,5.000,0.533,2.660,0.248
326300,5.000,0.535,2.671,0.248
326500,5.000,0.527,2.633,0.248
326700,5.000,0.527,2.633,0.249
326900,5.000,0.530,2.648,0.249
327100,5.000,0.532,2.656,0.249
327300,5.000,0.527,2.633,0.249
327500,5.000,0.530,2.648,0.249
327700,5.000,0.530,2.648,0.249
327900,5.000,0.534,2.667,0.249
328100,5.000,0.529,2.645,0.250
328300,5.000,0.533,2.664,0.250
328500,5.000,0.533,2.664,0.250
328700,5.000,0.536,2.675,0.250
328900,5.000,0.528,2.637,0.250
329100,5.000,0.528,2.637,0.250
329300,5.000,0.531,2.652,0.251
329500,5.000,0.534,2.667,0.251
329700,5.000,0.527,2.629,0.251
329900,5.000,0.526,2.626,0.251
330100,5.000,0.526,2.626,0.251
330300,5.000,0.531,2.652,0.251
330500,5.000,0.524,2.618,0.251
330700,5.000,0.529,2.641,0.252
330900,5.000,0.529,2.641,0.252
331100,5.000,0.531,2.648,0.252
331300,5.000,0.527,2.633,0.252
331500,5.000,0.527,2.633,0.252
331700,5.000,0.534,2.667,0.252
331900,5.000,0.535,2.675,0.252
332100,5.000,0.529,2.645,0.253
332300,5.000,0.529,2.645,0.253
332500,5.000,0.533,2.660,0.253
332700,5.000,0.539,2.690,0.253
332900,5.000,0.532,2.660,0.253
333100,5.000,0.535,2.671,0.253
333300,5.000,0.535,2.671,0.254
333500,5.000,0.537,2.683,0.254
333700,5.000,0.529,2.645,0.254
333900,5.000,0.529,2.641,0.254
334100,5.000,0.529,2.641,0.254
