300,5.000,0.420,2.103,0.000
500,5.000,0.396,1.980,0.000
700,5.000,0.396,1.980,0.000
900,5.000,0.396,1.980,0.000
1100,5.000,0.397,1.988,0.000
1300,5.000,0.397,1.984,0.000
1500,5.000,0.397,1.988,0.000
1700,5.000,0.397,1.988,0.000
1900,5.000,0.397,1.984,0.000
2100,5.000,0.397,1.988,0.001
2300,5.000,0.397,1.988,0.001
2500,5.000,0.397,1.984,0.001
2700,5.000,0.397,1.984,0.001
2900,5.000,0.396,1.980,0.001
3100,5.000,0.396,1.980,0.001
3300,5.000,0.397,1.984,0.001
3500,5.000,0.397,1.984,0.001
3700,5.000,0.397,1.984,0.001
3900,5.000,0.397,1.984,0.002
4100,5.000,0.397,1.988,0.002
4300,5.000,0.396,1.984,0.002
4500,5.000,0.396,1.984,0.002
4700,5.000,0.397,1.984,0.002
4900,5.000,0.397,1.984,0.002
5100,5.000,0.400,2.000,0.002
5300,5.000,0.398,1.988,0.002
5500,5.000,0.398,1.988,0.003
5700,5.000,0.397,1.984,0.003
5900,5.000,0.397,1.988,0.003
6100,5.000,0.398,1.988,0.003
6300,5.000,0.398,1.988,0.003
6500,5.000,0.397,1.984,0.003
6700,5.000,0.397,1.984,0.003
6900,5.000,0.397,1.984,0.003
7100,5.000,0.397,1.984,0.003
7300,5.000,0.396,1.980,0.004
7500,5.000,0.398,1.988,0.004
7700,5.000,0.398,1.988,0.004
7900,5.000,0.397,1.988,0.004
8100,5.000,0.397,1.984,0.004
8300,5.000,0.397,1.988,0.004
8500,5.000,0.396,1.980,0.004
8700,5.000,0.396,1.980,0.004
8900,5.000,0.397,1.988,0.004
9100,5.000,0.396,1.980,0.005
9300,5.000,0.396,1.984,0.005
9500,5.000,0.396,1.984,0.005
9700,5.000,0.397,1.984,0.005
9900,5.000,0.399,1.996,0.005
10100,5.000,0.397,1.988,0.005
10300,5.000,0.397,1.988,0.005
10500,5.000,0.397,1.984,0.005
10700,5.000,0.396,1.980,0.005
10900,5.000,0.396,1.980,0.006
11100,5.000,0.396,1.984,0.006
11300,5.000,0.396,1.980,0.006
11500,5.000,0.397,1.988,0.006
11700,5.000,0.397,1.984,0.006
11900,5.000,0.397,1.984,0.006
12100,5.000,0.397,1.984,0.006
12300,5.000,0.397,1.984,0.006
12500,5.000,0.396,1.984,0.007
12700,5.000,0.396,1.984,0.007
12900,5.000,0.396,1.980,0.007
13100,5.000,0.396,1.984,0.007
13300,5.000,0.396,1.984,0.007
13500,5.000,0.397,1.984,0.007
13700,5.000,0.397,1.988,0.007
13900,5.000,0.397,1.988,0.007
14100,5.000,0.397,1.988,0.007
14300,5.000,0.397,1.984,0.008
14500,5.000,0.397,1.984,0.008
14700,5.000,0.397,1.984,0.008
14900,5.000,0.397,1.984,0.008
15100,5.000,0.398,1.992,0.008
15300,5.000,0.397,1.984,0.008
15500,5.000,0.397,1.988,0.008
15700,5.000,0.397,1.988,0.008
15900,5.000,0.397,1.988,0.008
16100,5.000,0.397,1.984,0.009
16300,5.000,0.397,1.984,0.009
16500,5.000,0.397,1.984,0.009
16700,5.000,0.397,1.984,0.009
16900,5.000,0.396,1.980,0.009
17100,5.000,0.397,1.984,0.009
17300,5.000,0.397,1.984,0.009
17500,5.000,0.397,1.984,0.009
17700,5.000,0.397,1.988,0.009
17900,5.000,0.397,1.988,0.010
18100,5.000,0.397,1.988,0.010
18300,5.000,0.397,1.988,0.010
18500,5.000,0.397,1.988,0.010
18700,5.000,0.397,1.984,0.010
18900,5.000,0.397,1.984,0.010
19100,5.000,0.397,1.984,0.010
19300,5.000,0.397,1.984,0.010
19500,5.000,0.397,1.988,0.010
19700,5.000,0.397,1.988,0.011
19900,5.000,0.398,1.988,0.011
20100,5.000,0.397,1.984,0.011
20300,5.000,0.398,1.988,0.011
20500,5.000,0.398,1.988,0.011
20700,5.000,0.396,1.980,0.011
20900,5.000,0.415,2.076,0.011
21100,5.000,0.401,2.007,0.011
21300,5.000,0.401,2.007,0.011
21500,5.000,0.396,1.980,0.012
21700,5.000,0.397,1.988,0.012
21900,5.000,0.397,1.988,0.012
22100,5.000,0.397,1.988,0.012
22300,5.000,0.397,1.988,0.012
22500,5.000,0.397,1.984,0.012
22700,5.000,0.397,1.984,0.012
22900,5.000,0.397,1.984,0.012
23100,5.000,0.397,1.984,0.013
23300,5.000,0.397,1.984,0.013
23500,5.000,0.397,1.988,0.013
23700,5.000,0.397,1.988,0.013
23900,5.000,0.397,1.988,0.013
24100,5.000,0.397,1.984,0.013
24300,5.000,0.397,1.988,0.013
24500,5.000,0.397,1.988,0.013
24700,5.000,0.396,1.980,0.013
24900,5.000,0.397,1.984,0.014
25100,5.000,0.397,1.984,0.014
25300,5.000,0.396,1.980,0.014
25500,5.000,0.398,1.988,0.014
25700,5.000,0.397,1.984,0.014
25900,5.000,0.397,1.988,0.014
26100,5.000,0.397,1.988,0.014
26300,5.000,0.397,1.988,0.014
26500,5.000,0.397,1.984,0.014
26700,5.000,0.397,1.984,0.015
26900,5.000,0.397,1.984,0.015
27100,5.000,0.396,1.980,0.015
27300,5.000,0.397,1.984,0.015
27500,5.000,0.397,1.984,0.015
27700,5.000,0.397,1.984,0.015
27900,5.000,0.397,1.984,0.015
28100,5.000,0.397,1.984,0.015
28300,5.000,0.397,1.984,0.015
28500,5.000,0.397,1.984,0.016
28700,5.000,0.396,1.980,0.016
28900,5.000,0.396,1.980,0.016
29100,5.000,0.396,1.980,0.016
29300,5.000,0.397,1.988,0.016
29500,5.000,0.398,1.988,0.016
29700,5.000,0.397,1.988,0.016
29900,5.000,0.399,1.996,0.016
30100,5.000,0.399,1.996,0.017
30300,5.000,0.398,1.992,0.017
30500,5.000,0.396,1.980,0.017
30700,5.000,0.396,1.980,0.017
30900,5.000,0.397,1.984,0.017
31100,5.000,0.397,1.984,0.017
31300,5.000,0.397,1.988,0.017
31500,5.000,0.397,1.988,0.017
31700,5.000,0.397,1.988,0.017
31900,5.000,0.397,1.984,0.017
32100,5.000,0.397,1.988,0.018
32300,5.000,0.397,1.988,0.018
32500,5.000,0.397,1.984,0.018
32700,5.000,0.397,1.984,0.018
32900,5.000,0.397,1.984,0.018
33100,5.000,0.398,1.988,0.018
33300,5.000,0.398,1.988,0.018
33500,5.000,0.397,1.988,0.018
33700,5.000,0.397,1.988,0.019
33900,5.000,0.397,1.988,0.019
34100,5.000,0.397,1.988,0.019
34300,5.000,0.397,1.984,0.019
34500,5.000,0.397,1.984,0.019
34700,5.000,0.397,1.984,0.019
34900,5.000,0.396,1.984,0.019
35100,5.000,0.397,1.988,0.019
35300,5.000,0.397,1.988,0.019
35500,5.000,0.397,1.988,0.020
35700,5.000,0.397,1.984,0.020
35900,5.000,0.397,1.988,0.020
36100,5.000,0.397,1.988,0.020
36300,5.000,0.397,1.988,0.020
36500,5.000,0.397,1.984,0.020
36700,5.000,0.397,1.984,0.020
36900,5.000,0.397,1.984,0.020
37100,5.000,0.397,1.984,0.020
37300,5.000,0.397,1.988,0.021
37500,5.000,0.397,1.988,0.021
37700,5.000,0.398,1.988,0.021
37900,5.000,0.398,1.988,0.021
38100,5.000,0.397,1.988,0.021
38300,5.000,0.396,1.980,0.021
38500,5.000,0.396,1.980,0.021
38700,5.000,0.396,1.980,0.021
38900,5.000,0.397,1.984,0.021
39100,5.000,0.397,1.988,0.022
39300,5.000,0.397,1.988,0.022
39500,5.000,0.397,1.988,0.022
39700,5.000,0.398,1.992,0.022
39900,5.000,0.397,1.988,0.022
40100,5.000,0.397,1.984,0.022
40300,5.000,0.397,1.984,0.022
40500,5.000,0.396,1.980,0.022
40700,5.000,0.396,1.980,0.023
40900,5.000,0.398,1.988,0.023
41100,5.000,0.398,1.988,0.023
41300,5.000,0.397,1.984,0.023
41500,5.000,0.397,1.988,0.023
41700,5.000,0.397,1.988,0.023
41900,5.000,0.397,1.988,0.023
42100,5.000,0.397,1.984,0.023
42300,5.000,0.397,1.984,0.023
42500,5.000,0.397,1.984,0.024
42700,5.000,0.396,1.980,0.024
42900,5.000,0.398,1.988,0.024
43100,5.000,0.397,1.988,0.024
43300,5.000,0.397,1.988,0.024
43500,5.000,0.397,1.988,0.024
43700,5.000,0.397,1.988,0.024
43900,5.000,0.397,1.984,0.024
44100,5.000,0.396,1.984,0.024
44300,5.000,0.396,1.984,0.025
44500,5.000,0.396,1.980,0.025
44700,5.000,0.398,1.992,0.025
44900,5.000,0.398,1.992,0.025
45100,5.000,0.397,1.984,0.025
45300,5.000,0.397,1.988,0.025
45500,5.000,0.397,1.984,0.025
45700,5.000,0.397,1.984,0.025
45900,5.000,0.397,1.988,0.025
46100,5.000,0.396,1.980,0.026
46300,5.000,0.396,1.984,0.026
46500,5.000,0.396,1.984,0.026
46700,5.000,0.397,1.984,0.026
46900,5.000,0.397,1.988,0.026
47100,5.000,0.398,1.988,0.026
47300,5.000,0.398,1.988,0.026
47500,5.000,0.397,1.984,0.026
47700,5.000,0.397,1.984,0.026
47900,5.000,0.396,1.980,0.027
48100,5.000,0.396,1.980,0.027
48300,5.000,0.397,1.984,0.027
48500,5.000,0.397,1.984,0.027
48700,5.000,0.397,1.988,0.027
48900,5.000,0.397,1.988,0.027
49100,5.000,0.397,1.984,0.027
49300,5.000,0.397,1.988,0.027
49500,5.000,0.397,1.988,0.027
49700,5.000,0.397,1.988,0.028
49900,5.000,0.397,1.984,0.028
50100,5.000,0.397,1.984,0.028
50300,5.000,0.396,1.980,0.028
50500,5.000,0.396,1.980,0.028
50700,5.000,0.398,1.988,0.028
50900,5.000,0.397,1.984,0.028
51100,5.000,0.397,1.988,0.028
51300,5.000,0.397,1.988,0.029
51500,5.000,0.397,1.988,0.029
51700,5.000,0.397,1.984,0.029
51900,5.000,0.396,1.980,0.029
52100,5.000,0.396,1.980,0.029
52300,5.000,0.397,1.984,0.029
52500,5.000,0.397,1.984,0.029
52700,5.000,0.397,1.984,0.029
52900,5.000,0.397,1.984,0.029
53100,5.000,0.397,1.984,0.030
53300,5.000,0.397,1.984,0.030
53500,5.000,0.397,1.984,0.030
53700,5.000,0.397,1.988,0.030
53900,5.000,0.396,1.980,0.030
54100,5.000,0.397,1.984,0.030
54300,5.000,0.397,1.984,0.030
54500,5.000,0.397,1.984,0.030
54700,5.000,0.399,1.992,0.030
54900,5.000,0.397,1.984,0.031
55100,5.000,0.397,1.988,0.031
55300,5.000,0.397,1.988,0.031
55500,5.000,0.398,1.992,0.031
55700,5.000,0.396,1.980,0.031
55900,5.000,0.396,1.980,0.031
56100,5.000,0.397,1.984,0.031
56300,5.000,0.397,1.984,0.031
56500,5.000,0.398,1.988,0.031
56700,5.000,0.398,1.988,0.032
56900,5.000,0.397,1.984,0.032
57100,5.000,0.398,1.992,0.032
57300,5.000,0.398,1.988,0.032
57500,5.000,0.397,1.988,0.032
57700,5.000,0.397,1.988,0.032
57900,5.000,0.397,1.984,0.032
58100,5.000,0.396,1.980,0.032
58300,5.000,0.396,1.980,0.033
58500,5.000,0.398,1.988,0.033
58700,5.000,0.397,1.988,0.033
58900,5.000,0.397,1.984,0.033
59100,5.000,0.397,1.984,0.033
59300,5.000,0.397,1.988,0.033
59500,5.000,0.397,1.984,0.033
59700,5.000,0.397,1.984,0.033
59900,5.000,0.397,1.984,0.033
60100,5.000,0.396,1.980,0.033
60300,5.000,0.397,1.984,0.034
60500,5.000,0.397,1.984,0.034
60700,5.000,0.397,1.984,0.034
60900,5.000,0.397,1.984,0.034
61100,5.000,0.397,1.984,0.034
61300,5.000,0.397,1.988,0.034
61500,5.000,0.397,1.988,0.034
61700,5.000,0.397,1.984,0.034
61900,5.000,0.396,1.980,0.035
62100,5.000,0.397,1.984,0.035
62300,5.000,0.397,1.984,0.035
62500,5.000,0.397,1.988,0.035
62700,5.000,0.397,1.984,0.035
62900,5.000,0.397,1.984,0.035
63100,5.000,0.397,1.984,0.035
63300,5.000,0.397,1.984,0.035
63500,5.000,0.397,1.984,0.035
63700,5.000,0.397,1.984,0.036
63900,5.000,0.396,1.980,0.036
64100,5.000,0.396,1.980,0.036
64300,5.000,0.398,1.988,0.036
64500,5.000,0.397,1.984,0.036
64700,5.000,0.397,1.984,0.036
64900,5.000,0.397,1.988,0.036
65100,5.000,0.397,1.988,0.036
65300,5.000,0.397,1.984,0.036
65500,5.000,0.397,1.984,0.037
65700,5.000,0.397,1.984,0.037
65900,5.000,0.396,1.980,0.037
66100,5.000,0.397,1.984,0.037
66300,5.000,0.397,1.984,0.037
66500,5.000,0.397,1.984,0.037
66700,5.000,0.397,1.984,0.037
66900,5.000,0.397,1.984,0.037
67100,5.000,0.397,1.984,0.037
67300,5.000,0.397,1.984,0.038
67500,5.000,0.396,1.980,0.038
67700,5.000,0.397,1.984,0.038
67900,5.000,0.397,1.984,0.038
68100,5.000,0.397,1.984,0.038
68300,5.000,0.397,1.988,0.038
68500,5.000,0.397,1.984,0.038
68700,5.000,0.397,1.984,0.038
68900,5.000,0.397,1.984,0.039
69100,5.000,0.398,1.992,0.039
69300,5.000,0.398,1.992,0.039
69500,5.000,0.397,1.984,0.039
69700,5.000,0.398,1.988,0.039
69900,5.000,0.397,1.984,0.039
70100,5.000,0.397,1.984,0.039
70300,5.000,0.397,1.988,0.039
70500,5.000,0.397,1.984,0.039
70700,5.000,0.397,1.988,0.040
70900,5.000,0.397,1.988,0.040
71100,5.000,0.397,1.984,0.040
71300,5.000,0.397,1.984,0.040
71500,5.000,0.397,1.984,0.040
71700,5.000,0.396,1.980,0.040
71900,5.000,0.396,1.980,0.040
72100,5.000,0.397,1.988,0.040
72300,5.000,0.397,1.984,0.040
72500,5.000,0.397,1.984,0.041
72700,5.000,0.398,1.988,0.041
72900,5.000,0.397,1.988,0.041
73100,5.000,0.397,1.984,0.041
73300,5.000,0.397,1.984,0.041
73500,5.000,0.396,1.980,0.041
73700,5.000,0.396,1.980,0.041
73900,5.000,0.397,1.984,0.041
74100,5.000,0.397,1.984,0.041
74300,5.000,0.397,1.988,0.042
74500,5.000,0.397,1.988,0.042
74700,5.000,0.397,1.984,0.042
74900,5.000,0.398,1.988,0.042
75100,5.000,0.398,1.988,0.042
75300,5.000,0.396,1.980,0.042
75500,5.000,0.397,1.984,0.042
75700,5.000,0.397,1.984,0.042
75900,5.000,0.396,1.980,0.042
76100,5.000,0.398,1.988,0.043
76300,5.000,0.397,1.988,0.043
76500,5.000,0.397,1.988,0.043
76700,5.000,0.397,1.984,0.043
76900,5.000,0.398,1.988,0.043
77100,5.000,0.397,1.984,0.043
77300,5.000,0.397,1.984,0.043
77500,5.000,0.396,1.980,0.043
77700,5.000,0.397,1.984,0.043
77900,5.000,0.397,1.984,0.044
78100,5.000,0.397,1.988,0.044
78300,5.000,0.397,1.988,0.044
78500,5.000,0.398,1.988,0.044
78700,5.000,0.398,1.988,0.044
78900,5.000,0.398,1.988,0.044
79100,5.000,0.397,1.984,0.044
79300,5.000,0.420,2.103,0.044
79500,5.000,0.397,1.984,0.045
79700,5.000,0.397,1.984,0.045
79900,5.000,0.397,1.988,0.045
80100,5.000,0.397,1.988,0.045
80300,5.000,0.397,1.988,0.045
80500,5.000,0.397,1.984,0.045
80700,5.000,0.397,1.984,0.045
80900,5.000,0.397,1.984,0.045
81100,5.000,0.397,1.984,0.045
81300,5.000,0.397,1.984,0.046
81500,5.000,0.397,1.984,0.046
81700,5.000,0.397,1.984,0.046
81900,5.000,0.397,1.988,0.046
82100,5.000,0.397,1.988,0.046
82300,5.000,0.397,1.988,0.046
82500,5.000,0.397,1.984,0.046
82700,5.000,0.397,1.988,0.046
82900,5.000,0.397,1.988,0.046
83100,5.000,0.396,1.980,0.047
83300,5.000,0.397,1.984,0.047
83500,5.000,0.397,1.984,0.047
83700,5.000,0.397,1.984,0.047
83900,5.000,0.397,1.984,0.047
84100,5.000,0.397,1.984,0.047
84300,5.000,0.397,1.984,0.047
84500,5.000,0.397,1.984,0.047
84700,5.000,0.400,2.000,0.047
84900,5.000,0.396,1.980,0.048
85100,5.000,0.396,1.980,0.048
85300,5.000,0.397,1.984,0.048
85500,5.000,0.397,1.984,0.048
85700,5.000,0.398,1.988,0.048
85900,5.000,0.397,1.984,0.048
86100,5.000,0.397,1.984,0.048
86300,5.000,0.397,1.988,0.048
86500,5.000,0.397,1.988,0.049
86700,5.000,0.397,1.988,0.049
86900,5.000,0.397,1.984,0.049
87100,5.000,0.396,1.980,0.049
87300,5.000,0.396,1.980,0.049
87500,5.000,0.396,1.980,0.049
87700,5.000,0.397,1.984,0.049
87900,5.000,0.397,1.984,0.049
88100,5.000,0.397,1.988,0.049
88300,5.000,0.397,1.988,0.050
88500,5.000,0.397,1.984,0.050
88700,5.000,0.397,1.984,0.050
88900,5.000,0.397,1.984,0.050
89100,5.000,0.396,1.984,0.050
89300,5.000,0.396,1.984,0.050
89500,5.000,0.398,1.992,0.050
89700,5.000,0.397,1.984,0.050
89900,5.000,0.397,1.984,0.050
90100,5.000,0.397,1.984,0.051
90300,5.000,0.397,1.988,0.051
90500,5.000,0.397,1.988,0.051
90700,5.000,0.397,1.988,0.051
90900,5.000,0.396,1.980,0.051
91100,5.000,0.397,1.984,0.051
91300,5.000,0.397,1.980,0.051
91500,5.000,0.396,1.980,0.051
91700,5.000,0.397,1.984,0.051
91900,5.000,0.397,1.984,0.052
92100,5.000,0.397,1.984,0.052
92300,5.000,0.397,1.984,0.052
92500,5.000,0.398,1.988,0.052
92700,5.000,0.397,1.984,0.052
92900,5.000,0.396,1.980,0.052
93100,5.000,0.396,1.980,0.052
93300,5.000,0.396,1.980,0.052
93500,5.000,0.397,1.988,0.052
93700,5.000,0.397,1.988,0.053
93900,5.000,0.397,1.988,0.053
94100,5.000,0.398,1.988,0.053
94300,5.000,0.399,1.992,0.053
94500,5.000,0.399,1.992,0.053
94700,5.000,0.397,1.984,0.053
94900,5.000,0.396,1.980,0.053
95100,5.000,0.396,1.980,0.053
95300,5.000,0.396,1.980,0.053
95500,5.000,0.397,1.988,0.054
95700,5.000,0.398,1.988,0.054
95900,5.000,0.397,1.988,0.054
96100,5.000,0.398,1.988,0.054
96300,5.000,0.398,1.988,0.054
96500,5.000,0.397,1.984,0.054
96700,5.000,0.396,1.980,0.054
96900,5.000,0.396,1.980,0.054
97100,5.000,0.396,1.980,0.055
97300,5.000,0.397,1.988,0.055
97500,5.000,0.398,1.992,0.055
97700,5.000,0.398,1.992,0.055
97900,5.000,0.397,1.988,0.055
98100,5.000,0.397,1.984,0.055
98300,5.000,0.398,1.988,0.055
98500,5.000,0.398,1.988,0.055
98700,5.000,0.396,1.980,0.055
98900,5.000,0.397,1.984,0.056
99100,5.000,0.397,1.984,0.056
99300,5.000,0.398,1.992,0.056
99500,5.000,0.398,1.992,0.056
99700,5.000,0.397,1.988,0.056
99900,5.000,0.397,1.984,0.056
100100,5.000,0.397,1.988,0.056
100300,5.000,0.397,1.988,0.056
100500,5.000,0.396,1.984,0.056
100700,5.000,0.397,1.984,0.057
100900,5.000,0.397,1.984,0.057
101100,5.000,0.397,1.984,0.057
101300,5.000,0.398,1.988,0.057
101500,5.000,0.397,1.984,0.057
101700,5.000,0.397,1.984,0.057
101900,5.000,0.397,1.988,0.057
102100,5.000,0.397,1.988,0.057
102300,5.000,0.397,1.984,0.057
102500,5.000,0.397,1.984,0.058
102700,5.000,0.397,1.984,0.058
102900,5.000,0.396,1.980,0.058
103100,5.000,0.398,1.992,0.058
103300,5.000,0.398,1.992,0.058
103500,5.000,0.397,1.984,0.058
103700,5.000,0.397,1.984,0.058
103900,5.000,0.397,1.988,0.058
104100,5.000,0.397,1.988,0.058
104300,5.000,0.399,1.992,0.059
104500,5.000,0.397,1.984,0.059
104700,5.000,0.397,1.984,0.059
104900,5.000,0.397,1.984,0.059
105100,5.000,0.397,1.984,0.059
105300,5.000,0.398,1.992,0.059
105500,5.000,0.398,1.992,0.059
105700,5.000,0.397,1.984,0.059
105900,5.000,0.397,1.984,0.059
106100,5.000,0.398,1.992,0.060
106300,5.000,0.406,2.030,0.060
106500,5.000,0.406,2.030,0.060
106700,5.000,0.397,1.988,0.060
106900,5.000,0.397,1.984,0.060
107100,5.000,0.397,1.988,0.060
107300,5.000,0.397,1.988,0.060
107500,5.000,0.397,1.988,0.060
107700,5.000,0.397,1.988,0.061
107900,5.000,0.398,1.992,0.061
108100,5.000,0.398,1.992,0.061
108300,5.000,0.397,1.984,0.061
108500,5.000,0.396,1.980,0.061
108700,5.000,0.396,1.980,0.061
108900,5.000,0.397,1.984,0.061
109100,5.000,0.397,1.988,0.061
109300,5.000,0.398,1.988,0.061
109500,5.000,0.398,1.988,0.062
109700,5.000,0.398,1.992,0.062
109900,5.000,0.397,1.988,0.062
110100,5.000,0.398,1.992,0.062
110300,5.000,0.397,1.984,0.062
110500,5.000,0.397,1.984,0.062
110700,5.000,0.396,1.984,0.062
110900,5.000,0.397,1.984,0.062
111100,5.000,0.398,1.992,0.062
111300,5.000,0.398,1.992,0.063
111500,5.000,0.397,1.984,0.063
111700,5.000,0.397,1.988,0.063
111900,5.000,0.397,1.988,0.063
112100,5.000,0.397,1.988,0.063
112300,5.000,0.397,1.984,0.063
112500,5.000,0.396,1.980,0.063
112700,5.000,0.396,1.980,0.063
112900,5.000,0.397,1.984,0.063
113100,5.000,0.397,1.984,0.064
113300,5.000,0.398,1.988,0.064
113500,5.000,0.398,1.988,0.064
113700,5.000,0.398,1.988,0.064
113900,5.000,0.397,1.984,0.064
114100,5.000,0.397,1.984,0.064
114300,5.000,0.397,1.984,0.064
114500,5.000,0.400,2.000,0.064
114700,5.000,0.397,1.984,0.065
114900,5.000,0.397,1.984,0.065
115100,5.000,0.397,1.984,0.065
115300,5.000,0.397,1.984,0.065
115500,5.000,0.397,1.988,0.065
115700,5.000,0.397,1.988,0.065
115900,5.000,0.397,1.988,0.065
116100,5.000,0.398,1.992,0.065
116300,5.000,0.397,1.984,0.065
116500,5.000,0.397,1.984,0.066
116700,5.000,0.397,1.984,0.066
116900,5.000,0.397,1.984,0.066
117100,5.000,0.397,1.984,0.066
117300,5.000,0.397,1.984,0.066
117500,5.000,0.397,1.984,0.066
117700,5.000,0.397,1.988,0.066
117900,5.000,0.397,1.984,0.066
118100,5.000,0.406,2.034,0.066
118300,5.000,0.406,2.034,0.067
118500,5.000,0.397,1.988,0.067
118700,5.000,0.396,1.984,0.067
118900,5.000,0.396,1.984,0.067
119100,5.000,0.396,1.984,0.067
119300,5.000,0.397,1.984,0.067
119500,5.000,0.397,1.984,0.067
119700,5.000,0.397,1.984,0.067
119900,5.000,0.397,1.984,0.067
120100,5.000,0.397,1.984,0.068
120300,5.000,0.397,1.984,0.068
120500,5.000,0.396,1.984,0.068
120700,5.000,0.396,1.984,0.068
120900,5.000,0.396,1.980,0.068
121100,5.000,0.396,1.980,0.068
121300,5.000,0.396,1.977,0.068
121500,5.000,0.396,1.977,0.068
121700,5.000,0.397,1.988,0.068
121900,5.000,0.397,1.984,0.069
122100,5.000,0.397,1.984,0.069
122300,5.000,0.397,1.984,0.069
122500,5.000,0.397,1.984,0.069
122700,5.000,0.396,1.980,0.069
122900,5.000,0.396,1.980,0.069
123100,5.000,0.396,1.980,0.069
123300,5.000,0.396,1.980,0.069
123500,5.000,0.397,1.984,0.069
123700,5.000,0.397,1.984,0.070
123900,5.000,0.397,1.984,0.070
124100,5.000,0.398,1.992,0.070
124300,5.000,0.397,1.984,0.070
124500,5.000,0.397,1.988,0.070
124700,5.000,0.397,1.988,0.070
124900,5.000,0.395,1.977,0.070
125100,5.000,0.397,1.988,0.070
125300,5.000,0.397,1.988,0.071
125500,5.000,0.397,1.984,0.071
125700,5.000,0.397,1.988,0.071
125900,5.000,0.397,1.984,0.071
126100,5.000,0.397,1.984,0.071
126300,5.000,0.397,1.984,0.071
126500,5.000,0.397,1.984,0.071
126700,5.000,0.396,1.984,0.071
126900,5.000,0.396,1.984,0.071
127100,5.000,0.396,1.984,0.072
127300,5.000,0.396,1.984,0.072
127500,5.000,0.397,1.984,0.072
127700,5.000,0.397,1.984,0.072
127900,5.000,0.397,1.984,0.072
128100,5.000,0.397,1.984,0.072
128300,5.000,0.397,1.984,0.072
128500,5.000,0.397,1.984,0.072
128700,5.000,0.397,1.984,0.072
128900,5.000,0.396,1.980,0.073
129100,5.000,0.397,1.984,0.073
129300,5.000,0.397,1.984,0.073
129500,5.000,0.396,1.984,0.073
129700,5.000,0.397,1.988,0.073
129900,5.000,0.397,1.984,0.073
130100,5.000,0.397,1.984,0.073
130300,5.000,0.397,1.984,0.073
130500,5.000,0.397,1.988,0.073
130700,5.000,0.397,1.984,0.074
130900,5.000,0.396,1.980,0.074
131100,5.000,0.396,1.980,0.074
131300,5.000,0.396,1.980,0.074
131500,5.000,0.397,1.984,0.074
131700,5.000,0.397,1.984,0.074
131900,5.000,0.397,1.984,0.074
132100,5.000,0.397,1.988,0.074
132300,5.000,0.397,1.984,0.074
132500,5.000,0.397,1.984,0.075
132700,5.000,0.397,1.984,0.075
132900,5.000,0.396,1.980,0.075
133100,5.000,0.397,1.984,0.075
133300,5.000,0.397,1.984,0.075
133500,5.000,0.395,1.977,0.075
133700,5.000,0.397,1.988,0.075
133900,5.000,0.397,1.988,0.075
134100,5.000,0.397,1.988,0.075
134300,5.000,0.397,1.988,0.076
134500,5.000,0.398,1.988,0.076
134700,5.000,0.396,1.980,0.076
134900,5.000,0.396,1.980,0.076
135100,5.000,0.397,1.984,0.076
135300,5.000,0.397,1.980,0.076
135500,5.000,0.406,2.030,0.076
135700,5.000,0.406,2.030,0.076
135900,5.000,0.397,1.984,0.077
136100,5.000,0.397,1.988,0.077
136300,5.000,0.397,1.988,0.077
136500,5.000,0.397,1.988,0.077
136700,5.000,0.397,1.984,0.077
136900,5.000,0.395,1.977,0.077
137100,5.000,0.395,1.977,0.077
137300,5.000,0.397,1.984,0.077
137500,5.000,0.397,1.988,0.077
137700,5.000,0.421,2.106,0.078
137900,5.000,0.397,1.988,0.078
138100,5.000,0.397,1.988,0.078
138300,5.000,0.397,1.984,0.078
138500,5.000,0.397,1.984,0.078
138700,5.000,0.397,1.984,0.078
138900,5.000,0.397,1.984,0.078
139100,5.000,0.397,1.988,0.078
139300,5.000,0.396,1.980,0.078
139500,5.000,0.396,1.980,0.079
139700,5.000,0.397,1.988,0.079
139900,5.000,0.397,1.984,0.079
140100,5.000,0.397,1.988,0.079
140300,5.000,0.397,1.988,0.079
140500,5.000,0.397,1.984,0.079
140700,5.000,0.397,1.984,0.079
140900,5.000,0.397,1.984,0.079
141100,5.000,0.397,1.984,0.079
141300,5.000,0.396,1.980,0.080
141500,5.000,0.397,1.984,0.080
141700,5.000,0.397,1.984,0.080
141900,5.000,0.397,1.988,0.080
142100,5.000,0.397,1.988,0.080
142300,5.000,0.397,1.984,0.080
142500,5.000,0.397,1.984,0.080
142700,5.000,0.397,1.984,0.080
142900,5.000,0.396,1.980,0.081
143100,5.000,0.397,1.984,0.081
143300,5.000,0.396,1.980,0.081
143500,5.000,0.396,1.980,0.081
143700,5.000,0.397,1.988,0.081
143900,5.000,0.398,1.992,0.081
144100,5.000,0.397,1.984,0.081
144300,5.000,0.397,1.984,0.081
144500,5.000,0.397,1.988,0.081
144700,5.000,0.396,1.980,0.082
144900,5.000,0.397,1.984,0.082
145100,5.000,0.396,1.980,0.082
145300,5.000,0.396,1.980,0.082
145500,5.000,0.397,1.984,0.082
145700,5.000,0.397,1.984,0.082
145900,5.000,0.397,1.984,0.082
146100,5.000,0.397,1.988,0.082
146300,5.000,0.397,1.988,0.082
146500,5.000,0.397,1.984,0.083
146700,5.000,0.397,1.984,0.083
146900,5.000,0.396,1.980,0.083
147100,5.000,0.396,1.980,0.083
147300,5.000,0.396,1.980,0.083
147500,5.000,0.396,1.984,0.083
147700,5.000,0.397,1.984,0.083
147900,5.000,0.398,1.988,0.083
148100,5.000,0.398,1.988,0.083
148300,5.000,0.397,1.984,0.084
148500,5.000,0.397,1.984,0.084
148700,5.000,0.396,1.980,0.084
148900,5.000,0.397,1.984,0.084
149100,5.000,0.397,1.984,0.084
149300,5.000,0.396,1.984,0.084
149500,5.000,0.397,1.984,0.084
149700,5.000,0.398,1.988,0.084
149900,5.000,0.398,1.988,0.084
150100,5.000,0.397,1.984,0.085
150300,5.000,0.396,1.980,0.085
150500,5.000,0.396,1.980,0.085
150700,5.000,0.396,1.980,0.085
150900,5.000,0.397,1.984,0.085
151100,5.000,0.396,1.977,0.085
151300,5.000,0.396,1.977,0.085
151500,5.000,0.397,1.984,0.085
151700,5.000,0.397,1.984,0.086
151900,5.000,0.397,1.984,0.086
152100,5.000,0.397,1.988,0.086
152300,5.000,0.397,1.988,0.086
152500,5.000,0.395,1.977,0.086
152700,5.000,0.397,1.984,0.086
152900,5.000,0.396,1.980,0.086
153100,5.000,0.396,1.980,0.086
153300,5.000,0.397,1.988,0.086
153500,5.000,0.397,1.984,0.087
153700,5.000,0.397,1.984,0.087
153900,5.000,0.397,1.988,0.087
154100,5.000,0.399,1.992,0.087
154300,5.000,0.397,1.984,0.087
154500,5.000,0.397,1.984,0.087
154700,5.000,0.396,1.980,0.087
154900,5.000,0.396,1.980,0.087
155100,5.000,0.397,1.984,0.087
155300,5.000,0.397,1.984,0.088
155500,5.000,0.397,1.984,0.088
155700,5.000,0.397,1.988,0.088
155900,5.000,0.397,1.984,0.088
156100,5.000,0.397,1.984,0.088
156300,5.000,0.397,1.984,0.088
156500,5.000,0.396,1.980,0.088
156700,5.000,0.396,1.980,0.088
156900,5.000,0.396,1.980,0.088
157100,5.000,0.397,1.984,0.089
157300,5.000,0.397,1.984,0.089
157500,5.000,0.397,1.984,0.089
157700,5.000,0.397,1.984,0.089
157900,5.000,0.397,1.984,0.089
158100,5.000,0.397,1.984,0.089
158300,5.000,0.397,1.984,0.089
158500,5.000,0.396,1.980,0.089
158700,5.000,0.396,1.980,0.090
158900,5.000,0.397,1.984,0.090
159100,5.000,0.397,1.988,0.090
159300,5.000,0.397,1.988,0.090
159500,5.000,0.397,1.984,0.090
159700,5.000,0.397,1.984,0.090
159900,5.000,0.397,1.988,0.090
160100,5.000,0.397,1.988,0.090
160300,5.000,0.396,1.980,0.090
160500,5.000,0.396,1.980,0.091
160700,5.000,0.395,1.980,0.091
160900,5.000,0.395,1.980,0.091
161100,5.000,0.397,1.984,0.091
161300,5.000,0.397,1.984,0.091
161500,5.000,0.397,1.984,0.091
161700,5.000,0.397,1.984,0.091
161900,5.000,0.397,1.984,0.091
162100,5.000,0.397,1.984,0.091
162300,5.000,0.397,1.984,0.092
162500,5.000,0.397,1.984,0.092
162700,5.000,0.396,1.980,0.092
162900,5.000,0.397,1.984,0.092
163100,5.000,0.397,1.984,0.092
163300,5.000,0.397,1.984,0.092
163500,5.000,0.397,1.988,0.092
163700,5.000,0.397,1.984,0.092
163900,5.000,0.400,2.000,0.092
164100,5.000,0.400,2.000,0.093
164300,5.000,0.396,1.980,0.093
164500,5.000,0.396,1.980,0.093
164700,5.000,0.396,1.980,0.093
164900,5.000,0.397,1.984,0.093
165100,5.000,0.397,1.984,0.093
165300,5.000,0.397,1.988,0.093
165500,5.000,0.397,1.988,0.093
165700,5.000,0.397,1.984,0.093
165900,5.000,0.397,1.988,0.094
166100,5.000,0.396,1.980,0.094
166300,5.000,0.397,1.984,0.094
166500,5.000,0.397,1.984,0.094
166700,5.000,0.396,1.980,0.094
166900,5.000,0.397,1.988,0.094
167100,5.000,0.397,1.988,0.094
167300,5.000,0.397,1.988,0.094
167500,5.000,0.397,1.984,0.094
167700,5.000,0.397,1.988,0.095
167900,5.000,0.397,1.988,0.095
168100,5.000,0.396,1.980,0.095
168300,5.000,0.397,1.984,0.095
168500,5.000,0.396,1.980,0.095
168700,5.000,0.396,1.980,0.095
168900,5.000,0.398,1.992,0.095
169100,5.000,0.397,1.988,0.095
169300,5.000,0.397,1.988,0.096
169500,5.000,0.397,1.988,0.096
169700,5.000,0.397,1.988,0.096
169900,5.000,0.397,1.984,0.096
170100,5.000,0.396,1.980,0.096
170300,5.000,0.396,1.980,0.096
170500,5.000,0.396,1.980,0.096
170700,5.000,0.397,1.984,0.096
170900,5.000,0.397,1.984,0.096
171100,5.000,0.397,1.984,0.097
171300,5.000,0.397,1.988,0.097
171500,5.000,0.397,1.984,0.097
171700,5.000,0.397,1.984,0.097
171900,5.000,0.397,1.984,0.097
172100,5.000,0.396,1.980,0.097
172300,5.000,0.397,1.984,0.097
172500,5.000,0.397,1.984,0.097
172700,5.000,0.397,1.984,0.097
172900,5.000,0.397,1.984,0.098
173100,5.000,0.397,1.988,0.098
173300,5.000,0.397,1.984,0.098
173500,5.000,0.397,1.984,0.098
173700,5.000,0.398,1.992,0.098
173900,5.000,0.396,1.980,0.098
174100,5.000,0.397,1.988,0.098
174300,5.000,0.397,1.988,0.098
174500,5.000,0.395,1.980,0.098
174700,5.000,0.397,1.984,0.099
174900,5.000,0.397,1.984,0.099
175100,5.000,0.397,1.984,0.099
175300,5.000,0.397,1.988,0.099
175500,5.000,0.397,1.984,0.099
175700,5.000,0.397,1.984,0.099
175900,5.000,0.397,1.984,0.099
176100,5.000,0.397,1.984,0.099
176300,5.000,0.396,1.980,0.099
176500,5.000,0.397,1.984,0.100
176700,5.000,0.397,1.984,0.100
176900,5.000,0.397,1.984,0.100
177100,5.000,0.397,1.988,0.100
177300,5.000,0.397,1.984,0.100
177500,5.000,0.397,1.984,0.100
177700,5.000,0.397,1.988,0.100
177900,5.000,0.396,1.984,0.100
178100,5.000,0.396,1.980,0.100
178300,5.000,0.396,1.980,0.101
178500,5.000,0.397,1.980,0.101
178700,5.000,0.398,1.992,0.101
178900,5.000,0.398,1.992,0.101
179100,5.000,0.397,1.988,0.101
179300,5.000,0.397,1.984,0.101
179500,5.000,0.397,1.988,0.101
179700,5.000,0.397,1.984,0.101
179900,5.000,0.397,1.984,0.102
180100,5.000,0.397,1.984,0.102
180300,5.000,0.396,1.980,0.102
180500,5.000,0.397,1.988,0.102
180700,5.000,0.397,1.988,0.102
180900,5.000,0.397,1.984,0.102
181100,5.000,0.397,1.988,0.102
181300,5.000,0.397,1.988,0.102
181500,5.000,0.397,1.988,0.102
181700,5.000,0.396,1.980,0.103
181900,5.000,0.397,1.984,0.103
182100,5.000,0.397,1.984,0.103
182300,5.000,0.396,1.980,0.103
182500,5.000,0.396,1.980,0.103
182700,5.000,0.397,1.984,0.103
182900,5.000,0.397,1.984,0.103
183100,5.000,0.397,1.988,0.103
183300,5.000,0.397,1.984,0.103
183500,5.000,0.396,1.980,0.104
183700,5.000,0.398,1.988,0.104
183900,5.000,0.398,1.988,0.104
184100,5.000,0.395,1.980,0.104
184300,5.000,0.396,1.980,0.104
184500,5.000,0.396,1.980,0.104
184700,5.000,0.397,1.984,0.104
184900,5.000,0.396,1.984,0.104
185100,5.000,0.396,1.980,0.104
185300,5.000,0.396,1.980,0.105
185500,5.000,0.397,1.984,0.105
185700,5.000,0.395,1.977,0.105
185900,5.000,0.395,1.977,0.105
186100,5.000,0.395,1.977,0.105
186300,5.000,0.396,1.980,0.105
186500,5.000,0.396,1.980,0.105
186700,5.000,0.397,1.984,0.105
186900,5.000,0.396,1.980,0.105
187100,5.000,0.396,1.980,0.106
187300,5.000,0.396,1.980,0.106
187500,5.000,0.396,1.980,0.106
187700,5.000,0.396,1.980,0.106
187900,5.000,0.395,1.977,0.106
188100,5.000,0.396,1.980,0.106
188300,5.000,0.397,1.984,0.106
188500,5.000,0.397,1.984,0.106
188700,5.000,0.397,1.984,0.106
188900,5.000,0.397,1.984,0.107
189100,5.000,0.397,1.984,0.107
189300,5.000,0.397,1.984,0.107
189500,5.000,0.395,1.980,0.107
189700,5.000,0.396,1.980,0.107
189900,5.000,0.396,1.980,0.107
190100,5.000,0.396,1.980,0.107
190300,5.000,0.396,1.980,0.107
190500,5.000,0.397,1.984,0.108
190700,5.000,0.396,1.980,0.108
190900,5.000,0.396,1.980,0.108
191100,5.000,0.396,1.980,0.108
191300,5.000,0.396,1.980,0.108
191500,5.000,0.396,1.980,0.108
191700,5.000,0.396,1.980,0.108
191900,5.000,0.395,1.977,0.108
192100,5.000,0.396,1.980,0.108
192300,5.000,0.396,1.980,0.109
192500,5.000,0.397,1.984,0.109
192700,5.000,0.397,1.988,0.109
192900,5.000,0.396,1.980,0.109
193100,5.000,0.396,1.980,0.109
193300,5.000,0.397,1.984,0.109
193500,5.000,0.396,1.980,0.109
193700,5.000,0.398,1.988,0.109
193900,5.000,0.396,1.980,0.109
194100,5.000,0.396,1.980,0.110
194300,5.000,0.396,1.980,0.110
194500,5.000,0.397,1.984,0.110
194700,5.000,0.397,1.984,0.110
194900,5.000,0.397,1.984,0.110
195100,5.000,0.397,1.984,0.110
195300,5.000,0.396,1.980,0.110
195500,5.000,0.396,1.980,0.110
195700,5.000,0.396,1.984,0.110
195900,5.000,0.406,2.034,0.111
196100,5.000,0.420,2.103,0.111
196300,5.000,0.420,2.103,0.111
196500,5.000,0.397,1.984,0.111
196700,5.000,0.397,1.984,0.111
196900,5.000,0.397,1.988,0.111
197100,5.000,0.397,1.988,0.111
197300,5.000,0.397,1.984,0.111
197500,5.000,0.396,1.984,0.112
197700,5.000,0.396,1.980,0.112
197900,5.000,0.397,1.984,0.112
198100,5.000,0.397,1.984,0.112
198300,5.000,0.397,1.988,0.112
198500,5.000,0.399,1.996,0.112
198700,5.000,0.399,1.996,0.112
198900,5.000,0.397,1.984,0.112
199100,5.000,0.397,1.984,0.112
199300,5.000,0.396,1.980,0.113
199500,5.000,0.396,1.980,0.113
199700,5.000,0.397,1.984,0.113
199900,5.000,0.396,1.980,0.113
200100,5.000,0.397,1.988,0.113
200300,5.000,0.397,1.988,0.113
200500,5.000,0.398,1.988,0.113
200700,5.000,0.397,1.984,0.113
200900,5.000,0.397,1.988,0.113
201100,5.000,0.396,1.980,0.114
201300,5.000,0.396,1.980,0.114
201500,5.000,0.396,1.980,0.114
201700,5.000,0.396,1.980,0.114
201900,5.000,0.396,1.980,0.114
202100,5.000,0.397,1.988,0.114
202300,5.000,0.397,1.984,0.114
202500,5.000,0.397,1.984,0.114
202700,5.000,0.397,1.984,0.114
202900,5.000,0.396,1.984,0.115
203100,5.000,0.397,1.984,0.115
203300,5.000,0.397,1.984,0.115
203500,5.000,0.395,1.977,0.115
203700,5.000,0.397,1.988,0.115
203900,5.000,0.397,1.984,0.115
204100,5.000,0.397,1.984,0.115
204300,5.000,0.397,1.984,0.115
204500,5.000,0.397,1.984,0.115
204700,5.000,0.397,1.988,0.116
204900,5.000,0.396,1.980,0.116
205100,5.000,0.396,1.980,0.116
205300,5.000,0.397,1.984,0.116
205500,5.000,0.396,1.980,0.116
205700,5.000,0.397,1.988,0.116
205900,5.000,0.397,1.988,0.116
206100,5.000,0.397,1.984,0.116
206300,5.000,0.397,1.984,0.116
206500,5.000,0.397,1.984,0.117
206700,5.000,0.397,1.984,0.117
206900,5.000,0.397,1.984,0.117
207100,5.000,0.396,1.980,0.117
207300,5.000,0.396,1.980,0.117
207500,5.000,0.396,1.980,0.117
207700,5.000,0.397,1.984,0.117
207900,5.000,0.397,1.984,0.117
208100,5.000,0.398,1.988,0.118
208300,5.000,0.398,1.988,0.118
208500,5.000,0.396,1.984,0.118
208700,5.000,0.397,1.984,0.118
208900,5.000,0.396,1.984,0.118
209100,5.000,0.396,1.984,0.118
209300,5.000,0.397,1.984,0.118
209500,5.000,0.396,1.980,0.118
209700,5.000,0.396,1.980,0.118
209900,5.000,0.397,1.984,0.119
210100,5.000,0.397,1.988,0.119
210300,5.000,0.397,1.984,0.119
210500,5.000,0.397,1.984,0.119
210700,5.000,0.396,1.984,0.119
210900,5.000,0.397,1.984,0.119
211100,5.000,0.397,1.984,0.119
211300,5.000,0.396,1.980,0.119
211500,5.000,0.396,1.980,0.119
211700,5.000,0.397,1.988,0.120
211900,5.000,0.396,1.984,0.120
212100,5.000,0.397,1.984,0.120
212300,5.000,0.397,1.984,0.120
212500,5.000,0.397,1.988,0.120
212700,5.000,0.396,1.980,0.120
212900,5.000,0.396,1.980,0.120
213100,5.000,0.397,1.988,0.120
213300,5.000,0.396,1.980,0.120
213500,5.000,0.397,1.988,0.121
213700,5.000,0.397,1.988,0.121
213900,5.000,0.397,1.984,0.121
214100,5.000,0.397,1.988,0.121
214300,5.000,0.397,1.988,0.121
214500,5.000,0.397,1.988,0.121
214700,5.000,0.397,1.984,0.121
214900,5.000,0.396,1.980,0.121
215100,5.000,0.396,1.980,0.121
215300,5.000,0.396,1.980,0.122
215500,5.000,0.397,1.984,0.122
215700,5.000,0.397,1.984,0.122
215900,5.000,0.397,1.984,0.122
216100,5.000,0.397,1.984,0.122
216300,5.000,0.397,1.984,0.122
216500,5.000,0.397,1.984,0.122
216700,5.000,0.396,1.980,0.122
216900,5.000,0.396,1.980,0.122
217100,5.000,0.395,1.977,0.123
217300,5.000,0.396,1.980,0.123
217500,5.000,0.396,1.980,0.123
217700,5.000,0.397,1.984,0.123
217900,5.000,0.397,1.984,0.123
218100,5.000,0.397,1.984,0.123
218300,5.000,0.396,1.980,0.123
218500,5.000,0.396,1.980,0.123
218700,5.000,0.398,1.988,0.124
218900,5.000,0.396,1.980,0.124
219100,5.000,0.396,1.980,0.124
219300,5.000,0.396,1.980,0.124
219500,5.000,0.397,1.984,0.124
219700,5.000,0.397,1.980,0.124
219900,5.000,0.396,1.980,0.124
220100,5.000,0.396,1.980,0.124
220300,5.000,0.397,1.984,0.124
220500,5.000,0.395,1.977,0.125
220700,5.000,0.395,1.977,0.125
220900,5.000,0.397,1.984,0.125
221100,5.000,0.396,1.980,0.125
221300,5.000,0.397,1.988,0.125
221500,5.000,0.397,1.988,0.125
221700,5.000,0.397,1.988,0.125
221900,5.000,0.397,1.984,0.125
222100,5.000,0.397,1.988,0.125
222300,5.000,0.396,1.980,0.126
222500,5.000,0.396,1.980,0.126
222700,5.000,0.397,1.984,0.126
222900,5.000,0.396,1.980,0.126
223100,5.000,0.398,1.988,0.126
223300,5.000,0.398,1.988,0.126
223500,5.000,0.399,1.996,0.126
223700,5.000,0.397,1.984,0.126
223900,5.000,0.397,1.984,0.126
224100,5.000,0.397,1.984,0.127
224300,5.000,0.397,1.984,0.127
224500,5.000,0.396,1.980,0.127
224700,5.000,0.396,1.980,0.127
224900,5.000,0.397,1.984,0.127
225100,5.000,0.397,1.988,0.127
225300,5.000,0.397,1.984,0.127
225500,5.000,0.397,1.984,0.127
225700,5.000,0.397,1.984,0.128
225900,5.000,0.397,1.984,0.128
226100,5.000,0.396,1.977,0.128
226300,5.000,0.396,1.977,0.128
226500,5.000,0.396,1.980,0.128
226700,5.000,0.397,1.984,0.128
226900,5.000,0.397,1.984,0.128
227100,5.000,0.397,1.984,0.128
227300,5.000,0.397,1.984,0.128
227500,5.000,0.397,1.988,0.128
227700,5.000,0.397,1.984,0.129
227900,5.000,0.397,1.984,0.129
228100,5.000,0.396,1.980,0.129
228300,5.000,0.398,1.992,0.129
228500,5.000,0.398,1.992,0.129
228700,5.000,0.397,1.984,0.129
228900,5.000,0.397,1.984,0.129
229100,5.000,0.397,1.988,0.129
229300,5.000,0.397,1.984,0.130
229500,5.000,0.397,1.984,0.130
229700,5.000,0.397,1.988,0.130
229900,5.000,0.407,2.038,0.130
230100,5.000,0.397,1.988,0.130
230300,5.000,0.397,1.988,0.130
230500,5.000,0.397,1.984,0.130
230700,5.000,0.397,1.984,0.130
230900,5.000,0.397,1.984,0.130
231100,5.000,0.397,1.984,0.131
231300,5.000,0.396,1.984,0.131
231500,5.000,0.397,1.984,0.131
231700,5.000,0.397,1.984,0.131
231900,5.000,0.397,1.988,0.131
232100,5.000,0.396,1.980,0.131
232300,5.000,0.396,1.984,0.131
232500,5.000,0.396,1.980,0.131
232700,5.000,0.396,1.980,0.131
232900,5.000,0.397,1.984,0.132
233100,5.000,0.397,1.984,0.132
233300,5.000,0.399,1.992,0.132
233500,5.000,0.399,1.992,0.132
233700,5.000,0.398,1.988,0.132
233900,5.000,0.397,1.984,0.132
234100,5.000,0.396,1.980,0.132
234300,5.000,0.396,1.980,0.132
234500,5.000,0.396,1.980,0.132
234700,5.000,0.397,1.984,0.133
234900,5.000,0.397,1.984,0.133
235100,5.000,0.397,1.984,0.133
235300,5.000,0.397,1.988,0.133
235500,5.000,0.397,1.984,0.133
235700,5.000,0.397,1.984,0.133
235900,5.000,0.397,1.984,0.133
236100,5.000,0.396,1.980,0.133
236300,5.000,0.396,1.980,0.134
236500,5.000,0.396,1.980,0.134
236700,5.000,0.396,1.980,0.134
236900,5.000,0.396,1.984,0.134
237100,5.000,0.397,1.984,0.134
237300,5.000,0.397,1.984,0.134
237500,5.000,0.397,1.984,0.134
237700,5.000,0.397,1.988,0.134
237900,5.000,0.397,1.984,0.134
238100,5.000,0.397,1.984,0.135
238300,5.000,0.396,1.980,0.135
238500,5.000,0.395,1.980,0.135
238700,5.000,0.397,1.984,0.135
238900,5.000,0.397,1.984,0.135
239100,5.000,0.397,1.984,0.135
239300,5.000,0.397,1.988,0.135
239500,5.000,0.396,1.980,0.135
239700,5.000,0.396,1.984,0.135
239900,5.000,0.396,1.984,0.136
240100,5.000,0.396,1.980,0.136
240300,5.000,0.397,1.984,0.136
240500,5.000,0.397,1.984,0.136
240700,5.000,0.396,1.980,0.136
240900,5.000,0.397,1.988,0.136
241100,5.000,0.397,1.984,0.136
241300,5.000,0.397,1.984,0.136
241500,5.000,0.397,1.984,0.136
241700,5.000,0.397,1.984,0.137
241900,5.000,0.396,1.980,0.137
242100,5.000,0.396,1.980,0.137
242300,5.000,0.397,1.984,0.137
242500,5.000,0.396,1.980,0.137
242700,5.000,0.396,1.980,0.137
242900,5.000,0.397,1.984,0.137
243100,5.000,0.397,1.984,0.137
243300,5.000,0.397,1.988,0.137
243500,5.000,0.397,1.984,0.138
243700,5.000,0.397,1.984,0.138
243900,5.000,0.397,1.984,0.138
244100,5.000,0.397,1.984,0.138
244300,5.000,0.397,1.980,0.138
244500,5.000,0.397,1.980,0.138
244700,5.000,0.396,1.980,0.138
244900,5.000,0.397,1.984,0.138
245100,5.000,0.397,1.984,0.138
245300,5.000,0.397,1.984,0.139
245500,5.000,0.406,2.030,0.139
245700,5.000,0.397,1.988,0.139
245900,5.000,0.397,1.988,0.139
246100,5.000,0.397,1.984,0.139
246300,5.000,0.396,1.980,0.139
246500,5.000,0.397,1.984,0.139
246700,5.000,0.396,1.980,0.139
246900,5.000,0.396,1.980,0.140
247100,5.000,0.398,1.988,0.140
247300,5.000,0.397,1.984,0.140
247500,5.000,0.397,1.984,0.140
247700,5.000,0.397,1.984,0.140
247900,5.000,0.397,1.988,0.140
248100,5.000,0.398,1.988,0.140
248300,5.000,0.398,1.988,0.140
248500,5.000,0.397,1.984,0.140
248700,5.000,0.397,1.984,0.141
248900,5.000,0.397,1.984,0.141
249100,5.000,0.397,1.984,0.141
249300,5.000,0.397,1.984,0.141
249500,5.000,0.398,1.988,0.141
249700,5.000,0.397,1.988,0.141
249900,5.000,0.398,1.988,0.141
250100,5.000,0.398,1.988,0.141
250300,5.000,0.395,1.980,0.141
250500,5.000,0.397,1.984,0.142
250700,5.000,0.397,1.984,0.142
250900,5.000,0.397,1.984,0.142
251100,5.000,0.397,1.988,0.142
251300,5.000,0.397,1.984,0.142
251500,5.000,0.397,1.984,0.142
251700,5.000,0.397,1.984,0.142
251900,5.000,0.397,1.984,0.142
252100,5.000,0.397,1.980,0.142
252300,5.000,0.397,1.980,0.143
252500,5.000,0.396,1.980,0.143
252700,5.000,0.397,1.984,0.143
252900,5.000,0.397,1.984,0.143
253100,5.000,0.397,1.984,0.143
253300,5.000,0.399,1.996,0.143
253500,5.000,0.402,2.015,0.143
253700,5.000,0.416,2.080,0.143
253900,5.000,0.397,1.984,0.144
254100,5.000,0.397,1.984,0.144
254300,5.000,0.397,1.988,0.144
254500,5.000,0.397,1.988,0.144
254700,5.000,0.397,1.988,0.144
254900,5.000,0.397,1.984,0.144
255100,5.000,0.397,1.984,0.144
255300,5.000,0.396,1.980,0.144
255500,5.000,0.396,1.980,0.144
255700,5.000,0.397,1.984,0.145
255900,5.000,0.396,1.980,0.145
256100,5.000,0.397,1.988,0.145
256300,5.000,0.397,1.988,0.145
256500,5.000,0.397,1.984,0.145
256700,5.000,0.397,1.988,0.145
256900,5.000,0.397,1.988,0.145
257100,5.000,0.396,1.980,0.145
257300,5.000,0.396,1.980,0.145
257500,5.000,0.396,1.980,0.146
257700,5.000,0.397,1.984,0.146
257900,5.000,0.397,1.984,0.146
258100,5.000,0.397,1.988,0.146
258300,5.000,0.397,1.984,0.146
258500,5.000,0.397,1.988,0.146
258700,5.000,0.397,1.988,0.146
258900,5.000,0.397,1.988,0.146
259100,5.000,0.406,2.034,0.146
259300,5.000,0.406,2.034,0.147
259500,5.000,0.396,1.980,0.147
259700,5.000,0.396,1.980,0.147
259900,5.000,0.397,1.984,0.147
260100,5.000,0.397,1.984,0.147
260300,5.000,0.397,1.984,0.147
260500,5.000,0.397,1.984,0.147
260700,5.000,0.397,1.984,0.147
260900,5.000,0.397,1.984,0.147
261100,5.000,0.397,1.984,0.148
261300,5.000,0.397,1.984,0.148
261500,5.000,0.397,1.984,0.148
261700,5.000,0.396,1.984,0.148
261900,5.000,0.396,1.984,0.148
262100,5.000,0.397,1.984,0.148
262300,5.000,0.396,1.980,0.148
262500,5.000,0.396,1.980,0.148
262700,5.000,0.398,1.988,0.148
262900,5.000,0.397,1.984,0.149
263100,5.000,0.397,1.984,0.149
263300,5.000,0.397,1.984,0.149
263500,5.000,0.397,1.984,0.149
263700,5.000,0.397,1.984,0.149
263900,5.000,0.396,1.980,0.149
264100,5.000,0.397,1.988,0.149
264300,5.000,0.397,1.988,0.149
264500,5.000,0.397,1.984,0.150
264700,5.000,0.397,1.984,0.150
264900,5.000,0.397,1.988,0.150
265100,5.000,0.397,1.988,0.150
265300,5.000,0.396,1.980,0.150
265500,5.000,0.397,1.984,0.150
265700,5.000,0.397,1.984,0.150
265900,5.000,0.395,1.980,0.150
266100,5.000,0.397,1.984,0.150
266300,5.000,0.397,1.984,0.151
266500,5.000,0.397,1.984,0.151
266700,5.000,0.397,1.984,0.151
266900,5.000,0.397,1.988,0.151
267100,5.000,0.397,1.984,0.151
267300,5.000,0.396,1.984,0.151
267500,5.000,0.396,1.984,0.151
267700,5.000,0.396,1.980,0.151
267900,5.000,0.396,1.980,0.151
268100,5.000,0.397,1.988,0.152
268300,5.000,0.397,1.988,0.152
268500,5.000,0.398,1.988,0.152
268700,5.000,0.397,1.984,0.152
268900,5.000,0.397,1.984,0.152
269100,5.000,0.397,1.984,0.152
269300,5.000,0.397,1.984,0.152
269500,5.000,0.397,1.984,0.152
269700,5.000,0.397,1.984,0.152
269900,5.000,0.397,1.984,0.153
270100,5.000,0.397,1.980,0.153
270300,5.000,0.397,1.980,0.153
270500,5.000,0.398,1.988,0.153
270700,5.000,0.397,1.988,0.153
270900,5.000,0.396,1.984,0.153
271100,5.000,0.397,1.988,0.153
271300,5.000,0.397,1.988,0.153
271500,5.000,0.396,1.980,0.153
271700,5.000,0.396,1.980,0.154
271900,5.000,0.397,1.984,0.154
272100,5.000,0.397,1.984,0.154
272300,5.000,0.397,1.988,0.154
272500,5.000,0.397,1.984,0.154
272700,5.000,0.397,1.984,0.154
272900,5.000,0.397,1.984,0.154
273100,5.000,0.399,1.996,0.154
273300,5.000,0.397,1.984,0.154
273500,5.000,0.397,1.984,0.155
273700,5.000,0.396,1.980,0.155
273900,5.000,0.396,1.980,0.155
274100,5.000,0.397,1.984,0.155
274300,5.000,0.397,1.984,0.155
274500,5.000,0.397,1.984,0.155
274700,5.000,0.397,1.988,0.155
274900,5.000,0.397,1.984,0.155
275100,5.000,0.397,1.984,0.156
275300,5.000,0.397,1.984,0.156
275500,5.000,0.396,1.980,0.156
275700,5.000,0.396,1.984,0.156
275900,5.000,0.396,1.980,0.156
276100,5.000,0.396,1.980,0.156
276300,5.000,0.397,1.988,0.156
276500,5.000,0.396,1.980,0.156
276700,5.000,0.396,1.980,0.156
276900,5.000,0.397,1.988,0.157
277100,5.000,0.397,1.988,0.157
277300,5.000,0.397,1.984,0.157
277500,5.000,0.397,1.984,0.157
277700,5.000,0.397,1.984,0.157
277900,5.000,0.396,1.980,0.157
278100,5.000,0.399,1.992,0.157
278300,5.000,0.397,1.988,0.157
278500,5.000,0.397,1.988,0.157
278700,5.000,0.396,1.980,0.158
278900,5.000,0.397,1.984,0.158
279100,5.000,0.398,1.992,0.158
279300,5.000,0.398,1.992,0.158
279500,5.000,0.396,1.984,0.158
279700,5.000,0.396,1.980,0.158
279900,5.000,0.396,1.980,0.158
