300,5.000,0.615,3.072,0.000
500,5.000,0.568,2.835,0.000
700,5.000,0.612,3.057,0.000
900,5.000,0.612,3.057,0.000
1100,5.000,0.619,3.091,0.000
1300,5.000,0.610,3.045,0.001
1500,5.000,0.610,3.045,0.001
1700,5.000,0.624,3.114,0.001
1900,5.000,0.625,3.118,0.001
2100,5.000,0.608,3.034,0.001
2300,5.000,0.608,3.034,0.001
2500,5.000,0.621,3.099,0.002
2700,5.000,0.611,3.049,0.002
2900,5.000,0.602,3.007,0.002
3100,5.000,0.602,3.007,0.002
3300,5.000,0.611,3.049,0.002
3500,5.000,0.609,3.042,0.002
3700,5.000,0.590,2.946,0.003
3900,5.000,0.612,3.057,0.003
4100,5.000,0.612,3.057,0.003
4300,5.000,0.598,2.984,0.003
4500,5.000,0.592,2.958,0.003
4700,5.000,0.592,2.958,0.003
4900,5.000,0.605,3.019,0.004
5100,5.000,0.589,2.942,0.004
5300,5.000,0.585,2.923,0.004
5500,5.000,0.585,2.923,0.004
5700,5.000,0.594,2.969,0.004
5900,5.000,0.581,2.900,0.004
6100,5.000,0.582,2.904,0.005
6300,5.000,0.582,2.904,0.005
6500,5.000,0.595,2.973,0.005
6700,5.000,0.582,2.908,0.005
6900,5.000,0.582,2.908,0.005
7100,5.000,0.596,2.977,0.006
7300,5.000,0.596,2.977,0.006
7500,5.000,0.586,2.923,0.006
7700,5.000,0.584,2.916,0.006
7900,5.000,0.584,2.916,0.006
8100,5.000,0.592,2.958,0.006
8300,5.000,0.583,2.912,0.006
8500,5.000,0.593,2.958,0.007
8700,5.000,0.593,2.958,0.007
8900,5.000,0.591,2.950,0.007
9100,5.000,0.583,2.912,0.007
9300,5.000,0.583,2.954,0.007
9500,5.000,0.591,2.954,0.007
9700,5.000,0.587,2.931,0.008
9900,5.000,0.582,2.904,0.008
10100,5.000,0.582,2.904,0.008
10300,5.000,0.587,2.931,0.008
10500,5.000,0.598,2.988,0.008
10700,5.000,0.585,2.919,0.009
10900,5.000,0.593,2.961,0.009
11100,5.000,0.593,2.961,0.009
11300,5.000,0.591,2.950,0.009
11500,5.000,0.582,2.904,0.009
11700,5.000,0.594,2.969,0.009
11900,5.000,0.594,2.969,0.010
12100,5.000,0.593,2.958,0.010
12300,5.000,0.584,2.916,0.010
12500,5.000,0.584,2.916,0.010
12700,5.000,0.597,2.980,0.010
12900,5.000,0.583,2.912,0.010
13100,5.000,0.583,2.908,0.010
13300,5.000,0.583,2.908,0.011
13500,5.000,0.590,2.946,0.011
13700,5.000,0.589,2.942,0.011
13900,5.000,0.585,2.923,0.011
14100,5.000,0.594,2.961,0.011
14300,5.000,0.594,2.961,0.012
14500,5.000,0.588,2.938,0.012
14700,5.000,0.581,2.900,0.012
14900,5.000,0.597,2.980,0.012
15100,5.000,0.597,2.980,0.012
15300,5.000,0.580,2.897,0.012
15500,5.000,0.584,2.916,0.013
15700,5.000,0.584,2.916,0.013
15900,5.000,0.598,2.988,0.013
16100,5.000,0.582,2.908,0.013
16300,5.000,0.580,2.897,0.013
16500,5.000,0.580,2.897,0.013
16700,5.000,0.595,2.973,0.014
16900,5.000,0.583,2.912,0.014
17100,5.000,0.581,2.900,0.014
17300,5.000,0.581,2.900,0.014
17500,5.000,0.604,3.019,0.014
17700,5.000,0.583,2.912,0.014
17900,5.000,0.585,2.919,0.015
18100,5.000,0.600,2.996,0.015
18300,5.000,0.600,2.996,0.015
18500,5.000,0.582,2.908,0.015
18700,5.000,0.583,2.912,0.015
18900,5.000,0.583,2.912,0.015
19100,5.000,0.603,3.015,0.016
19300,5.000,0.584,2.919,0.016
19500,5.000,0.588,2.935,0.016
19700,5.000,0.588,2.935,0.016
19900,5.000,0.591,2.954,0.016
20100,5.000,0.584,2.916,0.016
20300,5.000,0.584,2.916,0.017
20500,5.000,0.580,2.897,0.017
20700,5.000,0.606,3.026,0.017
20900,5.000,0.585,2.919,0.017
21100,5.000,0.585,2.919,0.017
21300,5.000,0.585,2.919,0.017
21500,5.000,0.598,2.984,0.018
21700,5.000,0.580,2.893,0.018
21900,5.000,0.587,2.931,0.018
22100,5.000,0.587,2.931,0.018
22300,5.000,0.591,2.950,0.018
22500,5.000,0.585,2.919,0.018
22700,5.000,0.590,2.946,0.019
22900,5.000,0.590,2.946,0.019
23100,5.000,0.593,2.961,0.019
23300,5.000,0.580,2.897,0.019
23500,5.000,0.580,2.897,0.019
23700,5.000,0.586,2.923,0.019
23900,5.000,0.592,2.958,0.020
24100,5.000,0.581,2.904,0.020
24300,5.000,0.581,2.904,0.020
24500,5.000,0.593,2.961,0.020
24700,5.000,0.598,2.988,0.020
24900,5.000,0.584,2.916,0.020
25100,5.000,0.594,2.965,0.021
25300,5.000,0.594,2.965,0.021
25500,5.000,0.588,2.935,0.021
25700,5.000,0.580,2.897,0.021
25900,5.000,0.599,2.988,0.021
26100,5.000,0.599,2.988,0.021
26300,5.000,0.590,2.942,0.022
26500,5.000,0.584,2.916,0.022
26700,5.000,0.584,2.916,0.022
26900,5.000,0.596,2.977,0.022
27100,5.000,0.584,2.912,0.022
27300,5.000,0.581,2.900,0.022
27500,5.000,0.581,2.900,0.023
27700,5.000,0.595,2.973,0.023
27900,5.000,0.590,2.946,0.023
28100,5.000,0.581,2.904,0.023
28300,5.000,0.600,2.996,0.023
28500,5.000,0.600,2.996,0.023
28700,5.000,0.585,2.923,0.024
28900,5.000,0.582,2.904,0.024
29100,5.000,0.597,2.980,0.024
29300,5.000,0.597,2.980,0.024
29500,5.000,0.586,2.923,0.024
29700,5.000,0.585,2.919,0.024
29900,5.000,0.585,2.919,0.025
30100,5.000,0.597,2.980,0.025
30300,5.000,0.581,2.900,0.025
30500,5.000,0.581,2.900,0.025
30700,5.000,0.581,2.900,0.025
30900,5.000,0.596,2.973,0.025
31100,5.000,0.584,2.916,0.026
31300,5.000,0.584,2.916,0.026
31500,5.000,0.600,2.996,0.026
31700,5.000,0.600,2.996,0.026
31900,5.000,0.583,2.916,0.026
32100,5.000,0.585,2.919,0.026
32300,5.000,0.585,2.919,0.027
32500,5.000,0.598,2.984,0.027
32700,5.000,0.581,2.904,0.027
32900,5.000,0.588,2.935,0.027
33100,5.000,0.588,2.935,0.027
33300,5.000,0.602,3.007,0.027
33500,5.000,0.583,2.912,0.028
33700,5.000,0.585,2.923,0.028
33900,5.000,0.585,2.923,0.028
34100,5.000,0.595,2.973,0.028
34300,5.000,0.581,2.900,0.028
34500,5.000,0.581,2.900,0.028
34700,5.000,0.580,2.897,0.029
34900,5.000,0.602,3.007,0.029
35100,5.000,0.584,2.912,0.029
35300,5.000,0.590,2.946,0.029
35500,5.000,0.590,2.946,0.029
35700,5.000,0.594,2.965,0.030
35900,5.000,0.583,2.912,0.030
36100,5.000,0.584,2.916,0.030
36300,5.000,0.584,2.916,0.030
36500,5.000,0.598,2.988,0.030
36700,5.000,0.584,2.919,0.030
36900,5.000,0.589,2.942,0.030
37100,5.000,0.589,2.942,0.031
37300,5.000,0.586,2.927,0.031
37500,5.000,0.583,2.912,0.031
37700,5.000,0.583,2.912,0.031
37900,5.000,0.585,2.919,0.031
38100,5.000,0.593,2.961,0.031
38300,5.000,0.583,2.912,0.032
38500,5.000,0.596,2.977,0.032
38700,5.000,0.596,2.977,0.032
38900,5.000,0.593,2.961,0.032
39100,5.000,0.583,2.912,0.032
39300,5.000,0.591,2.950,0.033
39500,5.000,0.591,2.950,0.033
39700,5.000,0.587,2.927,0.033
39900,5.000,0.585,2.923,0.033
40100,5.000,0.599,2.988,0.033
40300,5.000,0.599,2.988,0.033
40500,5.000,0.587,2.931,0.034
40700,5.000,0.580,2.897,0.034
40900,5.000,0.580,2.897,0.034
41100,5.000,0.593,2.958,0.034
41300,5.000,0.587,2.931,0.034
41500,5.000,0.581,2.900,0.034
41700,5.000,0.581,2.900,0.034
41900,5.000,0.598,2.988,0.035
42100,5.000,0.590,2.946,0.035
42300,5.000,0.585,2.923,0.035
42500,5.000,0.596,2.977,0.035
42700,5.000,0.596,2.977,0.035
42900,5.000,0.586,2.927,0.036
43100,5.000,0.581,2.900,0.036
43300,5.000,0.581,2.900,0.036
43500,5.000,0.601,3.000,0.036
43700,5.000,0.585,2.919,0.036
43900,5.000,0.582,2.904,0.036
44100,5.000,0.582,2.904,0.037
44300,5.000,0.597,2.980,0.037
44500,5.000,0.582,2.904,0.037
44700,5.000,0.580,2.900,0.037
44900,5.000,0.580,2.900,0.037
45100,5.000,0.597,2.980,0.037
45300,5.000,0.583,2.912,0.038
45500,5.000,0.585,2.923,0.038
45700,5.000,0.600,2.996,0.038
45900,5.000,0.600,2.996,0.038
46100,5.000,0.583,2.908,0.038
46300,5.000,0.580,2.897,0.038
46500,5.000,0.580,2.897,0.039
46700,5.000,0.598,2.984,0.039
46900,5.000,0.585,2.923,0.039
47100,5.000,0.589,2.938,0.039
47300,5.000,0.589,2.938,0.039
47500,5.000,0.596,2.973,0.039
47700,5.000,0.580,2.897,0.040
47900,5.000,0.583,2.912,0.040
48100,5.000,0.583,2.912,0.040
48300,5.000,0.606,3.026,0.040
48500,5.000,0.582,2.908,0.040
48700,5.000,0.582,2.908,0.040
48900,5.000,0.588,2.935,0.041
49100,5.000,0.602,3.003,0.041
49300,5.000,0.583,2.912,0.041
49500,5.000,0.584,2.916,0.041
49700,5.000,0.584,2.916,0.041
49900,5.000,0.598,2.988,0.041
50100,5.000,0.581,2.897,0.042
50300,5.000,0.589,2.942,0.042
50500,5.000,0.589,2.942,0.042
50700,5.000,0.597,2.980,0.042
50900,5.000,0.581,2.900,0.042
51100,5.000,0.591,2.954,0.042
51300,5.000,0.591,2.954,0.043
51500,5.000,0.588,2.938,0.043
51700,5.000,0.579,2.893,0.043
51900,5.000,0.579,2.893,0.043
52100,5.000,0.585,2.923,0.043
52300,5.000,0.595,2.973,0.043
52500,5.000,0.586,2.927,0.044
52700,5.000,0.588,2.935,0.044
52900,5.000,0.588,2.935,0.044
53100,5.000,0.592,2.954,0.044
53300,5.000,0.581,2.904,0.044
53500,5.000,0.592,2.958,0.044
53700,5.000,0.592,2.958,0.045
53900,5.000,0.591,2.950,0.045
54100,5.000,0.584,2.916,0.045
54300,5.000,0.584,2.916,0.045
54500,5.000,0.597,2.980,0.045
54700,5.000,0.582,2.904,0.045
54900,5.000,0.584,2.916,0.046
55100,5.000,0.584,2.916,0.046
55300,5.000,0.589,2.942,0.046
55500,5.000,0.588,2.935,0.046
55700,5.000,0.584,2.916,0.046
55900,5.000,0.584,2.916,0.046
56100,5.000,0.598,2.984,0.047
56300,5.000,0.589,2.938,0.047
56500,5.000,0.583,2.912,0.047
56700,5.000,0.596,2.973,0.047
56900,5.000,0.596,2.973,0.047
57100,5.000,0.584,2.912,0.047
57300,5.000,0.583,2.912,0.048
57500,5.000,0.583,2.912,0.048
57700,5.000,0.602,3.003,0.048
57900,5.000,0.581,2.900,0.048
58100,5.000,0.580,2.897,0.048
58300,5.000,0.580,2.897,0.048
58500,5.000,0.598,2.984,0.049
58700,5.000,0.579,2.893,0.049
58900,5.000,0.583,2.908,0.049
59100,5.000,0.583,2.908,0.049
59300,5.000,0.599,2.992,0.049
59500,5.000,0.585,2.919,0.050
59700,5.000,0.579,2.893,0.050
59900,5.000,0.601,3.000,0.050
60100,5.000,0.601,3.000,0.050
60300,5.000,0.579,2.889,0.050
60500,5.000,0.581,2.900,0.050
60700,5.000,0.581,2.900,0.050
60900,5.000,0.603,3.011,0.051
61100,5.000,0.584,2.916,0.051
61300,5.000,0.587,2.931,0.051
61500,5.000,0.587,2.931,0.051
61700,5.000,0.591,2.950,0.051
61900,5.000,0.586,2.927,0.051
62100,5.000,0.580,2.893,0.052
62300,5.000,0.580,2.893,0.052
62500,5.000,0.599,2.988,0.052
62700,5.000,0.585,2.919,0.052
62900,5.000,0.585,2.919,0.052
63100,5.000,0.589,2.942,0.053
63300,5.000,0.597,2.980,0.053
63500,5.000,0.582,2.908,0.053
63700,5.000,0.585,2.923,0.053
63900,5.000,0.585,2.923,0.053
64100,5.000,0.594,2.965,0.053
64300,5.000,0.585,2.919,0.053
64500,5.000,0.594,2.965,0.054
64700,5.000,0.594,2.965,0.054
64900,5.000,0.591,2.950,0.054
65100,5.000,0.579,2.893,0.054
65300,5.000,0.579,2.893,0.054
65500,5.000,0.594,2.965,0.054
65700,5.000,0.585,2.919,0.055
65900,5.000,0.584,2.916,0.055
66100,5.000,0.584,2.916,0.055
66300,5.000,0.587,2.931,0.055
66500,5.000,0.596,2.977,0.055
66700,5.000,0.578,2.885,0.056
66900,5.000,0.594,2.961,0.056
67100,5.000,0.594,2.961,0.056
67300,5.000,0.585,2.923,0.056
67500,5.000,0.581,2.904,0.056
67700,5.000,0.595,2.973,0.056
67900,5.000,0.595,2.973,0.057
68100,5.000,0.587,2.935,0.057
68300,5.000,0.582,2.904,0.057
68500,5.000,0.582,2.904,0.057
68700,5.000,0.596,2.973,0.057
68900,5.000,0.585,2.919,0.057
69100,5.000,0.578,2.889,0.057
69300,5.000,0.578,2.889,0.058
69500,5.000,0.596,2.977,0.058
69700,5.000,0.590,2.946,0.058
69900,5.000,0.585,2.919,0.058
70100,5.000,0.594,2.965,0.058
70300,5.000,0.594,2.965,0.059
70500,5.000,0.588,2.938,0.059
70700,5.000,0.581,2.900,0.059
70900,5.000,0.599,2.992,0.059
71100,5.000,0.599,2.992,0.059
71300,5.000,0.585,2.923,0.059
71500,5.000,0.585,2.923,0.060
71700,5.000,0.585,2.923,0.060
71900,5.000,0.599,2.988,0.060
72100,5.000,0.580,2.900,0.060
72300,5.000,0.584,2.916,0.060
72500,5.000,0.584,2.916,0.060
72700,5.000,0.598,2.984,0.061
72900,5.000,0.585,2.919,0.061
73100,5.000,0.580,2.893,0.061
73300,5.000,0.580,2.893,0.061
73500,5.000,0.604,3.019,0.061
73700,5.000,0.578,2.885,0.061
73900,5.000,0.582,2.908,0.062
74100,5.000,0.582,2.908,0.062
74300,5.000,0.594,2.969,0.062
74500,5.000,0.582,2.908,0.062
74700,5.000,0.587,2.931,0.062
74900,5.000,0.587,2.931,0.062
75100,5.000,0.598,2.984,0.063
75300,5.000,0.582,2.908,0.063
75500,5.000,0.583,2.912,0.063
75700,5.000,0.583,2.912,0.063
75900,5.000,0.597,2.977,0.063
76100,5.000,0.579,2.893,0.063
76300,5.000,0.579,2.893,0.064
76500,5.000,0.585,2.919,0.064
76700,5.000,0.601,3.000,0.064
76900,5.000,0.584,2.916,0.064
77100,5.000,0.585,2.919,0.064
77300,5.000,0.585,2.919,0.064
77500,5.000,0.605,3.019,0.065
77700,5.000,0.581,2.900,0.065
77900,5.000,0.588,2.938,0.065
78100,5.000,0.588,2.938,0.065
78300,5.000,0.598,2.988,0.065
78500,5.000,0.585,2.919,0.065
78700,5.000,0.603,3.011,0.066
78900,5.000,0.603,3.011,0.066
79100,5.000,0.588,2.935,0.066
79300,5.000,0.584,2.916,0.066
79500,5.000,0.584,2.916,0.066
79700,5.000,0.589,2.942,0.066
79900,5.000,0.595,2.973,0.067
80100,5.000,0.580,2.897,0.067
80300,5.000,0.580,2.897,0.067
80500,5.000,0.595,2.973,0.067
80700,5.000,0.588,2.938,0.067
80900,5.000,0.582,2.908,0.067
81100,5.000,0.590,2.946,0.068
81300,5.000,0.590,2.946,0.068
81500,5.000,0.589,2.942,0.068
81700,5.000,0.586,2.927,0.068
81900,5.000,0.593,2.961,0.068
82100,5.000,0.593,2.961,0.068
82300,5.000,0.583,2.912,0.069
82500,5.000,0.581,2.900,0.069
82700,5.000,0.581,2.900,0.069
82900,5.000,0.603,3.007,0.069
83100,5.000,0.579,2.893,0.069
83300,5.000,0.585,2.919,0.069
83500,5.000,0.585,2.919,0.070
83700,5.000,0.598,2.984,0.070
83900,5.000,0.588,2.935,0.070
84100,5.000,0.580,2.897,0.070
84300,5.000,0.598,2.984,0.070
84500,5.000,0.598,2.984,0.070
84700,5.000,0.584,2.916,0.071
84900,5.000,0.583,2.912,0.071
85100,5.000,0.583,2.912,0.071
85300,5.000,0.605,3.019,0.071
85500,5.000,0.583,2.912,0.071
85700,5.000,0.582,2.904,0.071
85900,5.000,0.582,2.904,0.072
86100,5.000,0.598,2.984,0.072
86300,5.000,0.586,2.923,0.072
86500,5.000,0.584,2.916,0.072
86700,5.000,0.584,2.916,0.072
86900,5.000,0.603,3.011,0.072
87100,5.000,0.583,2.912,0.073
87300,5.000,0.583,2.912,0.073
87500,5.000,0.597,2.977,0.073
87700,5.000,0.597,2.977,0.073
87900,5.000,0.582,2.904,0.073
88100,5.000,0.580,2.897,0.073
88300,5.000,0.580,2.897,0.074
88500,5.000,0.600,2.996,0.074
88700,5.000,0.584,2.919,0.074
88900,5.000,0.584,2.916,0.074
89100,5.000,0.584,2.916,0.074
89300,5.000,0.592,2.958,0.074
89500,5.000,0.581,2.900,0.075
89700,5.000,0.591,2.954,0.075
89900,5.000,0.591,2.954,0.075
90100,5.000,0.592,2.958,0.075
90300,5.000,0.585,2.923,0.075
90500,5.000,0.585,2.923,0.075
90700,5.000,0.589,2.942,0.076
90900,5.000,0.598,2.984,0.076
91100,5.000,0.583,2.912,0.076
91300,5.000,0.587,2.931,0.076
91500,5.000,0.587,2.931,0.076
91700,5.000,0.593,2.961,0.077
91900,5.000,0.584,2.916,0.077
92100,5.000,0.594,2.965,0.077
92300,5.000,0.594,2.965,0.077
92500,5.000,0.593,2.961,0.077
92700,5.000,0.581,2.900,0.077
92900,5.000,0.594,2.965,0.077
93100,5.000,0.594,2.965,0.078
93300,5.000,0.591,2.950,0.078
93500,5.000,0.583,2.912,0.078
93700,5.000,0.583,2.912,0.078
93900,5.000,0.593,2.961,0.078
94100,5.000,0.598,2.984,0.078
94300,5.000,0.583,2.912,0.079
94500,5.000,0.586,2.927,0.079
94700,5.000,0.586,2.927,0.079
94900,5.000,0.591,2.954,0.079
95100,5.000,0.580,2.897,0.079
95300,5.000,0.595,2.969,0.080
95500,5.000,0.595,2.969,0.080
95700,5.000,0.589,2.942,0.080
95900,5.000,0.580,2.897,0.080
96100,5.000,0.580,2.897,0.080
96300,5.000,0.597,2.980,0.080
96500,5.000,0.581,2.900,0.081
96700,5.000,0.585,2.919,0.081
96900,5.000,0.585,2.919,0.081
97100,5.000,0.594,2.969,0.081
97300,5.000,0.591,2.950,0.081
97500,5.000,0.584,2.916,0.081
97700,5.000,0.584,2.916,0.081
97900,5.000,0.595,2.973,0.082
98100,5.000,0.583,2.912,0.082
98300,5.000,0.583,2.912,0.082
98500,5.000,0.598,2.988,0.082
98700,5.000,0.598,2.988,0.082
98900,5.000,0.586,2.927,0.083
99100,5.000,0.586,2.923,0.083
99300,5.000,0.586,2.923,0.083
99500,5.000,0.600,2.996,0.083
99700,5.000,0.583,2.912,0.083
99900,5.000,0.582,2.904,0.083
100100,5.000,0.582,2.904,0.084
100300,5.000,0.603,3.015,0.084
100500,5.000,0.585,2.919,0.084
100700,5.000,0.591,2.954,0.084
100900,5.000,0.591,2.954,0.084
101100,5.000,0.604,3.015,0.084
101300,5.000,0.583,2.912,0.085
101500,5.000,0.580,2.897,0.085
101700,5.000,0.597,2.980,0.085
101900,5.000,0.597,2.980,0.085
102100,5.000,0.580,2.897,0.085
102300,5.000,0.584,2.916,0.085
102500,5.000,0.584,2.916,0.086
102700,5.000,0.601,3.000,0.086
102900,5.000,0.579,2.893,0.086
103100,5.000,0.587,2.931,0.086
103300,5.000,0.587,2.931,0.086
103500,5.000,0.592,2.954,0.086
103700,5.000,0.583,2.912,0.087
103900,5.000,0.587,2.931,0.087
104100,5.000,0.587,2.931,0.087
104300,5.000,0.601,3.000,0.087
104500,5.000,0.584,2.912,0.087
104700,5.000,0.584,2.912,0.087
104900,5.000,0.585,2.923,0.088
105100,5.000,0.591,2.950,0.088
105300,5.000,0.586,2.927,0.088
105500,5.000,0.588,2.935,0.088
105700,5.000,0.588,2.935,0.088
105900,5.000,0.602,3.003,0.088
106100,5.000,0.590,2.946,0.089
106300,5.000,0.592,2.954,0.089
106500,5.000,0.592,2.954,0.089
106700,5.000,0.594,2.969,0.089
106900,5.000,0.582,2.908,0.089
107100,5.000,0.582,2.908,0.089
107300,5.000,0.587,2.931,0.090
107500,5.000,0.594,2.965,0.090
107700,5.000,0.581,2.900,0.090
107900,5.000,0.581,2.900,0.090
108100,5.000,0.588,2.935,0.090
108300,5.000,0.599,2.992,0.090
108500,5.000,0.581,2.904,0.091
108700,5.000,0.593,2.961,0.091
108900,5.000,0.593,2.961,0.091
109100,5.000,0.591,2.954,0.091
109300,5.000,0.582,2.904,0.091
109500,5.000,0.594,2.965,0.091
109700,5.000,0.594,2.965,0.092
109900,5.000,0.586,2.927,0.092
110100,5.000,0.585,2.919,0.092
110300,5.000,0.585,2.919,0.092
110500,5.000,0.595,2.973,0.092
110700,5.000,0.583,2.912,0.092
110900,5.000,0.582,2.904,0.093
111100,5.000,0.582,2.904,0.093
111300,5.000,0.591,2.954,0.093
111500,5.000,0.588,2.935,0.093
111700,5.000,0.580,2.897,0.093
111900,5.000,0.596,2.977,0.094
112100,5.000,0.596,2.977,0.094
112300,5.000,0.591,2.954,0.094
112500,5.000,0.580,2.897,0.094
112700,5.000,0.598,2.984,0.094
112900,5.000,0.598,2.984,0.094
113100,5.000,0.584,2.916,0.094
113300,5.000,0.585,2.919,0.095
113500,5.000,0.585,2.919,0.095
113700,5.000,0.601,3.003,0.095
113900,5.000,0.582,2.904,0.095
114100,5.000,0.580,2.900,0.095
114300,5.000,0.580,2.900,0.095
114500,5.000,0.597,2.980,0.096
114700,5.000,0.584,2.916,0.096
114900,5.000,0.582,2.904,0.096
115100,5.000,0.582,2.904,0.096
115300,5.000,0.605,3.019,0.096
115500,5.000,0.582,2.904,0.097
115700,5.000,0.584,2.919,0.097
115900,5.000,0.584,2.988,0.097
116100,5.000,0.598,2.988,0.097
116300,5.000,0.580,2.897,0.097
116500,5.000,0.583,2.908,0.097
116700,5.000,0.583,2.908,0.098
116900,5.000,0.598,2.988,0.098
117100,5.000,0.583,2.912,0.098
117300,5.000,0.584,2.919,0.098
117500,5.000,0.584,2.919,0.098
117700,5.000,0.592,2.954,0.098
117900,5.000,0.581,2.900,0.098
118100,5.000,0.581,2.900,0.099
118300,5.000,0.580,2.897,0.099
118500,5.000,0.598,2.988,0.099
118700,5.000,0.583,2.908,0.099
118900,5.000,0.585,2.919,0.099
119100,5.000,0.585,2.919,0.100
119300,5.000,0.597,2.980,0.100
119500,5.000,0.582,2.904,0.100
119700,5.000,0.585,2.923,0.100
119900,5.000,0.585,2.923,0.100
120100,5.000,0.594,2.969,0.100
120300,5.000,0.586,2.927,0.101
120500,5.000,0.594,2.969,0.101
120700,5.000,0.594,2.969,0.101
120900,5.000,0.589,2.938,0.101
121100,5.000,0.580,2.897,0.101
121300,5.000,0.580,2.897,0.101
121500,5.000,0.587,2.931,0.101
121700,5.000,0.593,2.965,0.102
121900,5.000,0.582,2.908,0.102
122100,5.000,0.582,2.908,0.102
122300,5.000,0.594,2.969,0.102
122500,5.000,0.595,2.973,0.102
122700,5.000,0.585,2.919,0.103
122900,5.000,0.590,2.946,0.103
123100,5.000,0.590,2.946,0.103
123300,5.000,0.586,2.927,0.103
123500,5.000,0.583,2.912,0.103
123700,5.000,0.598,2.984,0.103
123900,5.000,0.598,2.984,0.104
124100,5.000,0.587,2.931,0.104
124300,5.000,0.580,2.897,0.104
124500,5.000,0.580,2.897,0.104
124700,5.000,0.599,2.992,0.104
124900,5.000,0.580,2.897,0.104
125100,5.000,0.580,2.893,0.105
125300,5.000,0.580,2.893,0.105
125500,5.000,0.595,2.973,0.105
125700,5.000,0.586,2.927,0.105
125900,5.000,0.583,2.908,0.105
126100,5.000,0.595,2.969,0.105
126300,5.000,0.595,2.969,0.106
126500,5.000,0.585,2.919,0.106
126700,5.000,0.582,2.904,0.106
126900,5.000,0.582,2.904,0.106
127100,5.000,0.597,2.980,0.106
127300,5.000,0.585,2.923,0.106
127500,5.000,0.579,2.893,0.107
127700,5.000,0.579,2.893,0.107
127900,5.000,0.598,2.984,0.107
128100,5.000,0.581,2.900,0.107
128300,5.000,0.581,2.900,0.107
128500,5.000,0.581,2.900,0.107
128700,5.000,0.597,2.984,0.108
128900,5.000,0.583,2.912,0.108
129100,5.000,0.583,2.912,0.108
129300,5.000,0.603,3.011,0.108
129500,5.000,0.603,3.011,0.108
129700,5.000,0.584,2.916,0.108
129900,5.000,0.581,2.900,0.109
130100,5.000,0.581,2.900,0.109
130300,5.000,0.596,2.973,0.109
130500,5.000,0.583,2.912,0.109
130700,5.000,0.589,2.942,0.109
130900,5.000,0.589,2.942,0.109
131100,5.000,0.597,2.984,0.110
131300,5.000,0.581,2.900,0.110
131500,5.000,0.585,2.923,0.110
131700,5.000,0.585,2.923,0.110
131900,5.000,0.592,2.958,0.110
132100,5.000,0.579,2.889,0.110
132300,5.000,0.579,2.889,0.111
132500,5.000,0.585,2.919,0.111
132700,5.000,0.597,2.984,0.111
132900,5.000,0.582,2.904,0.111
133100,5.000,0.588,2.935,0.111
133300,5.000,0.588,2.935,0.111
133500,5.000,0.590,2.946,0.112
133700,5.000,0.582,2.904,0.112
133900,5.000,0.586,2.927,0.112
134100,5.000,0.586,2.927,0.112
134300,5.000,0.598,2.988,0.112
134500,5.000,0.577,2.885,0.112
134700,5.000,0.593,2.961,0.113
134900,5.000,0.593,2.961,0.113
135100,5.000,0.587,2.931,0.113
135300,5.000,0.580,2.897,0.113
135500,5.000,0.580,2.897,0.113
135700,5.000,0.586,2.923,0.113
135900,5.000,0.595,2.973,0.114
136100,5.000,0.585,2.923,0.114
136300,5.000,0.591,2.954,0.114
136500,5.000,0.591,2.954,0.114
136700,5.000,0.596,2.977,0.114
136900,5.000,0.579,2.889,0.114
137100,5.000,0.598,2.984,0.115
137300,5.000,0.598,2.984,0.115
137500,5.000,0.588,2.935,0.115
137700,5.000,0.584,2.916,0.115
137900,5.000,0.584,2.916,0.115
138100,5.000,0.597,2.980,0.115
138300,5.000,0.583,2.912,0.116
138500,5.000,0.580,2.897,0.116
138700,5.000,0.580,2.897,0.116
138900,5.000,0.593,2.958,0.116
139100,5.000,0.587,2.931,0.116
139300,5.000,0.582,2.904,0.116
139500,5.000,0.582,2.904,0.117
139700,5.000,0.597,2.980,0.117
139900,5.000,0.586,2.927,0.117
140100,5.000,0.586,2.927,0.117
140300,5.000,0.591,2.950,0.117
140500,5.000,0.591,2.950,0.117
140700,5.000,0.584,2.916,0.118
140900,5.000,0.580,2.893,0.118
141100,5.000,0.580,2.893,0.118
141300,5.000,0.604,3.015,0.118
141500,5.000,0.579,2.893,0.118
141700,5.000,0.582,2.904,0.118
141900,5.000,0.582,2.904,0.119
142100,5.000,0.597,2.980,0.119
142300,5.000,0.579,2.893,0.119
142500,5.000,0.581,2.900,0.119
142700,5.000,0.581,2.900,0.119
142900,5.000,0.602,3.003,0.119
143100,5.000,0.586,2.923,0.120
143300,5.000,0.582,2.908,0.120
143500,5.000,0.602,3.003,0.120
143700,5.000,0.602,3.003,0.120
143900,5.000,0.579,2.889,0.120
144100,5.000,0.580,2.897,0.120
144300,5.000,0.580,2.897,0.121
144500,5.000,0.601,3.000,0.121
144700,5.000,0.584,2.916,0.121
144900,5.000,0.588,2.938,0.121
145100,5.000,0.588,2.938,0.121
145300,5.000,0.592,2.954,0.121
145500,5.000,0.580,2.897,0.122
145700,5.000,0.584,2.916,0.122
145900,5.000,0.584,2.916,0.122
146100,5.000,0.597,2.977,0.122
146300,5.000,0.583,2.908,0.122
146500,5.000,0.583,2.908,0.122
146700,5.000,0.592,2.958,0.123
146900,5.000,0.592,2.958,0.123
147100,5.000,0.585,2.919,0.123
147300,5.000,0.581,2.900,0.123
147500,5.000,0.581,2.900,0.123
147700,5.000,0.593,2.961,0.124
147900,5.000,0.581,2.900,0.124
148100,5.000,0.589,2.938,0.124
148300,5.000,0.589,2.938,0.124
148500,5.000,0.590,2.946,0.124
148700,5.000,0.581,2.900,0.124
148900,5.000,0.581,2.900,0.124
149100,5.000,0.592,2.954,0.125
149300,5.000,0.585,2.923,0.125
149500,5.000,0.580,2.897,0.125
149700,5.000,0.580,2.897,0.125
149900,5.000,0.591,2.950,0.125
150100,5.000,0.598,2.988,0.125
150300,5.000,0.583,2.908,0.126
150500,5.000,0.593,2.961,0.126
150700,5.000,0.593,2.961,0.126
150900,5.000,0.588,2.938,0.126
151100,5.000,0.581,2.900,0.126
151300,5.000,0.597,2.977,0.127
151500,5.000,0.597,2.977,0.127
151700,5.000,0.590,2.946,0.127
151900,5.000,0.582,2.904,0.127
152100,5.000,0.582,2.904,0.127
152300,5.000,0.596,2.977,0.127
152500,5.000,0.582,2.904,0.128
152700,5.000,0.584,2.919,0.128
152900,5.000,0.584,2.919,0.128
153100,5.000,0.587,2.931,0.128
153300,5.000,0.594,2.969,0.128
153500,5.000,0.585,2.919,0.128
153700,5.000,0.594,2.965,0.129
153900,5.000,0.594,2.965,0.129
154100,5.000,0.585,2.923,0.129
154300,5.000,0.579,2.889,0.129
154500,5.000,0.600,2.996,0.129
154700,5.000,0.600,2.996,0.129
154900,5.000,0.580,2.897,0.130
155100,5.000,0.585,2.923,0.130
155300,5.000,0.585,2.923,0.130
155500,5.000,0.597,2.980,0.130
155700,5.000,0.584,2.916,0.130
155900,5.000,0.581,2.900,0.130
156100,5.000,0.581,2.900,0.131
156300,5.000,0.594,2.969,0.131
156500,5.000,0.582,2.908,0.131
156700,5.000,0.584,2.912,0.131
156900,5.000,0.584,2.912,0.131
157100,5.000,0.603,3.015,0.131
157300,5.000,0.583,2.912,0.132
157500,5.000,0.585,2.923,0.132
157700,5.000,0.598,2.984,0.132
157900,5.000,0.598,2.984,0.132
158100,5.000,0.581,2.904,0.132
158300,5.000,0.586,2.927,0.132
158500,5.000,0.586,2.927,0.133
158700,5.000,0.603,3.011,0.133
158900,5.000,0.589,2.938,0.133
159100,5.000,0.586,2.923,0.133
159300,5.000,0.586,2.923,0.133
159500,5.000,0.594,2.965,0.133
159700,5.000,0.584,2.919,0.134
159900,5.000,0.584,2.919,0.134
160100,5.000,0.581,2.900,0.134
160300,5.000,0.602,3.007,0.134
160500,5.000,0.586,2.927,0.134
160700,5.000,0.587,2.931,0.134
160900,5.000,0.587,2.931,0.135
161100,5.000,0.595,2.973,0.135
161300,5.000,0.577,2.881,0.135
161500,5.000,0.588,2.935,0.135
161700,5.000,0.588,2.935,0.135
161900,5.000,0.592,2.958,0.135
162100,5.000,0.585,2.919,0.136
162300,5.000,0.591,2.950,0.136
162500,5.000,0.591,2.950,0.136
162700,5.000,0.589,2.942,0.136
162900,5.000,0.581,2.900,0.136
163100,5.000,0.581,2.900,0.136
163300,5.000,0.586,2.923,0.137
163500,5.000,0.594,2.969,0.137
163700,5.000,0.582,2.904,0.137
163900,5.000,0.582,2.904,0.137
164100,5.000,0.593,2.961,0.137
164300,5.000,0.592,2.954,0.137
164500,5.000,0.584,2.912,0.138
164700,5.000,0.592,2.954,0.138
164900,5.000,0.592,2.954,0.138
165100,5.000,0.586,2.927,0.138
165300,5.000,0.583,2.912,0.138
165500,5.000,0.602,3.003,0.138
165700,5.000,0.602,3.003,0.139
165900,5.000,0.586,2.927,0.139
166100,5.000,0.581,2.904,0.139
166300,5.000,0.581,2.904,0.139
166500,5.000,0.598,2.988,0.139
166700,5.000,0.586,2.927,0.139
166900,5.000,0.581,2.900,0.140
167100,5.000,0.581,2.900,0.140
167300,5.000,0.598,2.988,0.140
167500,5.000,0.591,2.950,0.140
167700,5.000,0.582,2.908,0.140
167900,5.000,0.596,2.977,0.140
168100,5.000,0.596,2.977,0.141
168300,5.000,0.586,2.927,0.141
168500,5.000,0.582,2.908,0.141
168700,5.000,0.598,2.988,0.141
168900,5.000,0.598,2.988,0.141
169100,5.000,0.585,2.919,0.141
169300,5.000,0.583,2.912,0.142
169500,5.000,0.583,2.912,0.142
169700,5.000,0.596,2.977,0.142
169900,5.000,0.583,2.908,0.142
170100,5.000,0.581,2.904,0.142
170300,5.000,0.581,2.904,0.142
170500,5.000,0.599,2.992,0.143
170700,5.000,0.582,2.904,0.143
170900,5.000,0.582,2.904,0.143
171100,5.000,0.585,2.919,0.143
171300,5.000,0.597,2.980,0.143
171500,5.000,0.584,2.916,0.144
171700,5.000,0.581,2.900,0.144
171900,5.000,0.581,2.900,0.144
172100,5.000,0.599,2.988,0.144
172300,5.000,0.584,2.916,0.144
172500,5.000,0.590,2.942,0.144
172700,5.000,0.590,2.942,0.144
172900,5.000,0.596,2.973,0.145
173100,5.000,0.582,2.908,0.145
173300,5.000,0.586,2.927,0.145
173500,5.000,0.586,2.927,0.145
173700,5.000,0.599,2.988,0.145
173900,5.000,0.582,2.908,0.145
174100,5.000,0.582,2.908,0.146
174300,5.000,0.588,2.938,0.146
174500,5.000,0.602,3.007,0.146
174700,5.000,0.582,2.904,0.146
174900,5.000,0.586,2.923,0.146
175100,5.000,0.586,2.923,0.147
175300,5.000,0.591,2.950,0.147
175500,5.000,0.581,2.900,0.147
175700,5.000,0.590,2.946,0.147
175900,5.000,0.590,2.946,0.147
176100,5.000,0.596,2.973,0.147
176300,5.000,0.582,2.904,0.148
176500,5.000,0.590,2.942,0.148
176700,5.000,0.590,2.942,0.148
176900,5.000,0.589,2.938,0.148
177100,5.000,0.581,2.900,0.148
177300,5.000,0.581,2.900,0.148
177500,5.000,0.585,2.919,0.148
177700,5.000,0.594,2.965,0.149
177900,5.000,0.585,2.919,0.149
178100,5.000,0.585,2.919,0.149
178300,5.000,0.589,2.942,0.149
178500,5.000,0.589,2.938,0.149
178700,5.000,0.581,2.900,0.150
178900,5.000,0.596,2.973,0.150
179100,5.000,0.596,2.973,0.150
179300,5.000,0.591,2.950,0.150
179500,5.000,0.585,2.919,0.150
179700,5.000,0.596,2.977,0.150
179900,5.000,0.596,2.977,0.151
180100,5.000,0.584,2.916,0.151
180300,5.000,0.582,2.904,0.151
180500,5.000,0.582,2.904,0.151
180700,5.000,0.605,3.022,0.151
180900,5.000,0.582,2.908,0.151
181100,5.000,0.585,2.919,0.152
181300,5.000,0.585,2.919,0.152
181500,5.000,0.599,2.992,0.152
181700,5.000,0.586,2.927,0.152
181900,5.000,0.581,2.904,0.152
182100,5.000,0.595,2.973,0.152
182300,5.000,0.595,2.973,0.153
182500,5.000,0.584,2.912,0.153
182700,5.000,0.583,2.912,0.153
182900,5.000,0.583,2.912,0.153
183100,5.000,0.604,3.019,0.153
183300,5.000,0.580,2.897,0.153
183500,5.000,0.583,2.908,0.154
183700,5.000,0.583,2.908,0.154
183900,5.000,0.599,2.992,0.154
184100,5.000,0.582,2.904,0.154
184300,5.000,0.579,2.893,0.154
184500,5.000,0.579,2.893,0.154
184700,5.000,0.600,3.000,0.155
184900,5.000,0.583,2.912,0.155
185100,5.000,0.583,2.912,0.155
185300,5.000,0.596,2.977,0.155
185500,5.000,0.596,2.977,0.155
185700,5.000,0.581,2.900,0.155
185900,5.000,0.580,2.897,0.156
186100,5.000,0.580,2.897,0.156
186300,5.000,0.602,3.007,0.156
186500,5.000,0.580,2.897,0.156
186700,5.000,0.587,2.927,0.156
186900,5.000,0.587,2.927,0.156
187100,5.000,0.592,2.954,0.157
187300,5.000,0.582,2.904,0.157
187500,5.000,0.595,2.969,0.157
187700,5.000,0.595,2.969,0.157
187900,5.000,0.594,2.965,0.157
188100,5.000,0.585,2.919,0.157
188300,5.000,0.585,2.919,0.158
188500,5.000,0.591,2.950,0.158
188700,5.000,0.593,2.961,0.158
188900,5.000,0.581,2.904,0.158
189100,5.000,0.585,2.919,0.158
189300,5.000,0.585,2.919,0.158
189500,5.000,0.594,2.969,0.159
189700,5.000,0.584,2.916,0.159
189900,5.000,0.594,2.965,0.159
190100,5.000,0.594,2.965,0.159
190300,5.000,0.588,2.938,0.159
190500,5.000,0.581,2.900,0.159
190700,5.000,0.595,2.973,0.160
190900,5.000,0.595,2.973,0.160
191100,5.000,0.589,2.942,0.160
191300,5.000,0.582,2.904,0.160
191500,5.000,0.582,2.904,0.160
191700,5.000,0.589,2.942,0.160
191900,5.000,0.595,2.973,0.161
192100,5.000,0.582,2.908,0.161
192300,5.000,0.587,2.931,0.161
192500,5.000,0.587,2.931,0.161
192700,5.000,0.588,2.935,0.161
192900,5.000,0.582,2.904,0.161
193100,5.000,0.597,2.980,0.162
193300,5.000,0.597,2.980,0.162
193500,5.000,0.587,2.931,0.162
193700,5.000,0.580,2.897,0.162
193900,5.000,0.580,2.897,0.162
194100,5.000,0.598,2.984,0.162
194300,5.000,0.582,2.904,0.163
194500,5.000,0.585,2.923,0.163
194700,5.000,0.585,2.923,0.163
194900,5.000,0.597,2.977,0.163
195100,5.000,0.592,2.958,0.163
195300,5.000,0.585,2.923,0.163
195500,5.000,0.585,2.923,0.164
195700,5.000,0.608,3.034,0.164
195900,5.000,0.583,2.912,0.164
196100,5.000,0.580,2.897,0.164
196300,5.000,0.600,2.996,0.164
196500,5.000,0.600,2.996,0.164
196700,5.000,0.581,2.900,0.165
196900,5.000,0.585,2.919,0.165
197100,5.000,0.585,2.919,0.165
197300,5.000,0.598,2.984,0.165
197500,5.000,0.582,2.908,0.165
197700,5.000,0.580,2.897,0.165
197900,5.000,0.580,2.897,0.166
198100,5.000,0.602,3.007,0.166
198300,5.000,0.580,2.897,0.166
198500,5.000,0.585,2.919,0.166
198700,5.000,0.585,2.919,0.166
198900,5.000,0.599,2.992,0.166
199100,5.000,0.583,2.912,0.167
199300,5.000,0.580,2.900,0.167
199500,5.000,0.598,2.984,0.167
199700,5.000,0.598,2.984,0.167
199900,5.000,0.579,2.893,0.167
200100,5.000,0.585,2.919,0.167
200300,5.000,0.585,2.919,0.168
200500,5.000,0.599,2.992,0.168
200700,5.000,0.582,2.904,0.168
200900,5.000,0.586,2.927,0.168
201100,5.000,0.586,2.927,0.168
201300,5.000,0.591,2.950,0.168
201500,5.000,0.586,2.927,0.169
201700,5.000,0.586,2.893,0.169
201900,5.000,0.579,2.893,0.169
202100,5.000,0.603,3.007,0.169
202300,5.000,0.584,2.916,0.169
202500,5.000,0.584,2.916,0.169
202700,5.000,0.589,2.938,0.170
202900,5.000,0.594,2.965,0.170
203100,5.000,0.584,2.916,0.170
203300,5.000,0.586,2.927,0.170
203500,5.000,0.586,2.927,0.170
203700,5.000,0.596,2.973,0.171
203900,5.000,0.586,2.927,0.171
204100,5.000,0.592,2.958,0.171
204300,5.000,0.592,2.958,0.171
204500,5.000,0.588,2.938,0.171
204700,5.000,0.578,2.885,0.171
204900,5.000,0.578,2.885,0.171
205100,5.000,0.599,2.988,0.172
205300,5.000,0.585,2.923,0.172
205500,5.000,0.584,2.916,0.172
205700,5.000,0.584,2.916,0.172
205900,5.000,0.590,2.946,0.172
206100,5.000,0.593,2.958,0.173
206300,5.000,0.579,2.893,0.173
206500,5.000,0.589,2.938,0.173
206700,5.000,0.589,2.938,0.173
206900,5.000,0.587,2.931,0.173
207100,5.000,0.581,2.904,0.173
207300,5.000,0.597,2.980,0.174
207500,5.000,0.597,2.980,0.174
207700,5.000,0.585,2.923,0.174
207900,5.000,0.582,2.908,0.174
208100,5.000,0.582,2.908,0.174
208300,5.000,0.597,2.980,0.174
208500,5.000,0.587,2.931,0.175
208700,5.000,0.577,2.881,0.175
208900,5.000,0.577,2.881,0.175
209100,5.000,0.599,2.988,0.175
209300,5.000,0.590,2.946,0.175
209500,5.000,0.583,2.912,0.175
209700,5.000,0.593,2.965,0.176
209900,5.000,0.593,2.965,0.176
210100,5.000,0.585,2.923,0.176
210300,5.000,0.580,2.897,0.176
210500,5.000,0.602,3.003,0.176
210700,5.000,0.602,3.003,0.176
210900,5.000,0.586,2.923,0.177
211100,5.000,0.582,2.904,0.177
211300,5.000,0.582,2.904,0.177
211500,5.000,0.598,2.984,0.177
211700,5.000,0.581,2.900,0.177
211900,5.000,0.588,2.935,0.177
212100,5.000,0.588,2.935,0.178
212300,5.000,0.598,2.984,0.178
212500,5.000,0.586,2.927,0.178
212700,5.000,0.586,2.927,0.178
212900,5.000,0.584,2.916,0.178
213100,5.000,0.601,3.003,0.178
213300,5.000,0.582,2.904,0.179
213500,5.000,0.580,2.897,0.179
213700,5.000,0.580,2.897,0.179
213900,5.000,0.596,2.977,0.179
214100,5.000,0.582,2.904,0.179
214300,5.000,0.589,2.942,0.179
214500,5.000,0.589,2.942,0.180
214700,5.000,0.592,2.954,0.180
214900,5.000,0.583,2.908,0.180
215100,5.000,0.585,2.923,0.180
215300,5.000,0.585,2.923,0.180
215500,5.000,0.599,2.992,0.180
215700,5.000,0.579,2.893,0.181
215900,5.000,0.579,2.893,0.181
216100,5.000,0.587,2.935,0.181
216300,5.000,0.597,2.977,0.181
216500,5.000,0.583,2.912,0.181
216700,5.000,0.586,2.927,0.181
216900,5.000,0.586,2.927,0.182
217100,5.000,0.593,2.961,0.182
217300,5.000,0.581,2.900,0.182
217500,5.000,0.592,2.954,0.182
217700,5.000,0.592,2.954,0.182
217900,5.000,0.598,2.984,0.182
218100,5.000,0.581,2.900,0.183
218300,5.000,0.592,2.954,0.183
218500,5.000,0.592,2.954,0.183
218700,5.000,0.588,2.935,0.183
218900,5.000,0.585,2.919,0.183
219100,5.000,0.585,2.919,0.183
219300,5.000,0.588,2.938,0.184
219500,5.000,0.599,2.992,0.184
219700,5.000,0.585,2.919,0.184
219900,5.000,0.585,2.919,0.184
220100,5.000,0.592,2.958,0.184
220300,5.000,0.586,2.927,0.184
220500,5.000,0.581,2.900,0.185
220700,5.000,0.593,2.961,0.185
220900,5.000,0.593,2.961,0.185
221100,5.000,0.589,2.942,0.185
221300,5.000,0.585,2.923,0.185
221500,5.000,0.592,2.954,0.185
221700,5.000,0.592,2.954,0.186
221900,5.000,0.585,2.923,0.186
222100,5.000,0.579,2.893,0.186
222300,5.000,0.579,2.893,0.186
222500,5.000,0.603,3.011,0.186
222700,5.000,0.580,2.897,0.186
222900,5.000,0.585,2.923,0.187
223100,5.000,0.585,2.923,0.187
223300,5.000,0.595,2.969,0.187
223500,5.000,0.586,2.927,0.187
223700,5.000,0.582,2.904,0.187
223900,5.000,0.595,2.969,0.187
224100,5.000,0.595,2.969,0.188
224300,5.000,0.582,2.904,0.188
224500,5.000,0.583,2.912,0.188
224700,5.000,0.583,2.912,0.188
224900,5.000,0.604,3.015,0.188
225100,5.000,0.582,2.904,0.188
225300,5.000,0.581,2.900,0.189
225500,5.000,0.581,2.900,0.189
225700,5.000,0.599,2.992,0.189
225900,5.000,0.582,2.904,0.189
226100,5.000,0.583,2.912,0.189
226300,5.000,0.583,2.912,0.189
226500,5.000,0.605,3.019,0.190
226700,5.000,0.586,2.923,0.190
226900,5.000,0.586,2.923,0.190
227100,5.000,0.596,2.977,0.190
227300,5.000,0.596,2.977,0.190
227500,5.000,0.582,2.904,0.191
227700,5.000,0.581,2.900,0.191
227900,5.000,0.581,2.900,0.191
228100,5.000,0.603,3.011,0.191
228300,5.000,0.584,2.916,0.191
228500,5.000,0.587,2.931,0.191
228700,5.000,0.587,2.931,0.191
228900,5.000,0.592,2.954,0.192
229100,5.000,0.582,2.904,0.192
229300,5.000,0.594,2.965,0.192
229500,5.000,0.594,2.965,0.192
229700,5.000,0.592,2.954,0.192
229900,5.000,0.586,2.927,0.192
230100,5.000,0.586,2.927,0.193
230300,5.000,0.588,2.938,0.193
230500,5.000,0.593,2.961,0.193
230700,5.000,0.581,2.900,0.193
230900,5.000,0.585,2.919,0.193
231100,5.000,0.585,2.919,0.194
231300,5.000,0.592,2.954,0.194
231500,5.000,0.581,2.904,0.194
231700,5.000,0.594,2.965,0.194
231900,5.000,0.594,2.965,0.194
232100,5.000,0.591,2.950,0.194
232300,5.000,0.581,2.900,0.195
232500,5.000,0.593,2.961,0.195
232700,5.000,0.593,2.961,0.195
232900,5.000,0.591,2.950,0.195
233100,5.000,0.584,2.916,0.195
233300,5.000,0.584,2.916,0.195
233500,5.000,0.593,2.961,0.195
233700,5.000,0.597,2.980,0.196
233900,5.000,0.582,2.908,0.196
234100,5.000,0.592,2.958,0.196
234300,5.000,0.592,2.958,0.196
234500,5.000,0.588,2.935,0.196
234700,5.000,0.581,2.900,0.197
234900,5.000,0.598,2.988,0.197
235100,5.000,0.598,2.988,0.197
235300,5.000,0.590,2.946,0.197
235500,5.000,0.583,2.908,0.197
235700,5.000,0.583,2.908,0.197
235900,5.000,0.597,2.980,0.198
236100,5.000,0.582,2.908,0.198
236300,5.000,0.586,2.927,0.198
236500,5.000,0.586,2.927,0.198
236700,5.000,0.595,2.969,0.198
236900,5.000,0.592,2.954,0.198
237100,5.000,0.585,2.923,0.199
237300,5.000,0.585,2.923,0.199
237500,5.000,0.595,2.969,0.199
237700,5.000,0.583,2.908,0.199
237900,5.000,0.579,2.893,0.199
238100,5.000,0.597,2.980,0.199
238300,5.000,0.597,2.980,0.200
238500,5.000,0.581,2.900,0.200
238700,5.000,0.585,2.919,0.200
238900,5.000,0.585,2.919,0.200
239100,5.000,0.600,2.992,0.200
239300,5.000,0.582,2.908,0.200
239500,5.000,0.583,2.912,0.201
239700,5.000,0.583,2.912,0.201
239900,5.000,0.603,3.011,0.201
240100,5.000,0.584,2.916,0.201
240300,5.000,0.586,2.927,0.201
240500,5.000,0.586,2.927,0.201
240700,5.000,0.604,3.015,0.202
240900,5.000,0.583,2.912,0.202
241100,5.000,0.580,2.897,0.202
241300,5.000,0.598,2.988,0.202
241500,5.000,0.598,2.988,0.202
241700,5.000,0.581,2.904,0.202
241900,5.000,0.588,2.935,0.203
242100,5.000,0.588,2.935,0.203
242300,5.000,0.604,3.015,0.203
242500,5.000,0.582,2.908,0.203
242700,5.000,0.587,2.935,0.203
242900,5.000,0.587,2.935,0.203
243100,5.000,0.595,2.969,0.204
243300,5.000,0.585,2.923,0.204
243500,5.000,0.586,2.923,0.204
243700,5.000,0.586,2.923,0.204
243900,5.000,0.602,3.007,0.204
244100,5.000,0.584,2.919,0.204
244300,5.000,0.584,2.919,0.205
244500,5.000,0.586,2.927,0.205
244700,5.000,0.591,2.950,0.205
244900,5.000,0.581,2.900,0.205
245100,5.000,0.584,2.916,0.205
245300,5.000,0.584,2.916,0.205
245500,5.000,0.594,2.965,0.206
245700,5.000,0.586,2.923,0.206
245900,5.000,0.592,2.958,0.206
246100,5.000,0.592,2.958,0.206
246300,5.000,0.588,2.935,0.206
246500,5.000,0.583,2.908,0.206
246700,5.000,0.583,2.908,0.207
246900,5.000,0.595,2.973,0.207
247100,5.000,0.588,2.935,0.207
247300,5.000,0.586,2.927,0.207
247500,5.000,0.586,2.927,0.207
247700,5.000,0.595,2.969,0.207
247900,5.000,0.591,2.950,0.208
248100,5.000,0.581,2.900,0.208
248300,5.000,0.595,2.969,0.208
248500,5.000,0.595,2.969,0.208
248700,5.000,0.587,2.927,0.208
248900,5.000,0.585,2.919,0.208
249100,5.000,0.598,2.984,0.209
249300,5.000,0.598,2.984,0.209
249500,5.000,0.585,2.923,0.209
249700,5.000,0.581,2.904,0.209
249900,5.000,0.581,2.904,0.209
250100,5.000,0.601,3.000,0.209
250300,5.000,0.585,2.923,0.210
250500,5.000,0.585,2.923,0.210
250700,5.000,0.585,2.923,0.210
250900,5.000,0.599,2.988,0.210
251100,5.000,0.589,2.942,0.210
251300,5.000,0.581,2.900,0.210
251500,5.000,0.581,2.900,0.211
251700,5.000,0.596,2.973,0.211
251900,5.000,0.580,2.897,0.211
252100,5.000,0.579,2.893,0.211
252300,5.000,0.600,2.996,0.211
252500,5.000,0.600,2.996,0.211
252700,5.000,0.585,2.923,0.212
252900,5.000,0.583,2.912,0.212
253100,5.000,0.583,2.912,0.212
253300,5.000,0.595,2.973,0.212
253500,5.000,0.584,2.916,0.212
253700,5.000,0.588,2.938,0.212
253900,5.000,0.588,2.938,0.213
254100,5.000,0.596,2.977,0.213
254300,5.000,0.585,2.923,0.213
254500,5.000,0.583,2.912,0.213
254700,5.000,0.583,2.912,0.213
254900,5.000,0.606,3.022,0.214
255100,5.000,0.578,2.885,0.214
255300,5.000,0.584,2.916,0.214
255500,5.000,0.584,2.916,0.214
255700,5.000,0.596,2.973,0.214
255900,5.000,0.583,2.908,0.214
256100,5.000,0.587,2.931,0.215
256300,5.000,0.587,2.931,0.215
256500,5.000,0.602,3.007,0.215
256700,5.000,0.584,2.916,0.215
256900,5.000,0.586,2.923,0.215
257100,5.000,0.586,2.923,0.215
257300,5.000,0.595,2.969,0.215
257500,5.000,0.581,2.900,0.216
257700,5.000,0.581,2.900,0.216
257900,5.000,0.581,2.900,0.216
258100,5.000,0.600,2.996,0.216
258300,5.000,0.583,2.912,0.216
258500,5.000,0.585,2.923,0.217
258700,5.000,0.585,2.923,0.217
258900,5.000,0.596,2.977,0.217
259100,5.000,0.583,2.912,0.217
259300,5.000,0.585,2.923,0.217
259500,5.000,0.585,2.923,0.217
259700,5.000,0.596,2.977,0.218
259900,5.000,0.586,2.927,0.218
260100,5.000,0.589,2.938,0.218
260300,5.000,0.589,2.938,0.218
260500,5.000,0.588,2.935,0.218
260700,5.000,0.581,2.900,0.218
260900,5.000,0.581,2.900,0.219
261100,5.000,0.586,2.927,0.219
261300,5.000,0.594,2.965,0.219
261500,5.000,0.583,2.912,0.219
261700,5.000,0.583,2.912,0.219
261900,5.000,0.596,2.973,0.219
262100,5.000,0.594,2.965,0.220
262300,5.000,0.586,2.927,0.220
262500,5.000,0.590,2.946,0.220
262700,5.000,0.590,2.946,0.220
262900,5.000,0.588,2.935,0.220
263100,5.000,0.584,2.912,0.220
263300,5.000,0.599,2.992,0.221
263500,5.000,0.599,2.992,0.221
263700,5.000,0.587,2.931,0.221
263900,5.000,0.581,2.900,0.221
264100,5.000,0.581,2.900,0.221
264300,5.000,0.600,2.996,0.221
264500,5.000,0.580,2.897,0.222
264700,5.000,0.585,2.923,0.222
264900,5.000,0.585,2.923,0.222
265100,5.000,0.593,2.961,0.222
265300,5.000,0.588,2.935,0.222
265500,5.000,0.582,2.908,0.222
265700,5.000,0.596,2.977,0.223
265900,5.000,0.596,2.977,0.223
266100,5.000,0.585,2.919,0.223
266300,5.000,0.581,2.900,0.223
266500,5.000,0.581,2.900,0.223
266700,5.000,0.600,2.992,0.223
266900,5.000,0.586,2.923,0.224
267100,5.000,0.580,2.893,0.224
267300,5.000,0.580,2.893,0.224
267500,5.000,0.597,2.980,0.224
267700,5.000,0.580,2.897,0.224
267900,5.000,0.581,2.904,0.224
268100,5.000,0.581,2.904,0.225
268300,5.000,0.600,2.992,0.225
268500,5.000,0.585,2.919,0.225
268700,5.000,0.585,2.919,0.225
268900,5.000,0.602,3.007,0.225
269100,5.000,0.602,3.007,0.225
269300,5.000,0.585,2.923,0.226
269500,5.000,0.580,2.897,0.226
269700,5.000,0.580,2.897,0.226
269900,5.000,0.597,2.980,0.226
270100,5.000,0.583,2.912,0.226
270300,5.000,0.590,2.946,0.226
270500,5.000,0.590,2.946,0.227
270700,5.000,0.598,2.984,0.227
270900,5.000,0.580,2.897,0.227
271100,5.000,0.589,2.938,0.227
271300,5.000,0.589,2.938,0.227
271500,5.000,0.593,2.961,0.227
271700,5.000,0.581,2.900,0.228
271900,5.000,0.581,2.900,0.228
272100,5.000,0.585,2.919,0.228
272300,5.000,0.599,2.992,0.228
272500,5.000,0.582,2.908,0.228
272700,5.000,0.588,2.935,0.228
272900,5.000,0.588,2.935,0.229
273100,5.000,0.591,2.954,0.229
273300,5.000,0.582,2.908,0.229
273500,5.000,0.589,2.942,0.229
273700,5.000,0.589,2.942,0.229
273900,5.000,0.598,2.984,0.229
274100,5.000,0.580,2.893,0.230
274300,5.000,0.591,2.950,0.230
274500,5.000,0.591,2.950,0.230
274700,5.000,0.587,2.927,0.230
274900,5.000,0.581,2.900,0.230
275100,5.000,0.581,2.900,0.230
275300,5.000,0.589,2.938,0.231
275500,5.000,0.597,2.980,0.231
275700,5.000,0.586,2.927,0.231
275900,5.000,0.590,2.946,0.231
276100,5.000,0.590,2.946,0.231
276300,5.000,0.594,2.965,0.231
276500,5.000,0.580,2.897,0.232
276700,5.000,0.593,2.961,0.232
276900,5.000,0.593,2.961,0.232
277100,5.000,0.590,2.946,0.232
277300,5.000,0.585,2.923,0.232
277500,5.000,0.585,2.923,0.232
277700,5.000,0.598,2.984,0.233
277900,5.000,0.583,2.912,0.233
278100,5.000,0.582,2.908,0.233
278300,5.000,0.582,2.908,0.233
278500,5.000,0.593,2.961,0.233
278700,5.000,0.588,2.935,0.233
278900,5.000,0.583,2.912,0.234
279100,5.000,0.583,2.912,0.234
279300,5.000,0.599,2.992,0.234
279500,5.000,0.586,2.923,0.234
279700,5.000,0.586,2.927,0.234
279900,5.000,0.593,2.961,0.235
280100,5.000,0.593,2.961,0.235
280300,5.000,0.584,2.916,0.235
280500,5.000,0.580,2.897,0.235
280700,5.000,0.580,2.897,0.235
280900,5.000,0.605,3.022,0.235
281100,5.000,0.580,2.897,0.235
281300,5.000,0.581,2.900,0.236
281500,5.000,0.581,2.900,0.236
281700,5.000,0.597,2.980,0.236
281900,5.000,0.581,2.900,0.236
282100,5.000,0.582,2.904,0.236
282300,5.000,0.582,2.904,0.236
282500,5.000,0.599,2.992,0.237
282700,5.000,0.586,2.927,0.237
282900,5.000,0.580,2.893,0.237
283100,5.000,0.603,3.011,0.237
283300,5.000,0.603,3.011,0.237
283500,5.000,0.581,2.900,0.238
283700,5.000,0.581,2.900,0.238
