300,5.000,0.428,2.141,0.000
500,5.000,0.428,2.141,0.000
700,5.000,0.405,2.026,0.000
900,5.000,0.406,2.030,0.000
1100,5.000,0.404,2.022,0.000
1300,5.000,0.405,2.026,0.000
1500,5.000,0.405,2.026,0.000
1700,5.000,0.405,2.026,0.000
1900,5.000,0.405,2.026,0.001
2100,5.000,0.405,2.026,0.001
2300,5.000,0.404,2.019,0.001
2500,5.000,0.406,2.030,0.001
2700,5.000,0.406,2.030,0.001
2900,5.000,0.406,2.030,0.001
3100,5.000,0.404,2.022,0.001
3300,5.000,0.405,2.026,0.001
3500,5.000,0.405,2.026,0.001
3700,5.000,0.406,2.026,0.002
3900,5.000,0.405,2.022,0.002
4100,5.000,0.404,2.022,0.002
4300,5.000,0.406,2.026,0.002
4500,5.000,0.406,2.026,0.002
4700,5.000,0.405,2.026,0.002
4900,5.000,0.404,2.022,0.002
5100,5.000,0.407,2.034,0.002
5300,5.000,0.407,2.034,0.002
5500,5.000,0.406,2.030,0.003
5700,5.000,0.404,2.019,0.003
5900,5.000,0.405,2.026,0.003
6100,5.000,0.405,2.026,0.003
6300,5.000,0.406,2.030,0.003
6500,5.000,0.404,2.022,0.003
6700,5.000,0.404,2.022,0.003
6900,5.000,0.405,2.022,0.003
7100,5.000,0.406,2.030,0.004
7300,5.000,0.405,2.022,0.004
7500,5.000,0.405,2.022,0.004
7700,5.000,0.404,2.019,0.004
7900,5.000,0.405,2.022,0.004
8100,5.000,0.406,2.026,0.004
8300,5.000,0.404,2.022,0.004
8500,5.000,0.404,2.022,0.004
8700,5.000,0.405,2.026,0.004
8900,5.000,0.405,2.026,0.005
9100,5.000,0.405,2.022,0.005
9300,5.000,0.405,2.022,0.005
9500,5.000,0.404,2.019,0.005
9700,5.000,0.406,2.030,0.005
9900,5.000,0.406,2.030,0.005
10100,5.000,0.406,2.034,0.005
10300,5.000,0.404,2.019,0.005
10500,5.000,0.405,2.026,0.005
10700,5.000,0.405,2.026,0.006
10900,5.000,0.405,2.026,0.006
11100,5.000,0.404,2.022,0.006
11300,5.000,0.405,2.022,0.006
11500,5.000,0.405,2.026,0.006
11700,5.000,0.405,2.026,0.006
11900,5.000,0.405,2.026,0.006
12100,5.000,0.404,2.019,0.006
12300,5.000,0.406,2.026,0.007
12500,5.000,0.406,2.026,0.007
12700,5.000,0.405,2.026,0.007
12900,5.000,0.404,2.019,0.007
13100,5.000,0.404,2.019,0.007
13300,5.000,0.405,2.026,0.007
13500,5.000,0.405,2.026,0.007
13700,5.000,0.405,2.026,0.007
13900,5.000,0.405,2.026,0.007
14100,5.000,0.405,2.022,0.008
14300,5.000,0.405,2.026,0.008
14500,5.000,0.405,2.026,0.008
14700,5.000,0.404,2.019,0.008
14900,5.000,0.404,2.019,0.008
15100,5.000,0.405,2.026,0.008
15300,5.000,0.406,2.030,0.008
15500,5.000,0.406,2.030,0.008
15700,5.000,0.404,2.019,0.009
15900,5.000,0.405,2.022,0.009
16100,5.000,0.406,2.026,0.009
16300,5.000,0.406,2.026,0.009
16500,5.000,0.405,2.026,0.009
16700,5.000,0.405,2.022,0.009
16900,5.000,0.406,2.030,0.009
17100,5.000,0.406,2.030,0.009
17300,5.000,0.405,2.026,0.009
17500,5.000,0.404,2.019,0.010
17700,5.000,0.404,2.019,0.010
17900,5.000,0.405,2.022,0.010
18100,5.000,0.405,2.026,0.010
18300,5.000,0.405,2.022,0.010
18500,5.000,0.405,2.026,0.010
18700,5.000,0.405,2.026,0.010
18900,5.000,0.406,2.030,0.010
19100,5.000,0.405,2.022,0.010
19300,5.000,0.404,2.022,0.011
19500,5.000,0.404,2.022,0.011
19700,5.000,0.406,2.026,0.011
19900,5.000,0.407,2.034,0.011
20100,5.000,0.405,2.022,0.011
20300,5.000,0.405,2.022,0.011
20500,5.000,0.405,2.026,0.011
20700,5.000,0.406,2.030,0.011
20900,5.000,0.406,2.030,0.011
21100,5.000,0.405,2.022,0.012
21300,5.000,0.405,2.022,0.012
21500,5.000,0.406,2.030,0.012
21700,5.000,0.405,2.026,0.012
21900,5.000,0.405,2.026,0.012
22100,5.000,0.404,2.022,0.012
22300,5.000,0.406,2.030,0.012
22500,5.000,0.406,2.030,0.012
22700,5.000,0.406,2.030,0.013
22900,5.000,0.403,2.015,0.013
23100,5.000,0.405,2.022,0.013
23300,5.000,0.405,2.026,0.013
23500,5.000,0.405,2.026,0.013
23700,5.000,0.405,2.022,0.013
23900,5.000,0.405,2.022,0.013
24100,5.000,0.405,2.022,0.013
24300,5.000,0.406,2.026,0.013
24500,5.000,0.405,2.026,0.014
24700,5.000,0.403,2.019,0.014
24900,5.000,0.403,2.019,0.014
25100,5.000,0.405,2.022,0.014
25300,5.000,0.406,2.030,0.014
25500,5.000,0.404,2.019,0.014
25700,5.000,0.405,2.026,0.014
25900,5.000,0.405,2.026,0.014
26100,5.000,0.406,2.026,0.015
26300,5.000,0.405,2.026,0.015
26500,5.000,0.405,2.026,0.015
26700,5.000,0.404,2.019,0.015
26900,5.000,0.406,2.026,0.015
27100,5.000,0.406,2.030,0.015
27300,5.000,0.406,2.030,0.015
27500,5.000,0.404,2.019,0.015
27700,5.000,0.406,2.026,0.015
27900,5.000,0.406,2.034,0.016
28100,5.000,0.406,2.034,0.016
28300,5.000,0.404,2.022,0.016
28500,5.000,0.405,2.022,0.016
28700,5.000,0.405,2.026,0.016
28900,5.000,0.404,2.022,0.016
29100,5.000,0.404,2.022,0.016
29300,5.000,0.404,2.022,0.016
29500,5.000,0.406,2.030,0.017
29700,5.000,0.406,2.030,0.017
29900,5.000,0.405,2.026,0.017
30100,5.000,0.405,2.026,0.017
30300,5.000,0.405,2.026,0.017
30500,5.000,0.405,2.026,0.017
30700,5.000,0.406,2.026,0.017
30900,5.000,0.405,2.026,0.017
31100,5.000,0.405,2.022,0.017
31300,5.000,0.405,2.022,0.018
31500,5.000,0.405,2.026,0.018
31700,5.000,0.405,2.026,0.018
31900,5.000,0.405,2.026,0.018
32100,5.000,0.404,2.019,0.018
32300,5.000,0.406,2.030,0.018
32500,5.000,0.405,2.026,0.018
32700,5.000,0.403,2.019,0.018
32900,5.000,0.403,2.019,0.018
33100,5.000,0.405,2.026,0.019
33300,5.000,0.406,2.026,0.019
33500,5.000,0.404,2.019,0.019
33700,5.000,0.404,2.019,0.019
33900,5.000,0.404,2.022,0.019
34100,5.000,0.406,2.026,0.019
34300,5.000,0.406,2.026,0.019
34500,5.000,0.406,2.026,0.019
34700,5.000,0.404,2.019,0.019
34900,5.000,0.406,2.030,0.020
35100,5.000,0.406,2.030,0.020
35300,5.000,0.406,2.030,0.020
35500,5.000,0.404,2.019,0.020
35700,5.000,0.404,2.022,0.020
35900,5.000,0.406,2.030,0.020
36100,5.000,0.406,2.030,0.020
36300,5.000,0.404,2.022,0.020
36500,5.000,0.404,2.022,0.021
36700,5.000,0.406,2.026,0.021
36900,5.000,0.406,2.026,0.021
37100,5.000,0.405,2.026,0.021
37300,5.000,0.404,2.019,0.021
37500,5.000,0.404,2.019,0.021
37700,5.000,0.405,2.026,0.021
37900,5.000,0.406,2.034,0.021
38100,5.000,0.404,2.022,0.021
38300,5.000,0.404,2.022,0.022
38500,5.000,0.405,2.022,0.022
38700,5.000,0.405,2.026,0.022
38900,5.000,0.404,2.022,0.022
39100,5.000,0.404,2.022,0.022
39300,5.000,0.404,2.019,0.022
39500,5.000,0.406,2.030,0.022
39700,5.000,0.407,2.034,0.022
39900,5.000,0.405,2.022,0.023
40100,5.000,0.405,2.022,0.023
40300,5.000,0.405,2.026,0.023
40500,5.000,0.405,2.026,0.023
40700,5.000,0.405,2.026,0.023
40900,5.000,0.404,2.019,0.023
41100,5.000,0.404,2.022,0.023
41300,5.000,0.406,2.026,0.023
41500,5.000,0.406,2.026,0.023
41700,5.000,0.405,2.022,0.024
41900,5.000,0.404,2.022,0.024
42100,5.000,0.405,2.026,0.024
42300,5.000,0.405,2.026,0.024
42500,5.000,0.405,2.026,0.024
42700,5.000,0.403,2.019,0.024
42900,5.000,0.405,2.026,0.024
43100,5.000,0.405,2.026,0.024
43300,5.000,0.405,2.026,0.024
43500,5.000,0.405,2.022,0.025
43700,5.000,0.405,2.022,0.025
43900,5.000,0.405,2.022,0.025
44100,5.000,0.406,2.030,0.025
44300,5.000,0.405,2.022,0.025
44500,5.000,0.404,2.019,0.025
44700,5.000,0.404,2.019,0.025
44900,5.000,0.406,2.034,0.025
45100,5.000,0.406,2.030,0.026
45300,5.000,0.404,2.022,0.026
45500,5.000,0.404,2.022,0.026
45700,5.000,0.405,2.026,0.026
45900,5.000,0.405,2.026,0.026
46100,5.000,0.405,2.026,0.026
46300,5.000,0.404,2.022,0.026
46500,5.000,0.404,2.022,0.026
46700,5.000,0.406,2.030,0.026
46900,5.000,0.405,2.026,0.027
47100,5.000,0.405,2.026,0.027
47300,5.000,0.404,2.019,0.027
47500,5.000,0.405,2.026,0.027
47700,5.000,0.406,2.026,0.027
47900,5.000,0.406,2.026,0.027
48100,5.000,0.405,2.022,0.027
48300,5.000,0.404,2.019,0.027
48500,5.000,0.404,2.019,0.027
48700,5.000,0.406,2.026,0.028
48900,5.000,0.405,2.022,0.028
49100,5.000,0.404,2.019,0.028
49300,5.000,0.404,2.019,0.028
49500,5.000,0.406,2.026,0.028
49700,5.000,0.406,2.030,0.028
49900,5.000,0.405,2.022,0.028
50100,5.000,0.405,2.026,0.028
50300,5.000,0.405,2.026,0.029
50500,5.000,0.406,2.034,0.029
50700,5.000,0.428,2.137,0.029
50900,5.000,0.405,2.026,0.029
51100,5.000,0.405,2.026,0.029
51300,5.000,0.406,2.026,0.029
51500,5.000,0.406,2.026,0.029
51700,5.000,0.406,2.026,0.029
51900,5.000,0.404,2.019,0.029
52100,5.000,0.406,2.026,0.030
52300,5.000,0.405,2.026,0.030
52500,5.000,0.405,2.026,0.030
52700,5.000,0.404,2.022,0.030
52900,5.000,0.405,2.022,0.030
53100,5.000,0.405,2.026,0.030
53300,5.000,0.405,2.026,0.030
53500,5.000,0.405,2.026,0.030
53700,5.000,0.404,2.022,0.031
53900,5.000,0.406,2.026,0.031
54100,5.000,0.405,2.026,0.031
54300,5.000,0.405,2.026,0.031
54500,5.000,0.404,2.019,0.031
54700,5.000,0.405,2.026,0.031
54900,5.000,0.405,2.026,0.031
55100,5.000,0.406,2.030,0.031
55300,5.000,0.404,2.019,0.031
55500,5.000,0.405,2.026,0.032
55700,5.000,0.405,2.026,0.032
55900,5.000,0.405,2.026,0.032
56100,5.000,0.404,2.022,0.032
56300,5.000,0.404,2.019,0.032
56500,5.000,0.404,2.019,0.032
56700,5.000,0.405,2.026,0.032
56900,5.000,0.405,2.022,0.032
57100,5.000,0.404,2.022,0.032
57300,5.000,0.405,2.026,0.033
57500,5.000,0.405,2.026,0.033
57700,5.000,0.406,2.026,0.033
57900,5.000,0.404,2.019,0.033
58100,5.000,0.404,2.019,0.033
58300,5.000,0.405,2.022,0.033
58500,5.000,0.406,2.030,0.033
58700,5.000,0.404,2.022,0.033
58900,5.000,0.404,2.022,0.033
59100,5.000,0.404,2.022,0.034
59300,5.000,0.406,2.030,0.034
59500,5.000,0.406,2.030,0.034
59700,5.000,0.405,2.026,0.034
59900,5.000,0.406,2.026,0.034
60100,5.000,0.405,2.026,0.034
60300,5.000,0.405,2.022,0.034
60500,5.000,0.405,2.022,0.034
60700,5.000,0.404,2.019,0.035
60900,5.000,0.405,2.026,0.035
61100,5.000,0.406,2.030,0.035
61300,5.000,0.406,2.030,0.035
61500,5.000,0.404,2.019,0.035
61700,5.000,0.405,2.022,0.035
61900,5.000,0.405,2.026,0.035
62100,5.000,0.405,2.026,0.035
62300,5.000,0.405,2.022,0.035
62500,5.000,0.404,2.019,0.036
62700,5.000,0.404,2.019,0.036
62900,5.000,0.406,2.030,0.036
63100,5.000,0.405,2.026,0.036
63300,5.000,0.404,2.019,0.036
63500,5.000,0.404,2.019,0.036
63700,5.000,0.405,2.026,0.036
63900,5.000,0.405,2.026,0.036
64100,5.000,0.404,2.019,0.037
64300,5.000,0.405,2.022,0.037
64500,5.000,0.405,2.022,0.037
64700,5.000,0.406,2.030,0.037
64900,5.000,0.404,2.022,0.037
65100,5.000,0.404,2.022,0.037
65300,5.000,0.404,2.022,0.037
65500,5.000,0.406,2.026,0.037
65700,5.000,0.405,2.022,0.037
65900,5.000,0.405,2.022,0.038
66100,5.000,0.403,2.019,0.038
66300,5.000,0.406,2.026,0.038
66500,5.000,0.406,2.026,0.038
66700,5.000,0.406,2.026,0.038
66900,5.000,0.403,2.015,0.038
67100,5.000,0.405,2.022,0.038
67300,5.000,0.405,2.022,0.038
67500,5.000,0.404,2.019,0.039
67700,5.000,0.404,2.019,0.039
67900,5.000,0.404,2.022,0.039
68100,5.000,0.405,2.022,0.039
68300,5.000,0.405,2.022,0.039
68500,5.000,0.405,2.022,0.039
68700,5.000,0.403,2.015,0.039
68900,5.000,0.406,2.026,0.039
69100,5.000,0.406,2.026,0.039
69300,5.000,0.405,2.026,0.040
69500,5.000,0.405,2.026,0.040
69700,5.000,0.404,2.022,0.040
69900,5.000,0.404,2.022,0.040
70100,5.000,0.406,2.030,0.040
70300,5.000,0.404,2.019,0.040
70500,5.000,0.404,2.019,0.040
70700,5.000,0.405,2.026,0.040
70900,5.000,0.405,2.026,0.040
71100,5.000,0.405,2.022,0.041
71300,5.000,0.404,2.019,0.041
71500,5.000,0.404,2.019,0.041
71700,5.000,0.405,2.026,0.041
71900,5.000,0.405,2.026,0.041
72100,5.000,0.403,2.015,0.041
72300,5.000,0.403,2.015,0.041
72500,5.000,0.404,2.022,0.041
72700,5.000,0.405,2.026,0.041
72900,5.000,0.405,2.022,0.042
73100,5.000,0.405,2.022,0.042
73300,5.000,0.404,2.019,0.042
73500,5.000,0.406,2.026,0.042
73700,5.000,0.406,2.026,0.042
73900,5.000,0.404,2.019,0.042
74100,5.000,0.404,2.019,0.042
74300,5.000,0.406,2.026,0.042
74500,5.000,0.406,2.026,0.043
74700,5.000,0.406,2.026,0.043
74900,5.000,0.404,2.022,0.043
75100,5.000,0.405,2.022,0.043
75300,5.000,0.405,2.022,0.043
75500,5.000,0.405,2.022,0.043
75700,5.000,0.404,2.019,0.043
75900,5.000,0.404,2.022,0.043
76100,5.000,0.405,2.022,0.043
76300,5.000,0.405,2.022,0.044
76500,5.000,0.404,2.022,0.044
76700,5.000,0.404,2.019,0.044
76900,5.000,0.404,2.019,0.044
77100,5.000,0.406,2.030,0.044
77300,5.000,0.405,2.022,0.044
77500,5.000,0.403,2.015,0.044
77700,5.000,0.405,2.026,0.044
77900,5.000,0.405,2.026,0.045
78100,5.000,0.405,2.026,0.045
78300,5.000,0.404,2.019,0.045
78500,5.000,0.405,2.022,0.045
78700,5.000,0.405,2.022,0.045
78900,5.000,0.405,2.026,0.045
79100,5.000,0.404,2.022,0.045
79300,5.000,0.404,2.019,0.045
79500,5.000,0.404,2.019,0.045
79700,5.000,0.406,2.030,0.046
79900,5.000,0.406,2.026,0.046
80100,5.000,0.406,2.026,0.046
80300,5.000,0.403,2.011,0.046
80500,5.000,0.405,2.026,0.046
80700,5.000,0.406,2.030,0.046
80900,5.000,0.406,2.030,0.046
81100,5.000,0.404,2.019,0.046
81300,5.000,0.405,2.022,0.046
81500,5.000,0.405,2.022,0.047
81700,5.000,0.405,2.022,0.047
81900,5.000,0.405,2.022,0.047
82100,5.000,0.405,2.022,0.047
82300,5.000,0.405,2.022,0.047
82500,5.000,0.405,2.022,0.047
82700,5.000,0.405,2.026,0.047
82900,5.000,0.404,2.019,0.047
83100,5.000,0.405,2.026,0.047
83300,5.000,0.405,2.026,0.048
83500,5.000,0.405,2.026,0.048
83700,5.000,0.403,2.015,0.048
83900,5.000,0.405,2.022,0.048
84100,5.000,0.405,2.022,0.048
84300,5.000,0.405,2.026,0.048
84500,5.000,0.406,2.034,0.048
84700,5.000,0.404,2.022,0.048
84900,5.000,0.405,2.026,0.049
85100,5.000,0.405,2.026,0.049
85300,5.000,0.405,2.022,0.049
85500,5.000,0.404,2.019,0.049
85700,5.000,0.404,2.019,0.049
85900,5.000,0.405,2.026,0.049
86100,5.000,0.406,2.026,0.049
86300,5.000,0.405,2.022,0.049
86500,5.000,0.405,2.022,0.049
86700,5.000,0.405,2.026,0.050
86900,5.000,0.406,2.030,0.050
87100,5.000,0.404,2.022,0.050
87300,5.000,0.404,2.022,0.050
87500,5.000,0.404,2.022,0.050
87700,5.000,0.406,2.030,0.050
87900,5.000,0.406,2.030,0.050
88100,5.000,0.405,2.026,0.050
88300,5.000,0.404,2.019,0.051
88500,5.000,0.405,2.026,0.051
88700,5.000,0.406,2.030,0.051
88900,5.000,0.406,2.030,0.051
89100,5.000,0.405,2.022,0.051
89300,5.000,0.406,2.030,0.051
89500,5.000,0.405,2.026,0.051
89700,5.000,0.405,2.026,0.051
89900,5.000,0.405,2.022,0.051
90100,5.000,0.404,2.022,0.052
90300,5.000,0.406,2.030,0.052
90500,5.000,0.406,2.030,0.052
90700,5.000,0.405,2.026,0.052
90900,5.000,0.404,2.022,0.052
91100,5.000,0.404,2.022,0.052
91300,5.000,0.406,2.030,0.052
91500,5.000,0.405,2.026,0.052
91700,5.000,0.403,2.019,0.052
91900,5.000,0.405,2.026,0.053
92100,5.000,0.405,2.026,0.053
92300,5.000,0.405,2.026,0.053
92500,5.000,0.405,2.022,0.053
92700,5.000,0.404,2.022,0.053
92900,5.000,0.404,2.022,0.053
93100,5.000,0.405,2.022,0.053
93300,5.000,0.405,2.022,0.053
93500,5.000,0.405,2.022,0.054
93700,5.000,0.404,2.022,0.054
93900,5.000,0.406,2.030,0.054
94100,5.000,0.405,2.026,0.054
94300,5.000,0.405,2.026,0.054
94500,5.000,0.404,2.022,0.054
94700,5.000,0.405,2.026,0.054
94900,5.000,0.405,2.026,0.054
95100,5.000,0.405,2.026,0.054
95300,5.000,0.404,2.019,0.055
95500,5.000,0.405,2.026,0.055
95700,5.000,0.405,2.026,0.055
95900,5.000,0.405,2.026,0.055
96100,5.000,0.405,2.026,0.055
96300,5.000,0.405,2.022,0.055
96500,5.000,0.405,2.026,0.055
96700,5.000,0.405,2.026,0.055
96900,5.000,0.405,2.026,0.055
97100,5.000,0.404,2.019,0.056
97300,5.000,0.406,2.030,0.056
97500,5.000,0.406,2.030,0.056
97700,5.000,0.406,2.030,0.056
97900,5.000,0.404,2.022,0.056
98100,5.000,0.405,2.026,0.056
98300,5.000,0.405,2.026,0.056
98500,5.000,0.406,2.026,0.056
98700,5.000,0.404,2.022,0.057
98900,5.000,0.405,2.022,0.057
99100,5.000,0.406,2.030,0.057
99300,5.000,0.406,2.030,0.057
99500,5.000,0.407,2.034,0.057
99700,5.000,0.404,2.019,0.057
99900,5.000,0.404,2.019,0.057
100100,5.000,0.405,2.026,0.057
100300,5.000,0.406,2.030,0.057
100500,5.000,0.405,2.022,0.058
100700,5.000,0.405,2.022,0.058
100900,5.000,0.405,2.022,0.058
101100,5.000,0.405,2.026,0.058
101300,5.000,0.405,2.022,0.058
101500,5.000,0.405,2.022,0.058
101700,5.000,0.404,2.019,0.058
101900,5.000,0.406,2.030,0.058
102100,5.000,0.406,2.030,0.058
102300,5.000,0.404,2.019,0.059
102500,5.000,0.404,2.019,0.059
102700,5.000,0.405,2.026,0.059
102900,5.000,0.406,2.030,0.059
103100,5.000,0.406,2.030,0.059
103300,5.000,0.404,2.019,0.059
103500,5.000,0.404,2.022,0.059
103700,5.000,0.405,2.026,0.059
103900,5.000,0.405,2.026,0.060
104100,5.000,0.406,2.026,0.060
104300,5.000,0.405,2.022,0.060
104500,5.000,0.405,2.022,0.060
104700,5.000,0.405,2.026,0.060
104900,5.000,0.405,2.022,0.060
105100,5.000,0.404,2.019,0.060
105300,5.000,0.404,2.019,0.060
105500,5.000,0.406,2.026,0.060
105700,5.000,0.405,2.026,0.061
105900,5.000,0.405,2.022,0.061
106100,5.000,0.405,2.026,0.061
106300,5.000,0.405,2.026,0.061
106500,5.000,0.405,2.026,0.061
106700,5.000,0.405,2.022,0.061
106900,5.000,0.404,2.022,0.061
107100,5.000,0.404,2.022,0.061
107300,5.000,0.405,2.026,0.062
107500,5.000,0.406,2.026,0.062
107700,5.000,0.406,2.026,0.062
107900,5.000,0.404,2.019,0.062
108100,5.000,0.405,2.026,0.062
108300,5.000,0.406,2.030,0.062
108500,5.000,0.406,2.030,0.062
108700,5.000,0.404,2.019,0.062
108900,5.000,0.405,2.026,0.062
109100,5.000,0.430,2.148,0.063
109300,5.000,0.405,2.026,0.063
109500,5.000,0.405,2.026,0.063
109700,5.000,0.405,2.022,0.063
109900,5.000,0.406,2.030,0.063
110100,5.000,0.406,2.030,0.063
110300,5.000,0.406,2.030,0.063
110500,5.000,0.404,2.019,0.063
110700,5.000,0.405,2.022,0.063
110900,5.000,0.405,2.022,0.064
111100,5.000,0.406,2.030,0.064
111300,5.000,0.404,2.019,0.064
111500,5.000,0.405,2.022,0.064
111700,5.000,0.405,2.022,0.064
111900,5.000,0.406,2.034,0.064
112100,5.000,0.404,2.022,0.064
112300,5.000,0.404,2.019,0.064
112500,5.000,0.404,2.019,0.064
112700,5.000,0.405,2.026,0.065
112900,5.000,0.405,2.026,0.065
113100,5.000,0.404,2.022,0.065
113300,5.000,0.405,2.026,0.065
113500,5.000,0.405,2.026,0.065
113700,5.000,0.406,2.034,0.065
113900,5.000,0.404,2.022,0.065
114100,5.000,0.404,2.022,0.065
114300,5.000,0.406,2.030,0.066
114500,5.000,0.406,2.026,0.066
114700,5.000,0.405,2.022,0.066
114900,5.000,0.405,2.022,0.066
115100,5.000,0.404,2.019,0.066
115300,5.000,0.406,2.030,0.066
115500,5.000,0.406,2.030,0.066
115700,5.000,0.406,2.030,0.066
115900,5.000,0.404,2.019,0.066
116100,5.000,0.405,2.026,0.067
116300,5.000,0.405,2.026,0.067
116500,5.000,0.405,2.026,0.067
116700,5.000,0.404,2.022,0.067
116900,5.000,0.404,2.022,0.067
117100,5.000,0.405,2.026,0.067
117300,5.000,0.405,2.026,0.067
117500,5.000,0.405,2.022,0.067
117700,5.000,0.404,2.019,0.068
117900,5.000,0.406,2.030,0.068
118100,5.000,0.406,2.030,0.068
118300,5.000,0.405,2.026,0.068
118500,5.000,0.403,2.015,0.068
118700,5.000,0.403,2.015,0.068
118900,5.000,0.405,2.026,0.068
119100,5.000,0.405,2.026,0.068
119300,5.000,0.405,2.026,0.068
119500,5.000,0.405,2.026,0.069
119700,5.000,0.405,2.022,0.069
119900,5.000,0.405,2.022,0.069
120100,5.000,0.405,2.022,0.069
120300,5.000,0.404,2.019,0.069
120500,5.000,0.404,2.019,0.069
120700,5.000,0.405,2.026,0.069
120900,5.000,0.406,2.030,0.069
121100,5.000,0.404,2.019,0.069
121300,5.000,0.404,2.019,0.070
121500,5.000,0.405,2.026,0.070
121700,5.000,0.406,2.026,0.070
121900,5.000,0.406,2.026,0.070
122100,5.000,0.404,2.022,0.070
122300,5.000,0.404,2.022,0.070
122500,5.000,0.405,2.026,0.070
122700,5.000,0.405,2.026,0.070
122900,5.000,0.405,2.022,0.071
123100,5.000,0.404,2.019,0.071
123300,5.000,0.405,2.026,0.071
123500,5.000,0.406,2.026,0.071
123700,5.000,0.406,2.026,0.071
123900,5.000,0.404,2.022,0.071
124100,5.000,0.404,2.022,0.071
124300,5.000,0.405,2.026,0.071
124500,5.000,0.405,2.026,0.071
124700,5.000,0.404,2.022,0.072
124900,5.000,0.404,2.019,0.072
125100,5.000,0.404,2.019,0.072
125300,5.000,0.406,2.030,0.072
125500,5.000,0.405,2.022,0.072
125700,5.000,0.404,2.019,0.072
125900,5.000,0.404,2.019,0.072
126100,5.000,0.406,2.026,0.072
126300,5.000,0.405,2.022,0.072
126500,5.000,0.405,2.022,0.073
126700,5.000,0.404,2.022,0.073
126900,5.000,0.404,2.022,0.073
127100,5.000,0.406,2.026,0.073
127300,5.000,0.405,2.026,0.073
127500,5.000,0.405,2.026,0.073
127700,5.000,0.404,2.019,0.073
127900,5.000,0.406,2.026,0.073
128100,5.000,0.405,2.022,0.074
128300,5.000,0.405,2.022,0.074
128500,5.000,0.404,2.019,0.074
128700,5.000,0.405,2.026,0.074
128900,5.000,0.405,2.022,0.074
129100,5.000,0.405,2.022,0.074
129300,5.000,0.405,2.026,0.074
129500,5.000,0.404,2.022,0.074
129700,5.000,0.404,2.022,0.074
129900,5.000,0.405,2.022,0.075
130100,5.000,0.405,2.022,0.075
130300,5.000,0.404,2.019,0.075
130500,5.000,0.405,2.022,0.075
130700,5.000,0.405,2.022,0.075
130900,5.000,0.406,2.026,0.075
131100,5.000,0.404,2.019,0.075
131300,5.000,0.404,2.022,0.075
131500,5.000,0.404,2.022,0.076
131700,5.000,0.405,2.022,0.076
131900,5.000,0.404,2.019,0.076
132100,5.000,0.404,2.019,0.076
132300,5.000,0.404,2.019,0.076
132500,5.000,0.405,2.026,0.076
132700,5.000,0.405,2.022,0.076
132900,5.000,0.405,2.022,0.076
133100,5.000,0.404,2.019,0.076
133300,5.000,0.405,2.026,0.077
133500,5.000,0.405,2.026,0.077
133700,5.000,0.404,2.019,0.077
133900,5.000,0.404,2.019,0.077
134100,5.000,0.405,2.026,0.077
134300,5.000,0.405,2.026,0.077
134500,5.000,0.405,2.022,0.077
134700,5.000,0.405,2.022,0.077
134900,5.000,0.403,2.015,0.077
135100,5.000,0.406,2.030,0.078
135300,5.000,0.405,2.026,0.078
135500,5.000,0.405,2.026,0.078
135700,5.000,0.405,2.022,0.078
135900,5.000,0.405,2.022,0.078
136100,5.000,0.405,2.022,0.078
136300,5.000,0.405,2.022,0.078
136500,5.000,0.404,2.019,0.078
136700,5.000,0.404,2.019,0.078
136900,5.000,0.404,2.019,0.079
137100,5.000,0.405,2.022,0.079
137300,5.000,0.405,2.022,0.079
137500,5.000,0.403,2.015,0.079
137700,5.000,0.405,2.022,0.079
137900,5.000,0.405,2.022,0.079
138100,5.000,0.405,2.026,0.079
138300,5.000,0.403,2.015,0.079
138500,5.000,0.403,2.015,0.080
138700,5.000,0.404,2.022,0.080
138900,5.000,0.405,2.026,0.080
139100,5.000,0.405,2.026,0.080
139300,5.000,0.405,2.026,0.080
139500,5.000,0.404,2.022,0.080
139700,5.000,0.405,2.022,0.080
139900,5.000,0.405,2.022,0.080
140100,5.000,0.405,2.022,0.080
140300,5.000,0.403,2.015,0.081
140500,5.000,0.404,2.022,0.081
140700,5.000,0.406,2.030,0.081
140900,5.000,0.404,2.019,0.081
141100,5.000,0.404,2.019,0.081
141300,5.000,0.405,2.022,0.081
141500,5.000,0.405,2.026,0.081
141700,5.000,0.405,2.026,0.081
141900,5.000,0.404,2.019,0.082
142100,5.000,0.404,2.019,0.082
142300,5.000,0.406,2.026,0.082
142500,5.000,0.406,2.026,0.082
142700,5.000,0.405,2.022,0.082
142900,5.000,0.404,2.022,0.082
143100,5.000,0.404,2.022,0.082
143300,5.000,0.404,2.022,0.082
143500,5.000,0.405,2.026,0.082
143700,5.000,0.404,2.019,0.083
143900,5.000,0.404,2.019,0.083
144100,5.000,0.404,2.019,0.083
144300,5.000,0.405,2.026,0.083
144500,5.000,0.405,2.022,0.083
144700,5.000,0.404,2.019,0.083
144900,5.000,0.404,2.019,0.083
145100,5.000,0.406,2.026,0.083
145300,5.000,0.405,2.026,0.083
145500,5.000,0.403,2.015,0.084
145700,5.000,0.403,2.015,0.084
145900,5.000,0.405,2.022,0.084
146100,5.000,0.405,2.022,0.084
146300,5.000,0.404,2.022,0.084
146500,5.000,0.404,2.022,0.084
146700,5.000,0.404,2.019,0.084
146900,5.000,0.406,2.030,0.084
147100,5.000,0.406,2.030,0.085
147300,5.000,0.405,2.022,0.085
147500,5.000,0.403,2.015,0.085
147700,5.000,0.405,2.022,0.085
147900,5.000,0.406,2.026,0.085
148100,5.000,0.406,2.026,0.085
148300,5.000,0.404,2.019,0.085
148500,5.000,0.405,2.022,0.085
148700,5.000,0.405,2.026,0.085
148900,5.000,0.405,2.026,0.086
149100,5.000,0.405,2.022,0.086
149300,5.000,0.404,2.019,0.086
149500,5.000,0.404,2.019,0.086
149700,5.000,0.405,2.026,0.086
149900,5.000,0.406,2.026,0.086
150100,5.000,0.404,2.019,0.086
150300,5.000,0.404,2.019,0.086
150500,5.000,0.404,2.022,0.086
150700,5.000,0.405,2.022,0.087
150900,5.000,0.404,2.019,0.087
151100,5.000,0.404,2.019,0.087
151300,5.000,0.404,2.019,0.087
151500,5.000,0.406,2.026,0.087
151700,5.000,0.405,2.026,0.087
151900,5.000,0.404,2.015,0.087
152100,5.000,0.404,2.015,0.087
152300,5.000,0.405,2.022,0.088
152500,5.000,0.404,2.022,0.088
152700,5.000,0.404,2.022,0.088
152900,5.000,0.405,2.022,0.088
153100,5.000,0.404,2.022,0.088
153300,5.000,0.405,2.026,0.088
153500,5.000,0.405,2.026,0.088
153700,5.000,0.405,2.022,0.088
153900,5.000,0.405,2.022,0.088
154100,5.000,0.405,2.022,0.089
154300,5.000,0.405,2.022,0.089
154500,5.000,0.405,2.026,0.089
154700,5.000,0.403,2.015,0.089
154900,5.000,0.405,2.026,0.089
155100,5.000,0.405,2.026,0.089
155300,5.000,0.405,2.026,0.089
155500,5.000,0.405,2.022,0.089
155700,5.000,0.404,2.019,0.090
155900,5.000,0.404,2.019,0.090
156100,5.000,0.405,2.022,0.090
156300,5.000,0.405,2.026,0.090
156500,5.000,0.404,2.019,0.090
156700,5.000,0.404,2.019,0.090
156900,5.000,0.405,2.022,0.090
157100,5.000,0.405,2.026,0.090
157300,5.000,0.404,2.022,0.090
157500,5.000,0.404,2.022,0.091
157700,5.000,0.404,2.019,0.091
157900,5.000,0.405,2.026,0.091
158100,5.000,0.405,2.026,0.091
158300,5.000,0.404,2.019,0.091
158500,5.000,0.404,2.019,0.091
158700,5.000,0.406,2.030,0.091
158900,5.000,0.406,2.034,0.091
159100,5.000,0.406,2.034,0.091
159300,5.000,0.404,2.019,0.092
159500,5.000,0.404,2.022,0.092
159700,5.000,0.405,2.022,0.092
159900,5.000,0.405,2.022,0.092
160100,5.000,0.405,2.022,0.092
160300,5.000,0.403,2.015,0.092
160500,5.000,0.403,2.015,0.092
160700,5.000,0.406,2.030,0.092
160900,5.000,0.405,2.022,0.092
161100,5.000,0.403,2.015,0.093
161300,5.000,0.403,2.015,0.093
161500,5.000,0.405,2.022,0.093
161700,5.000,0.406,2.030,0.093
161900,5.000,0.404,2.019,0.093
162100,5.000,0.405,2.022,0.093
162300,5.000,0.405,2.022,0.093
162500,5.000,0.405,2.026,0.093
162700,5.000,0.404,2.022,0.094
162900,5.000,0.403,2.015,0.094
163100,5.000,0.403,2.015,0.094
163300,5.000,0.405,2.026,0.094
163500,5.000,0.406,2.026,0.094
163700,5.000,0.406,2.026,0.094
163900,5.000,0.404,2.019,0.094
164100,5.000,0.405,2.026,0.094
164300,5.000,0.405,2.022,0.094
164500,5.000,0.405,2.022,0.095
164700,5.000,0.404,2.019,0.095
164900,5.000,0.404,2.019,0.095
165100,5.000,0.406,2.026,0.095
165300,5.000,0.405,2.026,0.095
165500,5.000,0.405,2.026,0.095
165700,5.000,0.404,2.019,0.095
165900,5.000,0.405,2.022,0.095
166100,5.000,0.405,2.026,0.096
166300,5.000,0.405,2.026,0.096
166500,5.000,0.404,2.019,0.096
166700,5.000,0.405,2.022,0.096
166900,5.000,0.405,2.022,0.096
167100,5.000,0.405,2.022,0.096
167300,5.000,0.409,2.045,0.096
167500,5.000,0.424,2.118,0.096
167700,5.000,0.424,2.118,0.096
167900,5.000,0.405,2.026,0.097
168100,5.000,0.405,2.026,0.097
168300,5.000,0.403,2.015,0.097
168500,5.000,0.403,2.015,0.097
168700,5.000,0.405,2.022,0.097
168900,5.000,0.406,2.026,0.097
169100,5.000,0.405,2.026,0.097
169300,5.000,0.404,2.019,0.097
169500,5.000,0.404,2.019,0.097
169700,5.000,0.405,2.022,0.098
169900,5.000,0.405,2.022,0.098
170100,5.000,0.405,2.022,0.098
170300,5.000,0.404,2.019,0.098
170500,5.000,0.406,2.030,0.098
170700,5.000,0.405,2.026,0.098
170900,5.000,0.405,2.026,0.098
171100,5.000,0.403,2.015,0.098
171300,5.000,0.405,2.022,0.099
171500,5.000,0.405,2.022,0.099
171700,5.000,0.405,2.026,0.099
171900,5.000,0.404,2.015,0.099
172100,5.000,0.405,2.022,0.099
172300,5.000,0.405,2.022,0.099
172500,5.000,0.405,2.022,0.099
172700,5.000,0.405,2.022,0.099
172900,5.000,0.404,2.022,0.099
173100,5.000,0.405,2.026,0.100
173300,5.000,0.405,2.026,0.100
173500,5.000,0.405,2.026,0.100
173700,5.000,0.405,2.022,0.100
173900,5.000,0.405,2.022,0.100
174100,5.000,0.405,2.022,0.100
174300,5.000,0.405,2.026,0.100
174500,5.000,0.404,2.019,0.100
174700,5.000,0.404,2.019,0.100
174900,5.000,0.404,2.022,0.101
175100,5.000,0.405,2.026,0.101
175300,5.000,0.404,2.022,0.101
175500,5.000,0.404,2.022,0.101
175700,5.000,0.404,2.019,0.101
175900,5.000,0.405,2.026,0.101
176100,5.000,0.405,2.026,0.101
176300,5.000,0.404,2.019,0.101
176500,5.000,0.404,2.019,0.102
176700,5.000,0.404,2.019,0.102
176900,5.000,0.405,2.026,0.102
177100,5.000,0.405,2.022,0.102
177300,5.000,0.405,2.022,0.102
177500,5.000,0.404,2.019,0.102
177700,5.000,0.405,2.026,0.102
177900,5.000,0.405,2.026,0.102
178100,5.000,0.405,2.026,0.102
178300,5.000,0.404,2.019,0.103
178500,5.000,0.405,2.026,0.103
178700,5.000,0.405,2.026,0.103
178900,5.000,0.406,2.030,0.103
179100,5.000,0.404,2.019,0.103
179300,5.000,0.405,2.022,0.103
179500,5.000,0.405,2.026,0.103
179700,5.000,0.405,2.026,0.103
179900,5.000,0.405,2.026,0.104
180100,5.000,0.404,2.019,0.104
180300,5.000,0.405,2.026,0.104
180500,5.000,0.405,2.026,0.104
180700,5.000,0.405,2.026,0.104
180900,5.000,0.404,2.019,0.104
181100,5.000,0.404,2.019,0.104
181300,5.000,0.405,2.026,0.104
181500,5.000,0.405,2.026,0.104
181700,5.000,0.404,2.019,0.105
181900,5.000,0.404,2.019,0.105
182100,5.000,0.405,2.022,0.105
182300,5.000,0.404,2.022,0.105
182500,5.000,0.404,2.022,0.105
182700,5.000,0.404,2.019,0.105
182900,5.000,0.404,2.019,0.105
183100,5.000,0.405,2.026,0.105
183300,5.000,0.405,2.026,0.105
183500,5.000,0.405,2.026,0.106
183700,5.000,0.404,2.022,0.106
183900,5.000,0.404,2.022,0.106
184100,5.000,0.405,2.026,0.106
184300,5.000,0.405,2.026,0.106
184500,5.000,0.404,2.019,0.106
184700,5.000,0.405,2.022,0.106
184900,5.000,0.405,2.022,0.106
185100,5.000,0.405,2.022,0.106
185300,5.000,0.404,2.022,0.107
185500,5.000,0.404,2.019,0.107
185700,5.000,0.404,2.019,0.107
185900,5.000,0.405,2.026,0.107
186100,5.000,0.405,2.022,0.107
186300,5.000,0.403,2.015,0.107
186500,5.000,0.405,2.026,0.107
186700,5.000,0.405,2.026,0.107
186900,5.000,0.406,2.030,0.108
187100,5.000,0.404,2.019,0.108
187300,5.000,0.404,2.019,0.108
187500,5.000,0.404,2.019,0.108
187700,5.000,0.405,2.022,0.108
187900,5.000,0.405,2.022,0.108
188100,5.000,0.404,2.019,0.108
188300,5.000,0.404,2.019,0.108
188500,5.000,0.405,2.026,0.108
188700,5.000,0.405,2.026,0.109
188900,5.000,0.405,2.026,0.109
189100,5.000,0.404,2.019,0.109
189300,5.000,0.405,2.022,0.109
189500,5.000,0.405,2.022,0.109
189700,5.000,0.404,2.022,0.109
189900,5.000,0.404,2.022,0.109
190100,5.000,0.404,2.022,0.109
190300,5.000,0.405,2.026,0.110
190500,5.000,0.405,2.026,0.110
190700,5.000,0.405,2.026,0.110
190900,5.000,0.403,2.015,0.110
191100,5.000,0.405,2.026,0.110
191300,5.000,0.405,2.026,0.110
191500,5.000,0.405,2.026,0.110
191700,5.000,0.403,2.019,0.110
191900,5.000,0.404,2.019,0.110
192100,5.000,0.404,2.019,0.111
192300,5.000,0.405,2.022,0.111
192500,5.000,0.404,2.019,0.111
192700,5.000,0.404,2.019,0.111
192900,5.000,0.404,2.019,0.111
193100,5.000,0.405,2.022,0.111
193300,5.000,0.405,2.026,0.111
193500,5.000,0.403,2.015,0.111
193700,5.000,0.406,2.030,0.111
193900,5.000,0.406,2.030,0.112
194100,5.000,0.406,2.026,0.112
194300,5.000,0.403,2.011,0.112
194500,5.000,0.403,2.011,0.112
194700,5.000,0.405,2.022,0.112
194900,5.000,0.415,2.076,0.112
195100,5.000,0.404,2.022,0.112
195300,5.000,0.404,2.022,0.112
195500,5.000,0.404,2.019,0.113
195700,5.000,0.406,2.026,0.113
195900,5.000,0.405,2.022,0.113
196100,5.000,0.405,2.022,0.113
196300,5.000,0.403,2.015,0.113
196500,5.000,0.405,2.026,0.113
196700,5.000,0.405,2.026,0.113
196900,5.000,0.404,2.019,0.113
197100,5.000,0.404,2.019,0.113
197300,5.000,0.405,2.022,0.114
197500,5.000,0.405,2.026,0.114
197700,5.000,0.405,2.026,0.114
197900,5.000,0.404,2.022,0.114
198100,5.000,0.403,2.015,0.114
198300,5.000,0.405,2.026,0.114
198500,5.000,0.405,2.026,0.114
198700,5.000,0.406,2.026,0.114
198900,5.000,0.404,2.019,0.114
199100,5.000,0.404,2.022,0.115
199300,5.000,0.404,2.022,0.115
199500,5.000,0.404,2.022,0.115
199700,5.000,0.404,2.022,0.115
199900,5.000,0.404,2.022,0.115
200100,5.000,0.403,2.015,0.115
200300,5.000,0.405,2.026,0.115
200500,5.000,0.405,2.026,0.115
200700,5.000,0.403,2.019,0.116
200900,5.000,0.403,2.019,0.116
201100,5.000,0.405,2.026,0.116
201300,5.000,0.406,2.030,0.116
201500,5.000,0.404,2.019,0.116
201700,5.000,0.404,2.019,0.116
201900,5.000,0.405,2.022,0.116
202100,5.000,0.405,2.022,0.116
202300,5.000,0.405,2.026,0.116
202500,5.000,0.405,2.026,0.117
202700,5.000,0.404,2.019,0.117
202900,5.000,0.405,2.022,0.117
203100,5.000,0.405,2.022,0.117
203300,5.000,0.405,2.026,0.117
203500,5.000,0.405,2.026,0.117
203700,5.000,0.404,2.019,0.117
203900,5.000,0.405,2.026,0.117
204100,5.000,0.405,2.026,0.118
204300,5.000,0.405,2.022,0.118
204500,5.000,0.404,2.022,0.118
204700,5.000,0.405,2.026,0.118
204900,5.000,0.405,2.026,0.118
205100,5.000,0.405,2.026,0.118
205300,5.000,0.404,2.015,0.118
205500,5.000,0.404,2.015,0.118
205700,5.000,0.405,2.026,0.118
205900,5.000,0.405,2.026,0.119
206100,5.000,0.404,2.022,0.119
206300,5.000,0.404,2.022,0.119
206500,5.000,0.404,2.019,0.119
206700,5.000,0.405,2.026,0.119
206900,5.000,0.405,2.022,0.119
207100,5.000,0.405,2.022,0.119
207300,5.000,0.404,2.019,0.119
207500,5.000,0.406,2.026,0.119
207700,5.000,0.405,2.026,0.120
207900,5.000,0.404,2.022,0.120
208100,5.000,0.404,2.022,0.120
208300,5.000,0.404,2.022,0.120
208500,5.000,0.406,2.026,0.120
208700,5.000,0.406,2.026,0.120
208900,5.000,0.405,2.022,0.120
209100,5.000,0.404,2.022,0.120
209300,5.000,0.406,2.030,0.120
209500,5.000,0.406,2.030,0.121
209700,5.000,0.405,2.022,0.121
209900,5.000,0.404,2.019,0.121
210100,5.000,0.405,2.022,0.121
210300,5.000,0.405,2.022,0.121
210500,5.000,0.405,2.026,0.121
210700,5.000,0.404,2.019,0.121
210900,5.000,0.405,2.026,0.121
211100,5.000,0.405,2.026,0.122
211300,5.000,0.405,2.026,0.122
211500,5.000,0.405,2.022,0.122
211700,5.000,0.404,2.019,0.122
211900,5.000,0.404,2.019,0.122
212100,5.000,0.405,2.026,0.122
212300,5.000,0.406,2.026,0.122
212500,5.000,0.404,2.022,0.122
212700,5.000,0.404,2.022,0.122
212900,5.000,0.404,2.022,0.123
213100,5.000,0.405,2.022,0.123
213300,5.000,0.404,2.022,0.123
213500,5.000,0.404,2.022,0.123
213700,5.000,0.405,2.026,0.123
213900,5.000,0.406,2.030,0.123
214100,5.000,0.406,2.030,0.123
214300,5.000,0.405,2.015,0.123
214500,5.000,0.403,2.015,0.124
214700,5.000,0.405,2.022,0.124
214900,5.000,0.405,2.026,0.124
215100,5.000,0.405,2.026,0.124
215300,5.000,0.405,2.022,0.124
215500,5.000,0.404,2.022,0.124
215700,5.000,0.406,2.034,0.124
215900,5.000,0.406,2.034,0.124
216100,5.000,0.406,2.026,0.124
216300,5.000,0.404,2.019,0.125
216500,5.000,0.404,2.019,0.125
216700,5.000,0.405,2.026,0.125
216900,5.000,0.406,2.030,0.125
217100,5.000,0.404,2.022,0.125
217300,5.000,0.404,2.022,0.125
217500,5.000,0.405,2.026,0.125
217700,5.000,0.406,2.030,0.125
217900,5.000,0.405,2.026,0.125
218100,5.000,0.405,2.022,0.126
218300,5.000,0.405,2.022,0.126
218500,5.000,0.406,2.034,0.126
218700,5.000,0.405,2.026,0.126
218900,5.000,0.405,2.022,0.126
219100,5.000,0.405,2.022,0.126
219300,5.000,0.406,2.026,0.126
219500,5.000,0.406,2.030,0.126
219700,5.000,0.406,2.030,0.127
219900,5.000,0.405,2.026,0.127
220100,5.000,0.405,2.022,0.127
220300,5.000,0.406,2.030,0.127
220500,5.000,0.406,2.030,0.127
220700,5.000,0.405,2.026,0.127
220900,5.000,0.404,2.019,0.127
221100,5.000,0.406,2.026,0.127
221300,5.000,0.406,2.030,0.127
221500,5.000,0.406,2.030,0.128
221700,5.000,0.405,2.026,0.128
221900,5.000,0.405,2.022,0.128
222100,5.000,0.405,2.022,0.128
222300,5.000,0.405,2.022,0.128
222500,5.000,0.404,2.022,0.128
222700,5.000,0.404,2.019,0.128
222900,5.000,0.404,2.019,0.128
223100,5.000,0.405,2.026,0.128
223300,5.000,0.406,2.026,0.129
223500,5.000,0.404,2.019,0.129
223700,5.000,0.404,2.019,0.129
223900,5.000,0.405,2.022,0.129
224100,5.000,0.415,2.076,0.129
224300,5.000,0.404,2.022,0.129
224500,5.000,0.404,2.022,0.129
224700,5.000,0.404,2.019,0.129
224900,5.000,0.406,2.030,0.130
225100,5.000,0.405,2.026,0.130
225300,5.000,0.404,2.019,0.130
225500,5.000,0.404,2.019,0.130
225700,5.000,0.411,2.057,0.130
225900,5.000,0.423,2.114,0.130
226100,5.000,0.423,2.114,0.130
226300,5.000,0.404,2.019,0.130
226500,5.000,0.405,2.026,0.130
226700,5.000,0.405,2.026,0.131
226900,5.000,0.405,2.026,0.131
227100,5.000,0.404,2.019,0.131
227300,5.000,0.404,2.019,0.131
227500,5.000,0.404,2.019,0.131
227700,5.000,0.405,2.026,0.131
227900,5.000,0.405,2.022,0.131
228100,5.000,0.403,2.019,0.131
228300,5.000,0.405,2.026,0.132
228500,5.000,0.405,2.026,0.132
228700,5.000,0.406,2.030,0.132
228900,5.000,0.404,2.022,0.132
229100,5.000,0.404,2.019,0.132
229300,5.000,0.404,2.019,0.132
229500,5.000,0.406,2.026,0.132
229700,5.000,0.404,2.019,0.132
229900,5.000,0.404,2.019,0.132
230100,5.000,0.404,2.019,0.133
230300,5.000,0.405,2.026,0.133
230500,5.000,0.405,2.026,0.133
230700,5.000,0.405,2.026,0.133
230900,5.000,0.404,2.019,0.133
231100,5.000,0.404,2.019,0.133
231300,5.000,0.406,2.030,0.133
231500,5.000,0.406,2.030,0.133
231700,5.000,0.404,2.022,0.133
231900,5.000,0.404,2.019,0.134
232100,5.000,0.405,2.026,0.134
232300,5.000,0.405,2.026,0.134
232500,5.000,0.405,2.026,0.134
232700,5.000,0.404,2.019,0.134
232900,5.000,0.405,2.022,0.134
233100,5.000,0.405,2.022,0.134
233300,5.000,0.405,2.022,0.134
233500,5.000,0.406,2.030,0.134
233700,5.000,0.405,2.022,0.135
233900,5.000,0.405,2.022,0.135
234100,5.000,0.404,2.022,0.135
234300,5.000,0.405,2.022,0.135
234500,5.000,0.404,2.019,0.135
234700,5.000,0.404,2.019,0.135
234900,5.000,0.405,2.022,0.135
235100,5.000,0.405,2.026,0.135
235300,5.000,0.404,2.019,0.136
235500,5.000,0.405,2.022,0.136
235700,5.000,0.405,2.022,0.136
235900,5.000,0.405,2.026,0.136
236100,5.000,0.404,2.019,0.136
236300,5.000,0.404,2.019,0.136
236500,5.000,0.404,2.019,0.136
236700,5.000,0.405,2.026,0.136
236900,5.000,0.404,2.022,0.136
237100,5.000,0.404,2.022,0.137
237300,5.000,0.405,2.022,0.137
237500,5.000,0.405,2.022,0.137
237700,5.000,0.405,2.022,0.137
237900,5.000,0.405,2.022,0.137
238100,5.000,0.403,2.019,0.137
238300,5.000,0.406,2.030,0.137
238500,5.000,0.406,2.030,0.137
238700,5.000,0.404,2.022,0.138
238900,5.000,0.404,2.022,0.138
239100,5.000,0.404,2.022,0.138
239300,5.000,0.406,2.030,0.138
239500,5.000,0.406,2.030,0.138
239700,5.000,0.405,2.022,0.138
239900,5.000,0.403,2.015,0.138
240100,5.000,0.405,2.026,0.138
240300,5.000,0.405,2.026,0.138
240500,5.000,0.405,2.026,0.139
240700,5.000,0.404,2.022,0.139
240900,5.000,0.404,2.022,0.139
241100,5.000,0.404,2.022,0.139
241300,5.000,0.405,2.026,0.139
241500,5.000,0.405,2.022,0.139
241700,5.000,0.405,2.022,0.139
241900,5.000,0.404,2.019,0.139
242100,5.000,0.405,2.026,0.139
242300,5.000,0.405,2.026,0.140
242500,5.000,0.403,2.015,0.140
242700,5.000,0.403,2.015,0.140
242900,5.000,0.405,2.026,0.140
243100,5.000,0.406,2.030,0.140
243300,5.000,0.406,2.030,0.140
243500,5.000,0.406,2.030,0.140
243700,5.000,0.404,2.022,0.140
243900,5.000,0.405,2.022,0.141
244100,5.000,0.404,2.019,0.141
244300,5.000,0.404,2.019,0.141
244500,5.000,0.404,2.022,0.141
244700,5.000,0.405,2.026,0.141
244900,5.000,0.405,2.026,0.141
245100,5.000,0.406,2.026,0.141
245300,5.000,0.403,2.015,0.141
245500,5.000,0.405,2.022,0.141
245700,5.000,0.406,2.030,0.142
245900,5.000,0.406,2.030,0.142
246100,5.000,0.405,2.022,0.142
246300,5.000,0.405,2.022,0.142
246500,5.000,0.405,2.026,0.142
246700,5.000,0.405,2.026,0.142
246900,5.000,0.404,2.019,0.142
247100,5.000,0.404,2.019,0.142
247300,5.000,0.406,2.026,0.142
247500,5.000,0.406,2.026,0.143
247700,5.000,0.405,2.026,0.143
247900,5.000,0.404,2.019,0.143
248100,5.000,0.404,2.019,0.143
248300,5.000,0.406,2.030,0.143
248500,5.000,0.405,2.026,0.143
248700,5.000,0.404,2.019,0.143
248900,5.000,0.404,2.019,0.143
249100,5.000,0.404,2.019,0.143
249300,5.000,0.406,2.030,0.144
249500,5.000,0.405,2.022,0.144
249700,5.000,0.404,2.022,0.144
249900,5.000,0.404,2.022,0.144
250100,5.000,0.406,2.026,0.144
250300,5.000,0.405,2.026,0.144
250500,5.000,0.405,2.026,0.144
250700,5.000,0.403,2.019,0.144
250900,5.000,0.405,2.026,0.145
251100,5.000,0.406,2.030,0.145
251300,5.000,0.406,2.030,0.145
251500,5.000,0.404,2.019,0.145
251700,5.000,0.404,2.019,0.145
251900,5.000,0.405,2.026,0.145
252100,5.000,0.405,2.026,0.145
252300,5.000,0.404,2.022,0.145
252500,5.000,0.403,2.015,0.145
252700,5.000,0.406,2.030,0.146
252900,5.000,0.405,2.026,0.146
253100,5.000,0.405,2.026,0.146
253300,5.000,0.405,2.026,0.146
253500,5.000,0.405,2.026,0.146
253700,5.000,0.405,2.026,0.146
253900,5.000,0.405,2.026,0.146
254100,5.000,0.404,2.019,0.146
254300,5.000,0.404,2.019,0.147
254500,5.000,0.404,2.019,0.147
254700,5.000,0.405,2.026,0.147
254900,5.000,0.405,2.026,0.147
255100,5.000,0.403,2.015,0.147
255300,5.000,0.403,2.015,0.147
255500,5.000,0.404,2.022,0.147
255700,5.000,0.406,2.030,0.147
255900,5.000,0.406,2.030,0.147
256100,5.000,0.404,2.019,0.148
256300,5.000,0.405,2.022,0.148
256500,5.000,0.405,2.026,0.148
256700,5.000,0.405,2.026,0.148
256900,5.000,0.405,2.026,0.148
257100,5.000,0.404,2.019,0.148
257300,5.000,0.405,2.026,0.148
257500,5.000,0.406,2.026,0.148
257700,5.000,0.406,2.026,0.148
257900,5.000,0.404,2.019,0.149
258100,5.000,0.405,2.022,0.149
258300,5.000,0.405,2.026,0.149
258500,5.000,0.405,2.026,0.149
258700,5.000,0.405,2.022,0.149
258900,5.000,0.404,2.019,0.149
259100,5.000,0.404,2.019,0.149
259300,5.000,0.405,2.026,0.149
259500,5.000,0.405,2.026,0.150
259700,5.000,0.403,2.019,0.150
259900,5.000,0.405,2.026,0.150
260100,5.000,0.405,2.026,0.150
260300,5.000,0.405,2.026,0.150
260500,5.000,0.405,2.022,0.150
260700,5.000,0.404,2.022,0.150
260900,5.000,0.404,2.022,0.150
261100,5.000,0.405,2.022,0.150
261300,5.000,0.405,2.022,0.151
261500,5.000,0.405,2.022,0.151
261700,5.000,0.405,2.022,0.151
261900,5.000,0.405,2.026,0.151
262100,5.000,0.405,2.026,0.151
262300,5.000,0.405,2.026,0.151
262500,5.000,0.404,2.015,0.151
262700,5.000,0.405,2.022,0.151
262900,5.000,0.405,2.022,0.151
263100,5.000,0.405,2.022,0.152
263300,5.000,0.406,2.030,0.152
263500,5.000,0.405,2.026,0.152
263700,5.000,0.405,2.026,0.152
263900,5.000,0.405,2.026,0.152
264100,5.000,0.405,2.026,0.152
264300,5.000,0.403,2.019,0.152
264500,5.000,0.405,2.026,0.152
264700,5.000,0.405,2.026,0.153
264900,5.000,0.406,2.030,0.153
265100,5.000,0.404,2.019,0.153
265300,5.000,0.405,2.022,0.153
265500,5.000,0.405,2.022,0.153
265700,5.000,0.405,2.026,0.153
265900,5.000,0.405,2.022,0.153
266100,5.000,0.404,2.019,0.153
266300,5.000,0.404,2.019,0.153
266500,5.000,0.405,2.026,0.154
266700,5.000,0.406,2.030,0.154
266900,5.000,0.405,2.022,0.154
267100,5.000,0.405,2.022,0.154
267300,5.000,0.405,2.022,0.154
267500,5.000,0.405,2.026,0.154
267700,5.000,0.404,2.022,0.154
267900,5.000,0.404,2.022,0.154
268100,5.000,0.405,2.022,0.155
268300,5.000,0.406,2.030,0.155
268500,5.000,0.405,2.026,0.155
268700,5.000,0.405,2.026,0.155
268900,5.000,0.403,2.019,0.155
269100,5.000,0.405,2.026,0.155
269300,5.000,0.405,2.026,0.155
269500,5.000,0.405,2.026,0.155
269700,5.000,0.404,2.019,0.155
269900,5.000,0.404,2.019,0.156
270100,5.000,0.404,2.019,0.156
270300,5.000,0.406,2.026,0.156
270500,5.000,0.405,2.026,0.156
270700,5.000,0.404,2.019,0.156
270900,5.000,0.405,2.022,0.156
271100,5.000,0.405,2.022,0.156
271300,5.000,0.406,2.026,0.156
271500,5.000,0.404,2.019,0.156
271700,5.000,0.404,2.022,0.157
271900,5.000,0.404,2.022,0.157
272100,5.000,0.405,2.026,0.157
272300,5.000,0.405,2.022,0.157
272500,5.000,0.405,2.022,0.157
272700,5.000,0.404,2.022,0.157
272900,5.000,0.405,2.026,0.157
273100,5.000,0.407,2.038,0.157
273300,5.000,0.407,2.038,0.157
273500,5.000,0.403,2.019,0.158
273700,5.000,0.405,2.026,0.158
273900,5.000,0.405,2.026,0.158
274100,5.000,0.405,2.026,0.158
274300,5.000,0.405,2.026,0.158
274500,5.000,0.404,2.019,0.158
274700,5.000,0.405,2.026,0.158
274900,5.000,0.405,2.022,0.158
275100,5.000,0.405,2.022,0.159
275300,5.000,0.404,2.022,0.159
275500,5.000,0.406,2.026,0.159
275700,5.000,0.406,2.026,0.159
275900,5.000,0.405,2.026,0.159
276100,5.000,0.404,2.019,0.159
276300,5.000,0.405,2.026,0.159
276500,5.000,0.405,2.026,0.159
276700,5.000,0.406,2.030,0.159
276900,5.000,0.404,2.022,0.160
277100,5.000,0.405,2.022,0.160
277300,5.000,0.406,2.030,0.160
277500,5.000,0.406,2.030,0.160
