300,5.000,0.578,2.885,0.000
500,5.000,0.619,3.087,0.000
700,5.000,0.612,3.057,0.000
900,5.000,0.624,3.118,0.000
1100,5.000,0.624,3.118,0.000
1300,5.000,0.632,3.156,0.001
1500,5.000,0.626,3.126,0.001
1700,5.000,0.631,3.148,0.001
1900,5.000,0.631,3.148,0.001
2100,5.000,0.634,3.164,0.001
2300,5.000,0.620,3.099,0.001
2500,5.000,0.620,3.099,0.002
2700,5.000,0.620,3.095,0.002
2900,5.000,0.631,3.148,0.002
3100,5.000,0.611,3.053,0.002
3300,5.000,0.611,3.053,0.002
3500,5.000,0.617,3.080,0.002
3700,5.000,0.618,3.087,0.003
3900,5.000,0.600,3.000,0.003
4100,5.000,0.612,3.061,0.003
4300,5.000,0.612,3.061,0.003
4500,5.000,0.615,3.072,0.003
4700,5.000,0.595,2.973,0.004
4900,5.000,0.595,3.057,0.004
5100,5.000,0.612,3.057,0.004
5300,5.000,0.593,2.961,0.004
5500,5.000,0.592,2.958,0.004
5700,5.000,0.592,2.958,0.004
5900,5.000,0.609,3.038,0.005
6100,5.000,0.591,2.954,0.005
6300,5.000,0.589,2.942,0.005
6500,5.000,0.589,2.942,0.005
6700,5.000,0.609,3.042,0.005
6900,5.000,0.591,2.950,0.005
7100,5.000,0.592,2.958,0.006
7300,5.000,0.611,3.049,0.006
7500,5.000,0.611,3.049,0.006
7700,5.000,0.591,2.950,0.006
7900,5.000,0.590,2.946,0.006
8100,5.000,0.590,2.946,0.006
8300,5.000,0.606,3.026,0.007
8500,5.000,0.593,2.961,0.007
8700,5.000,0.595,2.969,0.007
8900,5.000,0.595,2.969,0.007
9100,5.000,0.606,3.026,0.007
9300,5.000,0.591,2.950,0.007
9500,5.000,0.588,2.935,0.008
9700,5.000,0.588,2.935,0.008
9900,5.000,0.608,3.034,0.008
10100,5.000,0.589,2.942,0.008
10300,5.000,0.589,2.942,0.008
10500,5.000,0.590,2.946,0.008
10700,5.000,0.614,3.068,0.009
10900,5.000,0.591,2.950,0.009
11100,5.000,0.597,2.984,0.009
11300,5.000,0.597,2.984,0.009
11500,5.000,0.605,3.019,0.009
11700,5.000,0.591,2.950,0.009
11900,5.000,0.597,2.980,0.010
12100,5.000,0.597,2.980,0.010
12300,5.000,0.607,3.030,0.010
12500,5.000,0.595,2.969,0.010
12700,5.000,0.601,3.003,0.010
12900,5.000,0.601,3.003,0.010
13100,5.000,0.598,2.988,0.011
13300,5.000,0.590,2.950,0.011
13500,5.000,0.590,2.950,0.011
13700,5.000,0.597,2.980,0.011
13900,5.000,0.604,3.015,0.011
14100,5.000,0.593,2.961,0.012
14300,5.000,0.599,2.992,0.012
14500,5.000,0.599,2.992,0.012
14700,5.000,0.607,3.030,0.012
14900,5.000,0.589,2.938,0.012
15100,5.000,0.604,3.019,0.012
15300,5.000,0.604,3.019,0.013
15500,5.000,0.598,2.988,0.013
15700,5.000,0.593,2.961,0.013
15900,5.000,0.593,2.961,0.013
16100,5.000,0.606,3.026,0.013
16300,5.000,0.594,2.965,0.013
16500,5.000,0.589,2.938,0.014
16700,5.000,0.589,2.938,0.014
16900,5.000,0.601,3.000,0.014
17100,5.000,0.595,2.973,0.014
17300,5.000,0.590,2.946,0.014
17500,5.000,0.590,2.946,0.014
17700,5.000,0.606,3.026,0.015
17900,5.000,0.598,2.988,0.015
18100,5.000,0.594,2.969,0.015
18300,5.000,0.603,3.011,0.015
18500,5.000,0.603,3.011,0.015
18700,5.000,0.592,2.958,0.015
18900,5.000,0.589,2.938,0.016
19100,5.000,0.589,2.938,0.016
19300,5.000,0.613,3.061,0.016
19500,5.000,0.593,2.961,0.016
19700,5.000,0.590,2.946,0.016
19900,5.000,0.590,2.946,0.016
20100,5.000,0.610,3.045,0.017
20300,5.000,0.591,2.950,0.017
20500,5.000,0.591,2.950,0.017
20700,5.000,0.591,2.950,0.017
20900,5.000,0.610,3.045,0.017
21100,5.000,0.595,2.973,0.018
21300,5.000,0.591,2.950,0.018
21500,5.000,0.614,3.061,0.018
21700,5.000,0.614,3.061,0.018
21900,5.000,0.591,2.950,0.018
22100,5.000,0.592,2.954,0.018
22300,5.000,0.592,2.954,0.019
22500,5.000,0.610,3.049,0.019
22700,5.000,0.593,2.961,0.019
22900,5.000,0.599,2.992,0.019
23100,5.000,0.599,2.992,0.019
23300,5.000,0.603,3.011,0.019
23500,5.000,0.593,2.961,0.020
23700,5.000,0.590,2.946,0.020
23900,5.000,0.590,2.946,0.020
24100,5.000,0.606,3.026,0.020
24300,5.000,0.591,2.950,0.020
24500,5.000,0.591,2.950,0.020
24700,5.000,0.608,3.034,0.021
24900,5.000,0.608,3.034,0.021
25100,5.000,0.594,2.969,0.021
25300,5.000,0.593,2.965,0.021
25500,5.000,0.593,2.965,0.021
25700,5.000,0.602,3.007,0.021
25900,5.000,0.590,2.950,0.022
26100,5.000,0.600,3.000,0.022
26300,5.000,0.600,3.000,0.022
26500,5.000,0.602,3.007,0.022
26700,5.000,0.592,2.954,0.022
26900,5.000,0.592,2.954,0.022
27100,5.000,0.605,3.022,0.023
27300,5.000,0.593,2.961,0.023
27500,5.000,0.592,2.954,0.023
27700,5.000,0.592,2.954,0.023
27900,5.000,0.599,2.988,0.023
28100,5.000,0.608,3.038,0.024
28300,5.000,0.591,2.954,0.024
28500,5.000,0.603,3.011,0.024
28700,5.000,0.603,3.011,0.024
28900,5.000,0.599,2.992,0.024
29100,5.000,0.592,2.958,0.024
29300,5.000,0.606,3.026,0.025
29500,5.000,0.606,3.026,0.025
29700,5.000,0.600,3.000,0.025
29900,5.000,0.592,2.958,0.025
30100,5.000,0.592,2.958,0.025
30300,5.000,0.609,3.038,0.025
30500,5.000,0.593,2.958,0.026
30700,5.000,0.590,2.946,0.026
30900,5.000,0.590,2.946,0.026
31100,5.000,0.601,3.003,0.026
31300,5.000,0.598,2.984,0.026
31500,5.000,0.595,2.973,0.026
31700,5.000,0.602,3.007,0.027
31900,5.000,0.602,3.007,0.027
32100,5.000,0.600,2.996,0.027
32300,5.000,0.588,2.938,0.027
32500,5.000,0.610,3.049,0.027
32700,5.000,0.610,3.049,0.027
32900,5.000,0.588,2.938,0.028
33100,5.000,0.593,2.958,0.028
33300,5.000,0.593,2.958,0.028
33500,5.000,0.608,3.034,0.028
33700,5.000,0.591,2.954,0.028
33900,5.000,0.591,2.950,0.028
34100,5.000,0.591,2.950,0.029
34300,5.000,0.606,3.022,0.029
34500,5.000,0.592,2.958,0.029
34700,5.000,0.592,2.954,0.029
34900,5.000,0.592,2.954,0.029
35100,5.000,0.614,3.064,0.029
35300,5.000,0.589,2.942,0.030
35500,5.000,0.594,2.969,0.030
35700,5.000,0.608,3.038,0.030
35900,5.000,0.608,3.038,0.030
36100,5.000,0.592,2.954,0.030
36300,5.000,0.593,2.961,0.030
36500,5.000,0.593,2.961,0.031
36700,5.000,0.614,3.064,0.031
36900,5.000,0.592,2.954,0.031
37100,5.000,0.596,2.977,0.031
37300,5.000,0.596,2.977,0.031
37500,5.000,0.603,3.011,0.031
37700,5.000,0.591,2.954,0.032
37900,5.000,0.591,2.954,0.032
38100,5.000,0.592,2.954,0.032
38300,5.000,0.606,3.026,0.032
38500,5.000,0.595,2.973,0.032
38700,5.000,0.593,2.958,0.033
38900,5.000,0.593,2.958,0.033
39100,5.000,0.611,3.049,0.033
39300,5.000,0.588,2.935,0.033
39500,5.000,0.598,2.984,0.033
39700,5.000,0.598,2.984,0.033
39900,5.000,0.603,3.007,0.034
40100,5.000,0.593,2.961,0.034
40300,5.000,0.598,2.984,0.034
40500,5.000,0.598,2.984,0.034
40700,5.000,0.599,2.988,0.034
40900,5.000,0.591,2.950,0.034
41100,5.000,0.591,2.950,0.035
41300,5.000,0.594,2.969,0.035
41500,5.000,0.603,3.011,0.035
41700,5.000,0.592,2.958,0.035
41900,5.000,0.592,2.958,0.035
42100,5.000,0.603,3.011,0.035
42300,5.000,0.601,3.000,0.036
42500,5.000,0.594,2.969,0.036
42700,5.000,0.601,3.003,0.036
42900,5.000,0.601,3.003,0.036
43100,5.000,0.597,2.984,0.036
43300,5.000,0.593,2.961,0.036
43500,5.000,0.609,3.042,0.037
43700,5.000,0.609,3.042,0.037
43900,5.000,0.596,2.977,0.037
44100,5.000,0.592,2.954,0.037
44300,5.000,0.592,2.954,0.037
44500,5.000,0.609,3.042,0.037
44700,5.000,0.590,2.950,0.038
44900,5.000,0.591,2.954,0.038
45100,5.000,0.591,2.954,0.038
45300,5.000,0.605,3.019,0.038
45500,5.000,0.603,3.015,0.038
45700,5.000,0.586,2.927,0.039
45900,5.000,0.607,3.030,0.039
46100,5.000,0.607,3.030,0.039
46300,5.000,0.596,2.973,0.039
46500,5.000,0.595,2.969,0.039
46700,5.000,0.598,2.984,0.039
46900,5.000,0.598,2.984,0.040
47100,5.000,0.594,2.965,0.040
47300,5.000,0.593,2.958,0.040
47500,5.000,0.593,2.958,0.040
47700,5.000,0.611,3.049,0.040
47900,5.000,0.593,2.961,0.040
48100,5.000,0.594,2.965,0.041
48300,5.000,0.594,2.965,0.041
48500,5.000,0.610,3.042,0.041
48700,5.000,0.595,2.969,0.041
48900,5.000,0.590,2.946,0.041
49100,5.000,0.609,3.038,0.041
49300,5.000,0.609,3.038,0.042
49500,5.000,0.594,2.965,0.042
49700,5.000,0.592,2.958,0.042
49900,5.000,0.592,2.958,0.042
50100,5.000,0.613,3.061,0.042
50300,5.000,0.590,2.946,0.042
50500,5.000,0.592,2.954,0.043
50700,5.000,0.592,2.954,0.043
50900,5.000,0.610,3.049,0.043
51100,5.000,0.594,2.965,0.043
51300,5.000,0.592,2.958,0.043
51500,5.000,0.592,2.958,0.043
51700,5.000,0.612,3.057,0.044
51900,5.000,0.593,2.958,0.044
52100,5.000,0.593,2.958,0.044
52300,5.000,0.609,3.038,0.044
52500,5.000,0.609,3.038,0.044
52700,5.000,0.588,2.938,0.044
52900,5.000,0.592,2.958,0.045
53100,5.000,0.592,2.958,0.045
53300,5.000,0.610,3.045,0.045
53500,5.000,0.593,2.961,0.045
53700,5.000,0.593,2.961,0.045
53900,5.000,0.593,2.961,0.045
54100,5.000,0.603,3.011,0.046
54300,5.000,0.593,2.958,0.046
54500,5.000,0.599,2.988,0.046
54700,5.000,0.599,2.988,0.046
54900,5.000,0.605,3.019,0.046
55100,5.000,0.591,2.950,0.046
55300,5.000,0.591,2.950,0.047
55500,5.000,0.598,2.988,0.047
55700,5.000,0.605,3.019,0.047
55900,5.000,0.589,2.938,0.047
56100,5.000,0.597,2.980,0.047
56300,5.000,0.597,2.980,0.048
56500,5.000,0.605,3.022,0.048
56700,5.000,0.590,2.946,0.048
56900,5.000,0.605,3.022,0.048
57100,5.000,0.605,3.022,0.048
57300,5.000,0.598,2.984,0.048
57500,5.000,0.591,2.954,0.049
57700,5.000,0.606,3.026,0.049
57900,5.000,0.606,3.026,0.049
58100,5.000,0.601,3.000,0.049
58300,5.000,0.591,2.954,0.049
58500,5.000,0.591,2.954,0.049
58700,5.000,0.601,3.003,0.050
58900,5.000,0.603,3.015,0.050
59100,5.000,0.591,2.954,0.050
59300,5.000,0.602,3.007,0.050
59500,5.000,0.602,3.007,0.050
59700,5.000,0.595,2.973,0.050
59900,5.000,0.590,2.946,0.051
60100,5.000,0.604,3.019,0.051
60300,5.000,0.604,3.019,0.051
60500,5.000,0.599,2.992,0.051
60700,5.000,0.589,2.942,0.051
60900,5.000,0.589,2.942,0.051
61100,5.000,0.608,3.034,0.052
61300,5.000,0.593,2.958,0.052
61500,5.000,0.589,2.942,0.052
61700,5.000,0.589,2.942,0.052
61900,5.000,0.607,3.030,0.052
62100,5.000,0.596,2.977,0.052
62300,5.000,0.594,2.965,0.053
62500,5.000,0.594,2.965,0.053
62700,5.000,0.604,3.015,0.053
62900,5.000,0.593,2.961,0.053
63100,5.000,0.590,2.950,0.053
63300,5.000,0.611,3.049,0.054
63500,5.000,0.611,3.049,0.054
63700,5.000,0.592,2.958,0.054
63900,5.000,0.594,2.969,0.054
64100,5.000,0.594,2.969,0.054
64300,5.000,0.608,3.034,0.054
64500,5.000,0.591,2.950,0.055
64700,5.000,0.593,2.961,0.055
64900,5.000,0.593,2.961,0.055
65100,5.000,0.614,3.068,0.055
65300,5.000,0.592,2.954,0.055
65500,5.000,0.593,2.958,0.055
65700,5.000,0.593,2.958,0.056
65900,5.000,0.610,3.045,0.056
66100,5.000,0.591,2.954,0.056
66300,5.000,0.590,2.946,0.056
66500,5.000,0.607,3.030,0.056
66700,5.000,0.607,3.030,0.056
66900,5.000,0.595,2.969,0.057
67100,5.000,0.592,2.958,0.057
67300,5.000,0.592,2.958,0.057
67500,5.000,0.610,3.045,0.057
67700,5.000,0.590,2.946,0.057
67900,5.000,0.594,2.969,0.057
68100,5.000,0.594,2.969,0.058
68300,5.000,0.606,3.022,0.058
68500,5.000,0.591,2.954,0.058
68700,5.000,0.592,2.958,0.058
68900,5.000,0.592,2.958,0.058
69100,5.000,0.611,3.053,0.058
69300,5.000,0.591,2.954,0.059
69500,5.000,0.591,2.954,0.059
69700,5.000,0.596,2.977,0.059
69900,5.000,0.602,3.011,0.059
70100,5.000,0.591,2.954,0.059
70300,5.000,0.595,2.969,0.059
70500,5.000,0.595,2.969,0.060
70700,5.000,0.606,3.026,0.060
70900,5.000,0.594,2.969,0.060
71100,5.000,0.601,2.996,0.060
71300,5.000,0.601,2.996,0.060
71500,5.000,0.598,2.988,0.060
71700,5.000,0.592,2.958,0.061
71900,5.000,0.592,2.958,0.061
72100,5.000,0.609,3.038,0.061
72300,5.000,0.598,2.984,0.061
72500,5.000,0.594,2.969,0.061
72700,5.000,0.594,2.969,0.061
72900,5.000,0.602,3.003,0.062
73100,5.000,0.607,3.034,0.062
73300,5.000,0.591,2.950,0.062
73500,5.000,0.604,3.015,0.062
73700,5.000,0.604,3.015,0.062
73900,5.000,0.600,2.996,0.063
74100,5.000,0.593,2.958,0.063
74300,5.000,0.609,3.042,0.063
74500,5.000,0.609,3.042,0.063
74700,5.000,0.595,2.969,0.063
74900,5.000,0.594,2.969,0.063
75100,5.000,0.594,2.969,0.064
75300,5.000,0.610,3.045,0.064
75500,5.000,0.592,2.958,0.064
75700,5.000,0.591,2.950,0.064
75900,5.000,0.591,2.950,0.064
76100,5.000,0.603,3.011,0.064
76300,5.000,0.598,2.988,0.065
76500,5.000,0.591,2.950,0.065
76700,5.000,0.608,3.038,0.065
76900,5.000,0.608,3.038,0.065
77100,5.000,0.591,2.950,0.065
77300,5.000,0.590,2.942,0.065
77500,5.000,0.612,3.057,0.066
77700,5.000,0.612,3.057,0.066
77900,5.000,0.592,2.954,0.066
78100,5.000,0.590,2.946,0.066
78300,5.000,0.590,2.946,0.066
78500,5.000,0.610,3.045,0.066
78700,5.000,0.592,2.954,0.067
78900,5.000,0.599,2.992,0.067
79100,5.000,0.599,2.992,0.067
79300,5.000,0.608,3.034,0.067
79500,5.000,0.596,2.977,0.067
79700,5.000,0.592,2.954,0.067
79900,5.000,0.592,2.954,0.068
80100,5.000,0.608,3.038,0.068
80300,5.000,0.591,2.954,0.068
80500,5.000,0.592,2.954,0.068
80700,5.000,0.592,2.954,0.068
80900,5.000,0.612,3.053,0.069
81100,5.000,0.593,2.961,0.069
81300,5.000,0.599,2.992,0.069
81500,5.000,0.599,2.992,0.069
81700,5.000,0.603,3.007,0.069
81900,5.000,0.592,2.958,0.069
82100,5.000,0.599,2.992,0.070
82300,5.000,0.599,2.992,0.070
82500,5.000,0.606,3.026,0.070
82700,5.000,0.593,2.961,0.070
82900,5.000,0.593,2.961,0.070
83100,5.000,0.596,2.977,0.070
83300,5.000,0.606,3.022,0.071
83500,5.000,0.591,2.950,0.071
83700,5.000,0.593,2.961,0.071
83900,5.000,0.593,2.961,0.071
84100,5.000,0.603,3.007,0.071
84300,5.000,0.591,2.954,0.071
84500,5.000,0.600,2.992,0.072
84700,5.000,0.600,2.992,0.072
84900,5.000,0.601,3.000,0.072
85100,5.000,0.591,2.950,0.072
85300,5.000,0.603,3.011,0.072
85500,5.000,0.603,3.011,0.072
85700,5.000,0.598,2.984,0.073
85900,5.000,0.595,2.973,0.073
86100,5.000,0.595,2.973,0.073
86300,5.000,0.597,2.980,0.073
86500,5.000,0.608,3.038,0.073
86700,5.000,0.590,2.946,0.073
86900,5.000,0.590,2.946,0.074
87100,5.000,0.602,3.007,0.074
87300,5.000,0.597,2.980,0.074
87500,5.000,0.590,2.950,0.074
87700,5.000,0.606,3.026,0.074
87900,5.000,0.606,3.026,0.075
88100,5.000,0.600,3.000,0.075
88300,5.000,0.593,2.965,0.075
88500,5.000,0.607,3.030,0.075
88700,5.000,0.607,3.030,0.075
88900,5.000,0.594,2.965,0.075
89100,5.000,0.592,2.958,0.076
89300,5.000,0.592,2.958,0.076
89500,5.000,0.615,3.068,0.076
89700,5.000,0.590,2.946,0.076
89900,5.000,0.595,2.973,0.076
90100,5.000,0.595,2.973,0.076
90300,5.000,0.604,3.015,0.077
90500,5.000,0.593,2.961,0.077
90700,5.000,0.588,2.935,0.077
90900,5.000,0.611,3.053,0.077
91100,5.000,0.611,3.053,0.077
91300,5.000,0.588,2.938,0.077
91500,5.000,0.592,2.958,0.078
91700,5.000,0.592,2.958,0.078
91900,5.000,0.608,3.034,0.078
92100,5.000,0.590,2.946,0.078
92300,5.000,0.591,2.950,0.078
92500,5.000,0.591,2.950,0.078
92700,5.000,0.608,3.038,0.079
92900,5.000,0.597,2.980,0.079
93100,5.000,0.590,2.946,0.079
93300,5.000,0.590,2.946,0.079
93500,5.000,0.615,3.068,0.079
93700,5.000,0.590,2.946,0.079
93900,5.000,0.590,2.946,0.080
94100,5.000,0.591,2.954,0.080
94300,5.000,0.609,3.042,0.080
94500,5.000,0.592,2.958,0.080
94700,5.000,0.594,2.965,0.080
94900,5.000,0.594,2.965,0.080
95100,5.000,0.613,3.064,0.081
95300,5.000,0.588,2.935,0.081
95500,5.000,0.596,2.973,0.081
95700,5.000,0.596,2.973,0.081
95900,5.000,0.605,3.022,0.081
96100,5.000,0.594,2.965,0.081
96300,5.000,0.604,3.019,0.082
96500,5.000,0.604,3.019,0.082
96700,5.000,0.599,2.992,0.082
96900,5.000,0.596,2.977,0.082
97100,5.000,0.596,2.977,0.082
97300,5.000,0.594,2.965,0.082
97500,5.000,0.603,3.015,0.083
97700,5.000,0.588,2.935,0.083
97900,5.000,0.597,2.980,0.083
98100,5.000,0.597,2.980,0.083
98300,5.000,0.603,3.011,0.083
98500,5.000,0.592,2.958,0.084
98700,5.000,0.599,2.992,0.084
98900,5.000,0.599,2.992,0.084
99100,5.000,0.599,2.992,0.084
99300,5.000,0.591,2.954,0.084
99500,5.000,0.604,3.015,0.084
99700,5.000,0.604,3.015,0.085
99900,5.000,0.600,2.996,0.085
100100,5.000,0.588,2.938,0.085
100300,5.000,0.588,2.938,0.085
100500,5.000,0.605,3.019,0.085
100700,5.000,0.602,3.007,0.085
100900,5.000,0.591,2.954,0.086
101100,5.000,0.591,2.954,0.086
101300,5.000,0.604,3.019,0.086
101500,5.000,0.598,2.984,0.086
101700,5.000,0.593,2.961,0.086
101900,5.000,0.608,3.034,0.086
102100,5.000,0.608,3.034,0.087
102300,5.000,0.607,3.026,0.087
102500,5.000,0.590,2.946,0.087
102700,5.000,0.590,2.946,0.087
102900,5.000,0.611,3.049,0.087
103100,5.000,0.593,2.961,0.087
103300,5.000,0.594,2.969,0.088
103500,5.000,0.594,2.969,0.088
103700,5.000,0.608,3.038,0.088
103900,5.000,0.604,3.015,0.088
104100,5.000,0.588,2.938,0.088
104300,5.000,0.588,2.938,0.088
104500,5.000,0.609,3.042,0.089
104700,5.000,0.590,2.946,0.089
104900,5.000,0.594,2.965,0.089
105100,5.000,0.604,3.019,0.089
105300,5.000,0.604,3.019,0.089
105500,5.000,0.594,2.965,0.090
105700,5.000,0.592,2.958,0.090
105900,5.000,0.592,2.958,0.090
106100,5.000,0.607,3.030,0.090
106300,5.000,0.591,2.954,0.090
106500,5.000,0.589,2.942,0.090
106700,5.000,0.589,2.942,0.091
106900,5.000,0.614,3.064,0.091
107100,5.000,0.587,2.931,0.091
107300,5.000,0.594,2.965,0.091
107500,5.000,0.594,2.965,0.091
107700,5.000,0.612,3.053,0.091
107900,5.000,0.593,2.958,0.092
108100,5.000,0.590,2.946,0.092
108300,5.000,0.609,3.038,0.092
108500,5.000,0.609,3.038,0.092
108700,5.000,0.593,2.961,0.092
108900,5.000,0.595,2.969,0.092
109100,5.000,0.595,2.969,0.093
109300,5.000,0.611,3.053,0.093
109500,5.000,0.590,2.946,0.093
109700,5.000,0.595,2.973,0.093
109900,5.000,0.595,2.973,0.093
110100,5.000,0.606,3.022,0.093
110300,5.000,0.594,2.969,0.094
110500,5.000,0.593,2.961,0.094
110700,5.000,0.593,2.961,0.094
110900,5.000,0.615,3.068,0.094
111100,5.000,0.591,2.946,0.094
111300,5.000,0.591,2.946,0.094
111500,5.000,0.597,2.984,0.095
111700,5.000,0.599,2.992,0.095
111900,5.000,0.590,2.950,0.095
112100,5.000,0.593,2.961,0.095
112300,5.000,0.593,2.961,0.095
112500,5.000,0.607,3.034,0.096
112700,5.000,0.594,2.965,0.096
112900,5.000,0.599,2.988,0.096
113100,5.000,0.599,2.988,0.096
113300,5.000,0.596,2.977,0.096
113500,5.000,0.591,2.950,0.096
113700,5.000,0.591,2.950,0.096
113900,5.000,0.608,3.034,0.097
114100,5.000,0.594,2.965,0.097
114300,5.000,0.594,2.965,0.097
114500,5.000,0.594,2.965,0.097
114700,5.000,0.603,3.015,0.097
114900,5.000,0.600,2.992,0.097
115100,5.000,0.591,2.950,0.098
115300,5.000,0.606,3.026,0.098
115500,5.000,0.606,3.026,0.098
115700,5.000,0.598,2.988,0.098
115900,5.000,0.592,2.958,0.098
116100,5.000,0.607,3.030,0.099
116300,5.000,0.607,3.030,0.099
116500,5.000,0.595,2.973,0.099
116700,5.000,0.590,2.946,0.099
116900,5.000,0.590,2.946,0.099
117100,5.000,0.611,3.053,0.099
117300,5.000,0.594,2.965,0.100
117500,5.000,0.592,2.954,0.100
117700,5.000,0.592,2.954,0.100
117900,5.000,0.610,3.045,0.100
118100,5.000,0.596,2.977,0.100
118300,5.000,0.592,2.954,0.100
118500,5.000,0.592,2.954,0.101
118700,5.000,0.605,3.019,0.101
118900,5.000,0.595,2.973,0.101
119100,5.000,0.592,2.958,0.101
119300,5.000,0.610,3.045,0.101
119500,5.000,0.610,3.045,0.101
119700,5.000,0.592,2.958,0.102
119900,5.000,0.588,2.938,0.102
120100,5.000,0.588,2.938,0.102
120300,5.000,0.608,3.034,0.102
120500,5.000,0.589,2.942,0.102
120700,5.000,0.598,2.984,0.102
120900,5.000,0.598,2.984,0.103
121100,5.000,0.604,3.019,0.103
121300,5.000,0.594,2.965,0.103
121500,5.000,0.592,2.958,0.103
121700,5.000,0.592,2.958,0.103
121900,5.000,0.605,3.022,0.103
122100,5.000,0.591,2.950,0.104
122300,5.000,0.594,2.965,0.104
122500,5.000,0.610,3.042,0.104
122700,5.000,0.610,3.042,0.104
122900,5.000,0.593,2.961,0.104
123100,5.000,0.598,2.984,0.105
123300,5.000,0.598,2.984,0.105
123500,5.000,0.604,3.015,0.105
123700,5.000,0.590,2.946,0.105
123900,5.000,0.599,2.992,0.105
124100,5.000,0.599,2.992,0.105
124300,5.000,0.609,3.042,0.106
124500,5.000,0.586,2.927,0.106
124700,5.000,0.586,2.927,0.106
124900,5.000,0.598,2.984,0.106
125100,5.000,0.608,3.034,0.106
125300,5.000,0.593,2.961,0.106
125500,5.000,0.593,2.961,0.107
125700,5.000,0.594,2.969,0.107
125900,5.000,0.605,3.019,0.107
126100,5.000,0.593,2.961,0.107
126300,5.000,0.598,2.984,0.107
126500,5.000,0.598,2.984,0.107
126700,5.000,0.602,3.007,0.108
126900,5.000,0.589,2.942,0.108
127100,5.000,0.603,3.011,0.108
127300,5.000,0.603,3.011,0.108
127500,5.000,0.595,2.969,0.108
127700,5.000,0.594,2.969,0.108
127900,5.000,0.594,2.969,0.109
128100,5.000,0.605,3.022,0.109
128300,5.000,0.598,2.988,0.109
128500,5.000,0.592,2.958,0.109
128700,5.000,0.592,2.958,0.109
128900,5.000,0.599,2.992,0.109
129100,5.000,0.597,2.980,0.110
129300,5.000,0.592,2.954,0.110
129500,5.000,0.603,3.015,0.110
129700,5.000,0.603,3.015,0.110
129900,5.000,0.600,2.996,0.110
130100,5.000,0.598,2.984,0.111
130300,5.000,0.607,3.026,0.111
130500,5.000,0.607,3.026,0.111
130700,5.000,0.592,2.958,0.111
130900,5.000,0.593,2.961,0.111
131100,5.000,0.593,2.961,0.111
131300,5.000,0.613,3.061,0.112
131500,5.000,0.590,2.950,0.112
131700,5.000,0.595,2.973,0.112
131900,5.000,0.595,2.973,0.112
132100,5.000,0.607,3.034,0.112
132300,5.000,0.594,2.969,0.112
132500,5.000,0.590,2.946,0.113
132700,5.000,0.611,3.053,0.113
132900,5.000,0.611,3.053,0.113
133100,5.000,0.593,2.961,0.113
133300,5.000,0.594,2.965,0.113
133500,5.000,0.594,3.049,0.113
133700,5.000,0.611,3.049,0.114
133900,5.000,0.590,2.950,0.114
134100,5.000,0.591,2.954,0.114
134300,5.000,0.591,2.954,0.114
134500,5.000,0.610,3.045,0.114
134700,5.000,0.593,2.958,0.114
134900,5.000,0.595,2.973,0.115
135100,5.000,0.595,2.973,0.115
135300,5.000,0.605,3.019,0.115
135500,5.000,0.590,2.946,0.115
135700,5.000,0.590,2.946,0.115
135900,5.000,0.589,2.942,0.115
136100,5.000,0.608,3.034,0.116
136300,5.000,0.591,2.954,0.116
136500,5.000,0.592,2.954,0.116
136700,5.000,0.592,2.954,0.116
136900,5.000,0.610,3.045,0.116
137100,5.000,0.593,2.961,0.116
137300,5.000,0.596,2.977,0.117
137500,5.000,0.596,2.977,0.117
137700,5.000,0.604,3.015,0.117
137900,5.000,0.593,2.965,0.117
138100,5.000,0.602,3.003,0.117
138300,5.000,0.602,3.003,0.117
138500,5.000,0.602,3.003,0.118
138700,5.000,0.595,2.969,0.118
138900,5.000,0.595,2.969,0.118
139100,5.000,0.597,2.980,0.118
139300,5.000,0.604,3.019,0.118
139500,5.000,0.587,2.931,0.118
139700,5.000,0.600,2.992,0.119
139900,5.000,0.600,2.992,0.119
140100,5.000,0.605,3.019,0.119
140300,5.000,0.593,2.958,0.119
140500,5.000,0.605,3.022,0.119
140700,5.000,0.605,3.022,0.120
140900,5.000,0.598,2.988,0.120
141100,5.000,0.591,2.950,0.120
141300,5.000,0.606,3.022,0.120
141500,5.000,0.606,3.022,0.120
141700,5.000,0.600,2.996,0.120
141900,5.000,0.590,2.946,0.121
142100,5.000,0.590,2.946,0.121
142300,5.000,0.597,2.984,0.121
142500,5.000,0.601,3.003,0.121
142700,5.000,0.588,2.935,0.121
142900,5.000,0.588,2.935,0.121
143100,5.000,0.604,3.015,0.122
143300,5.000,0.596,2.977,0.122
143500,5.000,0.592,2.954,0.122
143700,5.000,0.606,3.026,0.122
143900,5.000,0.606,3.026,0.122
144100,5.000,0.597,2.984,0.122
144300,5.000,0.591,2.950,0.123
144500,5.000,0.591,2.950,0.123
144700,5.000,0.610,3.045,0.123
144900,5.000,0.594,2.961,0.123
145100,5.000,0.593,2.965,0.123
145300,5.000,0.593,2.965,0.123
145500,5.000,0.609,3.038,0.124
145700,5.000,0.596,2.977,0.124
145900,5.000,0.589,2.942,0.124
146100,5.000,0.589,2.942,0.124
146300,5.000,0.609,3.042,0.124
146500,5.000,0.591,2.950,0.124
146700,5.000,0.593,2.961,0.125
146900,5.000,0.610,3.045,0.125
147100,5.000,0.610,3.045,0.125
147300,5.000,0.594,2.965,0.125
147500,5.000,0.592,2.958,0.125
147700,5.000,0.592,2.958,0.126
147900,5.000,0.609,3.042,0.126
148100,5.000,0.591,2.954,0.126
148300,5.000,0.594,2.965,0.126
148500,5.000,0.594,2.965,0.126
148700,5.000,0.613,3.061,0.126
148900,5.000,0.591,2.950,0.127
149100,5.000,0.591,2.954,0.127
149300,5.000,0.591,2.954,0.127
149500,5.000,0.609,3.042,0.127
149700,5.000,0.588,2.935,0.127
149900,5.000,0.588,2.935,0.127
150100,5.000,0.611,3.049,0.128
150300,5.000,0.611,3.049,0.128
150500,5.000,0.591,2.954,0.128
150700,5.000,0.597,2.980,0.128
150900,5.000,0.597,2.980,0.128
151100,5.000,0.607,3.030,0.128
151300,5.000,0.591,2.954,0.129
151500,5.000,0.593,2.961,0.129
151700,5.000,0.593,2.961,0.129
151900,5.000,0.607,3.030,0.129
152100,5.000,0.589,2.942,0.129
152300,5.000,0.603,3.015,0.129
152500,5.000,0.603,3.015,0.130
152700,5.000,0.597,2.980,0.130
152900,5.000,0.592,2.954,0.130
153100,5.000,0.592,2.954,0.130
153300,5.000,0.597,2.980,0.130
153500,5.000,0.603,3.011,0.130
153700,5.000,0.591,2.954,0.131
153900,5.000,0.598,2.984,0.131
154100,5.000,0.598,2.984,0.131
154300,5.000,0.609,3.038,0.131
154500,5.000,0.591,2.954,0.131
154700,5.000,0.603,3.011,0.131
154900,5.000,0.603,3.011,0.132
155100,5.000,0.597,2.980,0.132
155300,5.000,0.594,2.969,0.132
155500,5.000,0.594,2.969,0.132
155700,5.000,0.609,3.042,0.132
155900,5.000,0.594,2.965,0.132
156100,5.000,0.591,2.950,0.133
156300,5.000,0.591,2.950,0.133
156500,5.000,0.604,3.015,0.133
156700,5.000,0.594,2.965,0.133
156900,5.000,0.590,2.950,0.133
157100,5.000,0.605,3.022,0.134
157300,5.000,0.605,3.022,0.134
157500,5.000,0.599,2.992,0.134
157700,5.000,0.594,2.965,0.134
157900,5.000,0.605,3.022,0.134
158100,5.000,0.605,3.022,0.134
158300,5.000,0.594,2.969,0.135
158500,5.000,0.588,2.938,0.135
158700,5.000,0.588,2.938,0.135
158900,5.000,0.611,3.053,0.135
159100,5.000,0.591,2.954,0.135
159300,5.000,0.592,2.954,0.135
159500,5.000,0.592,2.954,0.136
159700,5.000,0.603,3.011,0.136
159900,5.000,0.596,2.977,0.136
160100,5.000,0.593,2.961,0.136
160300,5.000,0.593,2.961,0.136
160500,5.000,0.610,3.045,0.136
160700,5.000,0.594,2.969,0.137
160900,5.000,0.591,2.954,0.137
161100,5.000,0.614,3.064,0.137
161300,5.000,0.614,3.064,0.137
161500,5.000,0.591,2.950,0.137
161700,5.000,0.592,2.954,0.137
161900,5.000,0.592,2.954,0.138
162100,5.000,0.610,3.045,0.138
162300,5.000,0.599,2.988,0.138
162500,5.000,0.594,2.969,0.138
162700,5.000,0.594,2.969,0.138
162900,5.000,0.611,3.049,0.138
163100,5.000,0.593,2.961,0.139
163300,5.000,0.594,2.965,0.139
163500,5.000,0.594,2.965,0.139
163700,5.000,0.611,3.053,0.139
163900,5.000,0.592,2.954,0.139
164100,5.000,0.594,2.969,0.140
164300,5.000,0.603,3.007,0.140
164500,5.000,0.603,3.007,0.140
164700,5.000,0.594,2.965,0.140
164900,5.000,0.594,2.969,0.140
165100,5.000,0.594,2.969,0.140
165300,5.000,0.608,3.034,0.141
165500,5.000,0.586,2.927,0.141
165700,5.000,0.597,2.980,0.141
165900,5.000,0.597,2.980,0.141
166100,5.000,0.605,3.022,0.141
166300,5.000,0.593,2.961,0.141
166500,5.000,0.593,2.961,0.142
166700,5.000,0.594,2.965,0.142
166900,5.000,0.608,3.038,0.142
167100,5.000,0.592,2.954,0.142
167300,5.000,0.592,2.954,0.142
167500,5.000,0.595,2.973,0.142
167700,5.000,0.604,3.015,0.143
167900,5.000,0.589,2.938,0.143
168100,5.000,0.602,3.003,0.143
168300,5.000,0.602,3.003,0.143
168500,5.000,0.607,3.030,0.143
168700,5.000,0.591,2.950,0.143
168900,5.000,0.603,3.011,0.144
169100,5.000,0.603,3.011,0.144
169300,5.000,0.598,2.984,0.144
169500,5.000,0.594,2.965,0.144
169700,5.000,0.594,2.965,0.144
169900,5.000,0.607,3.030,0.144
170100,5.000,0.598,2.988,0.145
170300,5.000,0.594,2.965,0.145
170500,5.000,0.594,2.965,0.145
170700,5.000,0.603,3.011,0.145
170900,5.000,0.597,2.980,0.145
171100,5.000,0.593,2.961,0.146
171300,5.000,0.598,2.984,0.146
171500,5.000,0.598,2.984,0.146
171700,5.000,0.600,2.996,0.146
171900,5.000,0.589,2.938,0.146
172100,5.000,0.608,3.034,0.146
172300,5.000,0.608,3.034,0.147
172500,5.000,0.590,2.950,0.147
172700,5.000,0.591,2.954,0.147
172900,5.000,0.591,2.954,0.147
173100,5.000,0.610,3.045,0.147
173300,5.000,0.593,2.961,0.147
173500,5.000,0.593,2.961,0.148
173700,5.000,0.593,2.961,0.148
173900,5.000,0.604,3.019,0.148
174100,5.000,0.596,2.977,0.148
174300,5.000,0.590,2.946,0.148
174500,5.000,0.609,3.042,0.148
174700,5.000,0.609,3.042,0.149
174900,5.000,0.591,2.954,0.149
175100,5.000,0.594,2.965,0.149
175300,5.000,0.614,3.064,0.149
175500,5.000,0.614,3.064,0.149
175700,5.000,0.592,2.954,0.149
175900,5.000,0.592,2.954,0.150
176100,5.000,0.592,2.954,0.150
176300,5.000,0.609,3.042,0.150
176500,5.000,0.594,2.965,0.150
176700,5.000,0.597,2.984,0.150
176900,5.000,0.597,2.984,0.150
177100,5.000,0.608,3.034,0.151
177300,5.000,0.594,2.965,0.151
177500,5.000,0.594,2.965,0.151
177700,5.000,0.592,2.954,0.151
177900,5.000,0.608,3.034,0.151
178100,5.000,0.594,2.969,0.151
178300,5.000,0.590,2.942,0.152
178500,5.000,0.590,2.942,0.152
178700,5.000,0.613,3.061,0.152
178900,5.000,0.590,2.946,0.152
179100,5.000,0.596,2.977,0.152
179300,5.000,0.596,2.977,0.152
179500,5.000,0.599,2.992,0.153
179700,5.000,0.593,2.961,0.153
179900,5.000,0.597,2.980,0.153
180100,5.000,0.597,2.980,0.153
180300,5.000,0.606,3.026,0.153
180500,5.000,0.592,2.954,0.153
180700,5.000,0.592,2.954,0.154
180900,5.000,0.593,2.961,0.154
181100,5.000,0.607,3.030,0.154
181300,5.000,0.585,2.923,0.154
181500,5.000,0.597,2.984,0.154
181700,5.000,0.597,2.984,0.155
181900,5.000,0.600,3.000,0.155
182100,5.000,0.593,2.961,0.155
182300,5.000,0.603,3.011,0.155
182500,5.000,0.603,3.011,0.155
182700,5.000,0.601,3.000,0.155
182900,5.000,0.590,2.946,0.156
183100,5.000,0.605,3.022,0.156
183300,5.000,0.605,3.022,0.156
183500,5.000,0.600,2.996,0.156
183700,5.000,0.593,2.961,0.156
183900,5.000,0.593,2.961,0.156
184100,5.000,0.599,2.988,0.157
184300,5.000,0.606,3.026,0.157
184500,5.000,0.592,2.958,0.157
184700,5.000,0.592,2.958,0.157
184900,5.000,0.601,3.003,0.157
185100,5.000,0.599,2.992,0.157
185300,5.000,0.589,2.942,0.158
185500,5.000,0.608,3.038,0.158
185700,5.000,0.608,3.038,0.158
185900,5.000,0.598,2.984,0.158
186100,5.000,0.592,2.954,0.158
186300,5.000,0.605,3.019,0.158
186500,5.000,0.605,3.019,0.159
186700,5.000,0.595,2.973,0.159
186900,5.000,0.594,2.961,0.159
187100,5.000,0.594,2.961,0.159
187300,5.000,0.608,3.038,0.159
187500,5.000,0.594,2.969,0.159
187700,5.000,0.588,2.938,0.160
187900,5.000,0.588,2.938,0.160
188100,5.000,0.608,3.034,0.160
188300,5.000,0.588,2.935,0.160
188500,5.000,0.593,2.961,0.160
188700,5.000,0.606,3.022,0.161
188900,5.000,0.606,3.022,0.161
189100,5.000,0.594,2.965,0.161
189300,5.000,0.593,2.961,0.161
189500,5.000,0.593,2.961,0.161
189700,5.000,0.606,3.022,0.161
189900,5.000,0.590,2.946,0.162
190100,5.000,0.592,2.958,0.162
190300,5.000,0.592,2.958,0.162
190500,5.000,0.612,3.057,0.162
190700,5.000,0.593,2.961,0.162
190900,5.000,0.600,3.000,0.162
191100,5.000,0.600,3.000,0.163
191300,5.000,0.614,3.064,0.163
191500,5.000,0.593,2.961,0.163
191700,5.000,0.593,2.961,0.163
191900,5.000,0.610,3.045,0.163
192100,5.000,0.610,3.045,0.163
192300,5.000,0.592,2.958,0.164
192500,5.000,0.592,2.954,0.164
192700,5.000,0.592,2.954,0.164
192900,5.000,0.611,3.049,0.164
193100,5.000,0.592,2.954,0.164
193300,5.000,0.609,3.038,0.164
193500,5.000,0.609,3.038,0.165
193700,5.000,0.606,3.026,0.165
193900,5.000,0.593,2.961,0.165
194100,5.000,0.601,3.000,0.165
194300,5.000,0.601,3.000,0.165
194500,5.000,0.602,3.007,0.165
194700,5.000,0.590,2.950,0.166
194900,5.000,0.590,2.950,0.166
195100,5.000,0.596,2.977,0.166
195300,5.000,0.600,2.996,0.166
195500,5.000,0.593,2.961,0.166
195700,5.000,0.595,2.969,0.167
195900,5.000,0.595,2.969,0.167
196100,5.000,0.608,3.038,0.167
196300,5.000,0.594,2.965,0.167
196500,5.000,0.599,2.992,0.167
196700,5.000,0.599,2.992,0.167
196900,5.000,0.594,2.969,0.168
197100,5.000,0.594,2.965,0.168
197300,5.000,0.608,3.034,0.168
197500,5.000,0.608,3.034,0.168
197700,5.000,0.598,2.984,0.168
197900,5.000,0.590,2.946,0.168
198100,5.000,0.590,2.946,0.168
198300,5.000,0.606,3.022,0.169
198500,5.000,0.600,2.996,0.169
198700,5.000,0.590,2.942,0.169
198900,5.000,0.607,3.030,0.169
199100,5.000,0.607,3.030,0.169
199300,5.000,0.599,2.988,0.170
199500,5.000,0.594,2.969,0.170
199700,5.000,0.606,3.022,0.170
199900,5.000,0.606,3.022,0.170
200100,5.000,0.596,2.977,0.170
200300,5.000,0.589,2.938,0.170
200500,5.000,0.589,2.938,0.171
200700,5.000,0.612,3.057,0.171
200900,5.000,0.593,2.961,0.171
201100,5.000,0.594,2.965,0.171
201300,5.000,0.594,2.965,0.171
201500,5.000,0.606,3.026,0.171
201700,5.000,0.596,2.973,0.172
201900,5.000,0.591,2.950,0.172
202100,5.000,0.591,2.950,0.172
202300,5.000,0.606,3.022,0.172
202500,5.000,0.594,2.965,0.172
202700,5.000,0.590,2.946,0.172
202900,5.000,0.612,3.057,0.173
203100,5.000,0.612,3.057,0.173
203300,5.000,0.593,2.961,0.173
203500,5.000,0.589,2.942,0.173
203700,5.000,0.589,2.942,0.173
203900,5.000,0.607,3.034,0.173
204100,5.000,0.591,2.950,0.174
204300,5.000,0.595,2.973,0.174
204500,5.000,0.595,2.973,0.174
204700,5.000,0.605,3.019,0.174
204900,5.000,0.593,2.961,0.174
205100,5.000,0.594,2.965,0.174
205300,5.000,0.594,2.965,0.175
205500,5.000,0.608,3.038,0.175
205700,5.000,0.591,2.954,0.175
205900,5.000,0.594,2.969,0.175
206100,5.000,0.610,3.045,0.175
206300,5.000,0.610,3.045,0.176
206500,5.000,0.594,2.969,0.176
206700,5.000,0.597,2.980,0.176
206900,5.000,0.597,2.980,0.176
207100,5.000,0.606,3.022,0.176
207300,5.000,0.590,2.946,0.176
207500,5.000,0.600,2.992,0.177
207700,5.000,0.600,2.992,0.177
207900,5.000,0.608,3.038,0.177
208100,5.000,0.593,2.961,0.177
208300,5.000,0.593,2.961,0.177
208500,5.000,0.593,2.961,0.177
208700,5.000,0.606,3.026,0.178
208900,5.000,0.592,2.954,0.178
209100,5.000,0.592,2.954,0.178
209300,5.000,0.593,2.961,0.178
209500,5.000,0.606,3.026,0.178
209700,5.000,0.590,2.946,0.178
209900,5.000,0.600,2.996,0.179
210100,5.000,0.600,2.996,0.179
210300,5.000,0.603,3.011,0.179
210500,5.000,0.590,2.946,0.179
210700,5.000,0.602,3.003,0.179
210900,5.000,0.602,3.003,0.179
211100,5.000,0.597,2.980,0.180
211300,5.000,0.591,2.950,0.180
211500,5.000,0.591,2.950,0.180
211700,5.000,0.607,3.030,0.180
211900,5.000,0.593,2.965,0.180
212100,5.000,0.595,2.973,0.180
212300,5.000,0.595,2.973,0.181
212500,5.000,0.601,3.000,0.181
212700,5.000,0.598,2.988,0.181
212900,5.000,0.594,2.965,0.181
213100,5.000,0.606,3.026,0.181
213300,5.000,0.606,3.026,0.182
213500,5.000,0.601,3.000,0.182
213700,5.000,0.593,2.961,0.182
213900,5.000,0.608,3.038,0.182
214100,5.000,0.608,3.038,0.182
214300,5.000,0.591,2.950,0.182
214500,5.000,0.594,2.969,0.183
214700,5.000,0.594,2.969,0.183
214900,5.000,0.612,3.057,0.183
215100,5.000,0.593,2.961,0.183
215300,5.000,0.590,2.946,0.183
215500,5.000,0.590,2.946,0.183
215700,5.000,0.607,3.030,0.184
215900,5.000,0.594,2.965,0.184
216100,5.000,0.592,2.954,0.184
216300,5.000,0.592,2.954,0.184
216500,5.000,0.609,3.042,0.184
216700,5.000,0.592,2.954,0.184
216900,5.000,0.592,2.958,0.185
217100,5.000,0.612,3.053,0.185
217300,5.000,0.612,3.053,0.185
217500,5.000,0.590,2.946,0.185
217700,5.000,0.590,2.942,0.185
217900,5.000,0.590,2.942,0.185
218100,5.000,0.610,3.042,0.186
218300,5.000,0.591,2.954,0.186
218500,5.000,0.599,2.992,0.186
218700,5.000,0.599,2.992,0.186
218900,5.000,0.603,3.011,0.186
219100,5.000,0.593,2.961,0.186
219300,5.000,0.593,2.954,0.187
219500,5.000,0.592,2.954,0.187
219700,5.000,0.609,3.038,0.187
219900,5.000,0.594,2.969,0.187
220100,5.000,0.594,2.965,0.187
220300,5.000,0.594,2.965,0.187
220500,5.000,0.617,3.080,0.188
220700,5.000,0.592,2.958,0.188
220900,5.000,0.597,2.984,0.188
221100,5.000,0.597,2.984,0.188
221300,5.000,0.607,3.034,0.188
221500,5.000,0.592,2.958,0.188
221700,5.000,0.594,2.965,0.189
221900,5.000,0.594,2.965,0.189
222100,5.000,0.609,3.038,0.189
222300,5.000,0.590,2.942,0.189
222500,5.000,0.590,2.942,0.189
222700,5.000,0.594,2.965,0.189
222900,5.000,0.612,3.053,0.190
223100,5.000,0.592,2.958,0.190
223300,5.000,0.594,2.965,0.190
223500,5.000,0.594,2.965,0.190
223700,5.000,0.603,3.015,0.190
223900,5.000,0.589,2.942,0.191
224100,5.000,0.598,2.984,0.191
224300,5.000,0.598,2.984,0.191
224500,5.000,0.605,3.019,0.191
224700,5.000,0.591,2.954,0.191
224900,5.000,0.601,3.003,0.191
225100,5.000,0.601,3.003,0.192
225300,5.000,0.596,2.977,0.192
225500,5.000,0.594,2.969,0.192
225700,5.000,0.594,2.969,0.192
225900,5.000,0.592,2.954,0.192
226100,5.000,0.607,3.030,0.192
226300,5.000,0.594,2.969,0.193
226500,5.000,0.594,2.969,0.193
226700,5.000,0.603,3.011,0.193
226900,5.000,0.601,3.003,0.193
227100,5.000,0.590,2.946,0.193
227300,5.000,0.607,3.030,0.193
227500,5.000,0.607,3.030,0.194
227700,5.000,0.598,2.988,0.194
227900,5.000,0.594,2.969,0.194
228100,5.000,0.606,3.026,0.194
228300,5.000,0.606,3.026,0.194
228500,5.000,0.594,2.961,0.194
228700,5.000,0.590,2.946,0.195
228900,5.000,0.590,2.946,0.195
229100,5.000,0.614,3.068,0.195
229300,5.000,0.591,2.954,0.195
229500,5.000,0.593,2.958,0.195
229700,5.000,0.593,2.958,0.195
229900,5.000,0.609,3.042,0.196
230100,5.000,0.596,2.977,0.196
230300,5.000,0.593,2.965,0.196
230500,5.000,0.608,3.038,0.196
230700,5.000,0.608,3.038,0.196
230900,5.000,0.589,2.938,0.197
231100,5.000,0.592,2.958,0.197
231300,5.000,0.592,2.958,0.197
231500,5.000,0.612,3.053,0.197
231700,5.000,0.590,2.946,0.197
231900,5.000,0.593,2.965,0.197
232100,5.000,0.593,2.965,0.198
232300,5.000,0.606,3.022,0.198
232500,5.000,0.595,2.973,0.198
232700,5.000,0.586,2.927,0.198
232900,5.000,0.586,2.927,0.198
233100,5.000,0.614,3.064,0.198
233300,5.000,0.591,2.950,0.199
233500,5.000,0.591,2.950,0.199
233700,5.000,0.611,3.049,0.199
233900,5.000,0.611,3.049,0.199
234100,5.000,0.593,2.961,0.199
234300,5.000,0.590,2.950,0.199
234500,5.000,0.590,2.950,0.200
234700,5.000,0.612,3.057,0.200
234900,5.000,0.595,2.969,0.200
235100,5.000,0.596,2.977,0.200
235300,5.000,0.596,2.977,0.200
235500,5.000,0.604,3.015,0.200
235700,5.000,0.591,2.950,0.201
235900,5.000,0.602,3.007,0.201
236100,5.000,0.602,3.007,0.201
236300,5.000,0.604,3.015,0.201
236500,5.000,0.594,2.969,0.201
236700,5.000,0.594,2.969,0.201
236900,5.000,0.597,2.984,0.202
237100,5.000,0.607,3.030,0.202
237300,5.000,0.590,2.946,0.202
237500,5.000,0.597,2.980,0.202
237700,5.000,0.597,2.980,0.202
237900,5.000,0.601,3.000,0.203
238100,5.000,0.594,2.965,0.203
238300,5.000,0.601,3.000,0.203
238500,5.000,0.601,3.000,0.203
238700,5.000,0.601,3.000,0.203
238900,5.000,0.592,2.958,0.203
239100,5.000,0.601,3.003,0.204
239300,5.000,0.601,3.003,0.204
239500,5.000,0.601,3.003,0.204
239700,5.000,0.586,2.927,0.204
239900,5.000,0.586,2.927,0.204
240100,5.000,0.601,3.000,0.204
240300,5.000,0.602,3.007,0.205
240500,5.000,0.593,2.961,0.205
240700,5.000,0.598,2.984,0.205
240900,5.000,0.598,2.984,0.205
241100,5.000,0.597,2.980,0.205
241300,5.000,0.591,2.950,0.205
241500,5.000,0.607,3.030,0.206
241700,5.000,0.607,3.030,0.206
241900,5.000,0.601,3.000,0.206
242100,5.000,0.591,2.950,0.206
242300,5.000,0.591,2.950,0.206
242500,5.000,0.609,3.038,0.206
242700,5.000,0.593,2.961,0.207
242900,5.000,0.594,2.969,0.207
243100,5.000,0.594,2.969,0.207
243300,5.000,0.606,3.022,0.207
243500,5.000,0.600,2.996,0.207
243700,5.000,0.593,2.961,0.207
243900,5.000,0.593,2.961,0.208
244100,5.000,0.608,3.038,0.208
244300,5.000,0.591,2.950,0.208
244500,5.000,0.591,2.950,0.208
244700,5.000,0.604,3.015,0.208
244900,5.000,0.604,3.015,0.208
245100,5.000,0.597,2.980,0.209
245300,5.000,0.594,2.969,0.209
245500,5.000,0.594,2.969,0.209
245700,5.000,0.605,3.022,0.209
245900,5.000,0.591,2.954,0.209
246100,5.000,0.587,2.931,0.209
246300,5.000,0.587,2.931,0.210
246500,5.000,0.614,3.064,0.210
246700,5.000,0.590,2.946,0.210
246900,5.000,0.594,2.965,0.210
247100,5.000,0.594,2.965,0.210
247300,5.000,0.608,3.038,0.210
247500,5.000,0.591,2.954,0.211
247700,5.000,0.592,2.954,0.211
247900,5.000,0.604,3.019,0.211
248100,5.000,0.604,3.019,0.211
248300,5.000,0.592,2.954,0.211
248500,5.000,0.594,2.969,0.212
248700,5.000,0.594,2.969,0.212
248900,5.000,0.612,3.057,0.212
249100,5.000,0.591,2.950,0.212
249300,5.000,0.595,2.973,0.212
249500,5.000,0.595,2.973,0.212
249700,5.000,0.605,3.022,0.213
249900,5.000,0.594,2.965,0.213
250100,5.000,0.593,2.961,0.213
250300,5.000,0.593,2.961,0.213
250500,5.000,0.613,3.061,0.213
250700,5.000,0.594,2.965,0.213
250900,5.000,0.594,2.965,0.214
251100,5.000,0.595,3.003,0.214
251300,5.000,0.601,3.003,0.214
251500,5.000,0.592,2.954,0.214
251700,5.000,0.598,2.984,0.214
251900,5.000,0.598,2.984,0.214
252100,5.000,0.606,3.022,0.215
252300,5.000,0.595,2.973,0.215
252500,5.000,0.602,3.003,0.215
252700,5.000,0.602,3.003,0.215
252900,5.000,0.598,2.984,0.215
253100,5.000,0.588,2.938,0.215
253300,5.000,0.588,2.938,0.216
253500,5.000,0.607,3.030,0.216
253700,5.000,0.597,2.980,0.216
253900,5.000,0.594,2.965,0.216
254100,5.000,0.594,2.965,0.216
254300,5.000,0.599,2.992,0.216
254500,5.000,0.601,3.003,0.217
254700,5.000,0.590,2.946,0.217
254900,5.000,0.599,2.988,0.217
255100,5.000,0.599,2.988,0.217
255300,5.000,0.597,2.984,0.217
255500,5.000,0.591,2.950,0.218
255700,5.000,0.606,3.026,0.218
255900,5.000,0.606,3.026,0.218
256100,5.000,0.595,2.969,0.218
256300,5.000,0.590,2.946,0.218
256500,5.000,0.590,2.946,0.218
256700,5.000,0.612,3.053,0.219
256900,5.000,0.594,2.965,0.219
257100,5.000,0.592,2.954,0.219
257300,5.000,0.592,2.954,0.219
257500,5.000,0.609,3.042,0.219
257700,5.000,0.597,2.980,0.219
257900,5.000,0.592,2.958,0.220
258100,5.000,0.608,3.034,0.220
258300,5.000,0.608,3.034,0.220
258500,5.000,0.592,2.954,0.220
258700,5.000,0.591,2.950,0.220
258900,5.000,0.612,3.057,0.220
259100,5.000,0.612,3.057,0.221
259300,5.000,0.593,2.961,0.221
259500,5.000,0.592,2.954,0.221
259700,5.000,0.592,2.954,0.221
259900,5.000,0.610,3.042,0.221
260100,5.000,0.591,2.950,0.221
260300,5.000,0.597,2.980,0.222
260500,5.000,0.597,2.980,0.222
260700,5.000,0.608,3.034,0.222
260900,5.000,0.593,2.961,0.222
261100,5.000,0.593,2.965,0.222
261300,5.000,0.593,2.965,0.222
261500,5.000,0.606,3.026,0.223
261700,5.000,0.592,2.958,0.223
261900,5.000,0.587,2.931,0.223
262100,5.000,0.587,3.042,0.223
262300,5.000,0.610,3.042,0.223
262500,5.000,0.591,2.950,0.223
262700,5.000,0.597,2.980,0.224
262900,5.000,0.597,2.980,0.224
263100,5.000,0.605,3.019,0.224
263300,5.000,0.591,2.950,0.224
263500,5.000,0.598,2.988,0.224
263700,5.000,0.598,2.988,0.224
263900,5.000,0.608,3.038,0.225
264100,5.000,0.592,2.958,0.225
264300,5.000,0.592,2.958,0.225
264500,5.000,0.596,2.977,0.225
264700,5.000,0.610,3.045,0.225
264900,5.000,0.592,2.954,0.225
265100,5.000,0.595,2.969,0.226
265300,5.000,0.595,2.969,0.226
265500,5.000,0.603,3.011,0.226
265700,5.000,0.592,2.954,0.226
265900,5.000,0.601,3.003,0.226
266100,5.000,0.601,3.003,0.227
266300,5.000,0.606,3.026,0.227
266500,5.000,0.589,2.942,0.227
266700,5.000,0.603,3.015,0.227
266900,5.000,0.603,3.015,0.227
267100,5.000,0.598,2.988,0.227
267300,5.000,0.594,2.965,0.228
267500,5.000,0.594,2.965,0.228
267700,5.000,0.596,2.977,0.228
267900,5.000,0.608,3.034,0.228
268100,5.000,0.594,2.965,0.228
268300,5.000,0.594,2.965,0.228
268500,5.000,0.600,2.996,0.229
268700,5.000,0.596,2.977,0.229
268900,5.000,0.588,2.935,0.229
269100,5.000,0.603,3.015,0.229
269300,5.000,0.603,3.015,0.229
269500,5.000,0.597,2.980,0.229
269700,5.000,0.593,2.958,0.230
269900,5.000,0.603,3.011,0.230
270100,5.000,0.603,3.011,0.230
270300,5.000,0.589,2.942,0.230
270500,5.000,0.592,2.958,0.230
270700,5.000,0.592,2.958,0.230
270900,5.000,0.610,3.045,0.231
271100,5.000,0.592,2.954,0.231
271300,5.000,0.594,2.965,0.231
271500,5.000,0.594,2.965,0.231
271700,5.000,0.606,3.026,0.231
271900,5.000,0.594,2.969,0.231
272100,5.000,0.590,2.942,0.232
272300,5.000,0.610,3.049,0.232
272500,5.000,0.610,3.049,0.232
272700,5.000,0.593,2.958,0.232
272900,5.000,0.593,2.965,0.232
273100,5.000,0.593,2.965,0.233
273300,5.000,0.612,3.057,0.233
273500,5.000,0.592,2.954,0.233
273700,5.000,0.591,2.950,0.233
273900,5.000,0.591,2.950,0.233
274100,5.000,0.610,3.049,0.233
274300,5.000,0.594,2.965,0.234
274500,5.000,0.594,2.965,0.234
274700,5.000,0.594,2.965,0.234
274900,5.000,0.611,3.049,0.234
275100,5.000,0.592,2.958,0.234
275300,5.000,0.592,2.958,0.234
275500,5.000,0.590,2.946,0.235
275700,5.000,0.607,3.030,0.235
275900,5.000,0.588,2.935,0.235
276100,5.000,0.591,2.954,0.235
276300,5.000,0.591,2.954,0.235
276500,5.000,0.610,3.045,0.235
276700,5.000,0.592,2.958,0.236
276900,5.000,0.593,2.961,0.236
277100,5.000,0.593,2.961,0.236
277300,5.000,0.602,3.003,0.236
277500,5.000,0.593,2.961,0.236
277700,5.000,0.599,2.992,0.236
277900,5.000,0.599,2.992,0.237
278100,5.000,0.603,3.007,0.237
278300,5.000,0.594,2.969,0.237
278500,5.000,0.594,2.969,0.237
278700,5.000,0.599,2.988,0.237
278900,5.000,0.617,3.080,0.237
279100,5.000,0.590,2.946,0.238
279300,5.000,0.601,3.000,0.238
279500,5.000,0.601,3.000,0.238
279700,5.000,0.603,3.015,0.238
279900,5.000,0.594,2.969,0.238
280100,5.000,0.603,3.011,0.239
280300,5.000,0.603,3.011,0.239
280500,5.000,0.599,2.992,0.239
280700,5.000,0.591,2.950,0.239
280900,5.000,0.606,3.026,0.239
281100,5.000,0.606,3.026,0.239
281300,5.000,0.601,3.000,0.240
281500,5.000,0.593,2.961,0.240
281700,5.000,0.593,2.961,0.240
281900,5.000,0.599,2.992,0.240
282100,5.000,0.605,3.022,0.240
282300,5.000,0.593,2.961,0.240
