200,5.000,0.402,2.007,0.654
300,5.000,0.402,2.007,0.654
500,5.000,0.433,2.167,0.654
600,5.000,0.433,2.167,0.654
700,5.000,0.415,2.076,0.654
900,5.000,0.415,2.076,0.654
1000,5.000,0.413,2.064,0.655
1100,5.000,0.413,2.064,0.655
1300,5.000,0.413,2.064,0.655
1400,5.000,0.413,2.064,0.655
1500,5.000,0.413,2.064,0.655
1700,5.000,0.413,2.064,0.655
1800,5.000,0.413,2.064,0.655
1900,5.000,0.413,2.064,0.655
2100,5.000,0.415,2.076,0.655
2200,5.000,0.415,2.076,0.655
2300,5.000,0.412,2.064,0.655
2500,5.000,0.414,2.072,0.655
2600,5.000,0.414,2.072,0.656
2700,5.000,0.414,2.072,0.656
2900,5.000,0.413,2.064,0.656
3000,5.000,0.413,2.064,0.656
3100,5.000,0.414,2.072,0.656
3300,5.000,0.413,2.068,0.656
3400,5.000,0.413,2.068,0.656
3500,5.000,0.413,2.068,0.656
3700,5.000,0.413,2.064,0.656
3800,5.000,0.413,2.064,0.656
3900,5.000,0.414,2.072,0.656
4100,5.000,0.414,2.072,0.656
4200,5.000,0.412,2.061,0.656
4300,5.000,0.412,2.061,0.656
4500,5.000,0.415,2.072,0.657
4600,5.000,0.415,2.072,0.657
4700,5.000,0.413,2.064,0.657
4900,5.000,0.413,2.064,0.657
5000,5.000,0.415,2.076,0.657
5100,5.000,0.415,2.076,0.657
5300,5.000,0.417,2.087,0.657
5400,5.000,0.417,2.087,0.657
5500,5.000,0.414,2.068,0.657
5700,5.000,0.414,2.068,0.657
5800,5.000,0.414,2.072,0.657
5900,5.000,0.414,2.072,0.657
6100,5.000,0.413,2.064,0.658
6200,5.000,0.413,2.064,0.658
6300,5.000,0.415,2.076,0.658
6500,5.000,0.415,2.061,0.658
6600,5.000,0.412,2.061,0.658
6700,5.000,0.412,2.061,0.658
6900,5.000,0.415,2.072,0.658
7000,5.000,0.415,2.072,0.658
7100,5.000,0.413,2.068,0.658
7300,5.000,0.413,2.068,0.658
7400,5.000,0.414,2.068,0.658
7500,5.000,0.414,2.068,0.658
7700,5.000,0.415,2.072,0.659
7800,5.000,0.415,2.072,0.659
7900,5.000,0.413,2.064,0.659
8100,5.000,0.413,2.064,0.659
8200,5.000,0.415,2.072,0.659
8300,5.000,0.415,2.072,0.659
8500,5.000,0.413,2.068,0.659
8600,5.000,0.413,2.068,0.659
8700,5.000,0.413,2.068,0.659
8900,5.000,0.414,2.072,0.659
9000,5.000,0.413,2.068,0.659
9100,5.000,0.413,2.068,0.659
9300,5.000,0.415,2.072,0.659
9400,5.000,0.415,2.072,0.659
9500,5.000,0.414,2.068,0.660
9700,5.000,0.414,2.068,0.660
9800,5.000,0.414,2.068,0.660
9900,5.000,0.414,2.068,0.660
10100,5.000,0.415,2.076,0.660
10200,5.000,0.415,2.076,0.660
10300,5.000,0.413,2.064,0.660
10500,5.000,0.413,2.064,0.660
10600,5.000,0.415,2.072,0.660
10700,5.000,0.415,2.072,0.660
10900,5.000,0.412,2.061,0.660
11000,5.000,0.412,2.061,0.660
11100,5.000,0.415,2.076,0.661
11300,5.000,0.415,2.076,0.661
11400,5.000,0.413,2.064,0.661
11500,5.000,0.413,2.064,0.661
11700,5.000,0.413,2.068,0.661
11800,5.000,0.413,2.068,0.661
11900,5.000,0.413,2.068,0.661
12100,5.000,0.414,2.068,0.661
12200,5.000,0.413,2.064,0.661
12300,5.000,0.413,2.064,0.661
12500,5.000,0.414,2.072,0.661
12600,5.000,0.414,2.072,0.661
12700,5.000,0.414,2.072,0.661
12900,5.000,0.412,2.061,0.662
13000,5.000,0.414,2.072,0.662
13100,5.000,0.414,2.072,0.662
13300,5.000,0.413,2.064,0.662
13400,5.000,0.413,2.064,0.662
13500,5.000,0.414,2.072,0.662
13700,5.000,0.414,2.072,0.662
13800,5.000,0.413,2.064,0.662
13900,5.000,0.413,2.064,0.662
14100,5.000,0.413,2.064,0.662
14200,5.000,0.413,2.064,0.662
14300,5.000,0.414,2.072,0.662
14500,5.000,0.414,2.072,0.663
14600,5.000,0.413,2.068,0.663
14700,5.000,0.413,2.068,0.663
14900,5.000,0.414,2.072,0.663
15000,5.000,0.414,2.072,0.663
15100,5.000,0.414,2.072,0.663
15300,5.000,0.412,2.061,0.663
15400,5.000,0.415,2.072,0.663
15500,5.000,0.415,2.072,0.663
15700,5.000,0.413,2.064,0.663
15800,5.000,0.413,2.064,0.663
15900,5.000,0.413,2.064,0.663
16100,5.000,0.414,2.068,0.663
16200,5.000,0.414,2.068,0.664
16300,5.000,0.414,2.068,0.664
16500,5.000,0.424,2.122,0.664
16600,5.000,0.424,2.122,0.664
16700,5.000,0.414,2.072,0.664
16900,5.000,0.414,2.072,0.664
17000,5.000,0.412,2.061,0.664
17100,5.000,0.412,2.061,0.664
17300,5.000,0.414,2.072,0.664
17400,5.000,0.414,2.072,0.664
17500,5.000,0.414,2.061,0.664
17700,5.000,0.412,2.061,0.664
17800,5.000,0.414,2.072,0.664
17900,5.000,0.414,2.072,0.665
18100,5.000,0.413,2.064,0.665
18200,5.000,0.413,2.064,0.665
18300,5.000,0.413,2.064,0.665
18500,5.000,0.413,2.064,0.665
18600,5.000,0.413,2.064,0.665
18700,5.000,0.413,2.068,0.665
18900,5.000,0.413,2.064,0.665
19000,5.000,0.413,2.064,0.665
19100,5.000,0.413,2.064,0.665
19300,5.000,0.414,2.068,0.665
19400,5.000,0.414,2.068,0.665
19500,5.000,0.412,2.061,0.665
19700,5.000,0.412,2.061,0.666
19800,5.000,0.415,2.072,0.666
19900,5.000,0.415,2.072,0.666
20100,5.000,0.415,2.076,0.666
20200,5.000,0.414,2.072,0.666
20300,5.000,0.414,2.072,0.666
20500,5.000,0.414,2.068,0.666
20600,5.000,0.414,2.068,0.666
20700,5.000,0.414,2.068,0.666
20900,5.000,0.413,2.064,0.666
21000,5.000,0.414,2.072,0.666
21100,5.000,0.414,2.072,0.666
21300,5.000,0.412,2.061,0.667
21400,5.000,0.412,2.061,0.667
21500,5.000,0.412,2.061,0.667
21700,5.000,0.414,2.072,0.667
21800,5.000,0.414,2.072,0.667
21900,5.000,0.413,2.064,0.667
22100,5.000,0.415,2.076,0.667
22200,5.000,0.415,2.076,0.667
22300,5.000,0.415,2.076,0.667
22500,5.000,0.413,2.068,0.667
22600,5.000,0.413,2.068,0.667
22700,5.000,0.413,2.064,0.667
22900,5.000,0.413,2.064,0.667
23000,5.000,0.414,2.072,0.668
23100,5.000,0.414,2.072,0.668
23300,5.000,0.413,2.064,0.668
23400,5.000,0.413,2.064,0.668
23500,5.000,0.438,2.190,0.668
23700,5.000,0.413,2.064,0.668
23800,5.000,0.413,2.064,0.668
23900,5.000,0.413,2.064,0.668
24100,5.000,0.415,2.072,0.668
24200,5.000,0.413,2.064,0.668
24300,5.000,0.413,2.064,0.668
24500,5.000,0.413,2.068,0.668
24600,5.000,0.413,2.068,0.669
24700,5.000,0.413,2.068,0.669
24900,5.000,0.425,2.125,0.669
25000,5.000,0.425,2.125,0.669
25100,5.000,0.413,2.064,0.669
25300,5.000,0.415,2.076,0.669
25400,5.000,0.415,2.076,0.669
25500,5.000,0.415,2.076,0.669
25700,5.000,0.412,2.061,0.669
25800,5.000,0.412,2.061,0.669
25900,5.000,0.414,2.068,0.669
26100,5.000,0.414,2.068,0.669
26200,5.000,0.413,2.064,0.669
26300,5.000,0.413,2.064,0.670
26500,5.000,0.414,2.072,0.670
26600,5.000,0.414,2.072,0.670
26700,5.000,0.413,2.068,0.670
26900,5.000,0.413,2.068,0.670
27000,5.000,0.413,2.068,0.670
27100,5.000,0.413,2.068,0.670
27300,5.000,0.414,2.068,0.670
27400,5.000,0.414,2.068,0.670
27500,5.000,0.414,2.068,0.670
27700,5.000,0.414,2.072,0.670
27800,5.000,0.414,2.072,0.670
27900,5.000,0.414,2.072,0.670
28100,5.000,0.412,2.061,0.671
28200,5.000,0.412,2.061,0.671
28300,5.000,0.415,2.072,0.671
28500,5.000,0.415,2.064,0.671
28600,5.000,0.413,2.064,0.671
28700,5.000,0.413,2.064,0.671
28900,5.000,0.414,2.072,0.671
29000,5.000,0.414,2.072,0.671
29100,5.000,0.413,2.064,0.671
29300,5.000,0.413,2.064,0.671
29400,5.000,0.413,2.064,0.671
29500,5.000,0.413,2.064,0.671
29700,5.000,0.414,2.068,0.672
29800,5.000,0.414,2.068,0.672
29900,5.000,0.414,2.072,0.672
30100,5.000,0.414,2.072,0.672
30200,5.000,0.415,2.076,0.672
30300,5.000,0.415,2.076,0.672
30500,5.000,0.412,2.064,0.672
30600,5.000,0.412,2.064,0.672
30700,5.000,0.414,2.068,0.672
30900,5.000,0.413,2.064,0.672
31000,5.000,0.413,2.064,0.672
31100,5.000,0.413,2.064,0.672
31300,5.000,0.413,2.068,0.672
31400,5.000,0.413,2.068,0.673
31500,5.000,0.413,2.068,0.673
31700,5.000,0.413,2.068,0.673
31800,5.000,0.413,2.068,0.673
31900,5.000,0.413,2.068,0.673
32100,5.000,0.414,2.072,0.673
32200,5.000,0.414,2.072,0.673
32300,5.000,0.413,2.064,0.673
32500,5.000,0.413,2.064,0.673
32600,5.000,0.414,2.072,0.673
32700,5.000,0.414,2.072,0.673
32900,5.000,0.412,2.057,0.673
33000,5.000,0.412,2.057,0.673
33100,5.000,0.414,2.072,0.674
33300,5.000,0.414,2.072,0.674
33400,5.000,0.413,2.064,0.674
33500,5.000,0.413,2.064,0.674
33700,5.000,0.414,2.068,0.674
33800,5.000,0.414,2.068,0.674
33900,5.000,0.414,2.068,0.674
34100,5.000,0.413,2.068,0.674
34200,5.000,0.413,2.068,0.674
34300,5.000,0.413,2.068,0.674
34500,5.000,0.414,2.072,0.674
34600,5.000,0.414,2.072,0.674
34700,5.000,0.413,2.064,0.675
34900,5.000,0.413,2.064,0.675
35000,5.000,0.414,2.072,0.675
35100,5.000,0.414,2.072,0.675
35300,5.000,0.413,2.064,0.675
35400,5.000,0.413,2.064,0.675
35500,5.000,0.415,2.076,0.675
35700,5.000,0.415,2.076,0.675
35800,5.000,0.413,2.061,0.675
35900,5.000,0.413,2.061,0.675
36100,5.000,0.413,2.068,0.675
36200,5.000,0.413,2.068,0.675
36300,5.000,0.414,2.068,0.675
36500,5.000,0.414,2.068,0.676
36600,5.000,0.413,2.068,0.676
36700,5.000,0.413,2.068,0.676
36900,5.000,0.414,2.072,0.676
37000,5.000,0.414,2.072,0.676
37100,5.000,0.414,2.072,0.676
37300,5.000,0.412,2.061,0.676
37400,5.000,0.415,2.072,0.676
37500,5.000,0.415,2.072,0.676
37700,5.000,0.412,2.061,0.676
37800,5.000,0.412,2.061,0.676
37900,5.000,0.414,2.072,0.676
38100,5.000,0.414,2.072,0.677
38200,5.000,0.413,2.064,0.677
38300,5.000,0.413,2.064,0.677
38500,5.000,0.413,2.064,0.677
38600,5.000,0.413,2.064,0.677
38700,5.000,0.414,2.072,0.677
38900,5.000,0.414,2.072,0.677
39000,5.000,0.413,2.068,0.677
39100,5.000,0.413,2.068,0.677
39300,5.000,0.414,2.068,0.677
39400,5.000,0.414,2.068,0.677
39500,5.000,0.414,2.061,0.677
39700,5.000,0.412,2.061,0.677
39800,5.000,0.414,2.072,0.677
39900,5.000,0.414,2.072,0.678
40100,5.000,0.412,2.064,0.678
40200,5.000,0.412,2.064,0.678
40300,5.000,0.412,2.064,0.678
40500,5.000,0.414,2.072,0.678
40600,5.000,0.414,2.072,0.678
40700,5.000,0.413,2.064,0.678
40900,5.000,0.413,2.068,0.678
41000,5.000,0.413,2.068,0.678
41100,5.000,0.414,2.072,0.678
41300,5.000,0.414,2.072,0.678
41400,5.000,0.413,2.064,0.678
41500,5.000,0.413,2.064,0.679
41700,5.000,0.415,2.072,0.679
41800,5.000,0.415,2.072,0.679
41900,5.000,0.412,2.061,0.679
42100,5.000,0.412,2.061,0.679
42200,5.000,0.415,2.076,0.679
42300,5.000,0.415,2.076,0.679
42500,5.000,0.413,2.068,0.679
42600,5.000,0.413,2.068,0.679
42700,5.000,0.413,2.068,0.679
42900,5.000,0.414,2.072,0.679
43000,5.000,0.414,2.068,0.679
43100,5.000,0.414,2.068,0.679
43300,5.000,0.414,2.068,0.680
43400,5.000,0.414,2.068,0.680
43500,5.000,0.414,2.068,0.680
43700,5.000,0.415,2.076,0.680
43800,5.000,0.415,2.076,0.680
43900,5.000,0.413,2.064,0.680
44100,5.000,0.414,2.072,0.680
44200,5.000,0.414,2.072,0.680
44300,5.000,0.414,2.072,0.680
44500,5.000,0.413,2.064,0.680
44600,5.000,0.415,2.076,0.680
44700,5.000,0.415,2.076,0.680
44900,5.000,0.413,2.068,0.681
45000,5.000,0.413,2.068,0.681
45100,5.000,0.414,2.068,0.681
45300,5.000,0.414,2.068,0.681
45400,5.000,0.413,2.064,0.681
45500,5.000,0.413,2.064,0.681
45700,5.000,0.414,2.068,0.681
45800,5.000,0.414,2.068,0.681
45900,5.000,0.414,2.068,0.681
46100,5.000,0.415,2.076,0.681
46200,5.000,0.412,2.061,0.681
46300,5.000,0.412,2.061,0.681
46500,5.000,0.415,2.076,0.681
46600,5.000,0.415,2.076,0.682
46700,5.000,0.415,2.076,0.682
46900,5.000,0.412,2.061,0.682
47000,5.000,0.412,2.061,0.682
47100,5.000,0.415,2.072,0.682
47300,5.000,0.413,2.068,0.682
47400,5.000,0.413,2.068,0.682
47500,5.000,0.413,2.068,0.682
47700,5.000,0.414,2.068,0.682
47800,5.000,0.414,2.068,0.682
47900,5.000,0.414,2.068,0.682
48100,5.000,0.414,2.068,0.682
48200,5.000,0.414,2.068,0.682
48300,5.000,0.414,2.072,0.683
48500,5.000,0.414,2.072,0.683
48600,5.000,0.412,2.061,0.683
48700,5.000,0.412,2.061,0.683
48900,5.000,0.414,2.072,0.683
49000,5.000,0.414,2.072,0.683
49100,5.000,0.414,2.072,0.683
49300,5.000,0.413,2.068,0.683
49400,5.000,0.415,2.076,0.683
49500,5.000,0.415,2.076,0.683
49700,5.000,0.413,2.068,0.683
49800,5.000,0.413,2.068,0.683
49900,5.000,0.413,2.068,0.683
50100,5.000,0.413,2.068,0.684
50200,5.000,0.413,2.068,0.684
50300,5.000,0.414,2.068,0.684
50500,5.000,0.425,2.125,0.684
50600,5.000,0.425,2.125,0.684
50700,5.000,0.425,2.125,0.684
50900,5.000,0.415,2.072,0.684
51000,5.000,0.415,2.072,0.684
51100,5.000,0.413,2.064,0.684
51300,5.000,0.413,2.064,0.684
51400,5.000,0.415,2.076,0.684
51500,5.000,0.415,2.076,0.684
51700,5.000,0.414,2.068,0.685
51800,5.000,0.414,2.068,0.685
51900,5.000,0.414,2.068,0.685
52100,5.000,0.413,2.068,0.685
52200,5.000,0.413,2.068,0.685
52300,5.000,0.413,2.068,0.685
52500,5.000,0.413,2.068,0.685
52600,5.000,0.413,2.068,0.685
52700,5.000,0.414,2.072,0.685
52900,5.000,0.413,2.064,0.685
53000,5.000,0.413,2.064,0.685
53100,5.000,0.413,2.064,0.685
53300,5.000,0.415,2.072,0.685
53400,5.000,0.415,2.072,0.686
53500,5.000,0.413,2.064,0.686
53700,5.000,0.413,2.064,0.686
53800,5.000,0.415,2.072,0.686
53900,5.000,0.415,2.072,0.686
54100,5.000,0.413,2.064,0.686
54200,5.000,0.413,2.064,0.686
54300,5.000,0.414,2.068,0.686
54500,5.000,0.414,2.068,0.686
54600,5.000,0.415,2.076,0.686
54700,5.000,0.415,2.076,0.686
54900,5.000,0.413,2.068,0.686
55000,5.000,0.415,2.072,0.687
55100,5.000,0.415,2.072,0.687
55300,5.000,0.413,2.068,0.687
55400,5.000,0.413,2.068,0.687
55500,5.000,0.413,2.068,0.687
55700,5.000,0.414,2.072,0.687
55800,5.000,0.414,2.072,0.687
55900,5.000,0.413,2.068,0.687
56100,5.000,0.413,2.068,0.687
56200,5.000,0.413,2.068,0.687
56300,5.000,0.413,2.068,0.687
56500,5.000,0.415,2.076,0.687
56600,5.000,0.415,2.076,0.687
56700,5.000,0.414,2.068,0.687
56900,5.000,0.414,2.068,0.688
57000,5.000,0.414,2.072,0.688
57100,5.000,0.414,2.072,0.688
57300,5.000,0.412,2.061,0.688
57400,5.000,0.412,2.061,0.688
57500,5.000,0.415,2.072,0.688
57700,5.000,0.415,2.072,0.688
57800,5.000,0.413,2.064,0.688
57900,5.000,0.413,2.064,0.688
58100,5.000,0.414,2.072,0.688
58200,5.000,0.414,2.072,0.688
58300,5.000,0.414,2.068,0.688
58500,5.000,0.414,2.068,0.689
58600,5.000,0.414,2.068,0.689
58700,5.000,0.414,2.068,0.689
58900,5.000,0.415,2.072,0.689
59000,5.000,0.415,2.072,0.689
59100,5.000,0.412,2.061,0.689
59300,5.000,0.417,2.084,0.689
59400,5.000,0.417,2.084,0.689
59500,5.000,0.417,2.084,0.689
59700,5.000,0.412,2.061,0.689
59800,5.000,0.412,2.061,0.689
59900,5.000,0.415,2.076,0.689
60100,5.000,0.415,2.076,0.690
60200,5.000,0.414,2.068,0.690
60300,5.000,0.414,2.068,0.690
60500,5.000,0.413,2.064,0.690
60600,5.000,0.413,2.064,0.690
60700,5.000,0.414,2.072,0.690
60900,5.000,0.414,2.072,0.690
61000,5.000,0.413,2.068,0.690
61100,5.000,0.413,2.068,0.690
61300,5.000,0.414,2.072,0.690
61400,5.000,0.414,2.072,0.690
61500,5.000,0.413,2.064,0.690
61700,5.000,0.413,2.064,0.690
61800,5.000,0.414,2.072,0.690
61900,5.000,0.414,2.072,0.691
62100,5.000,0.413,2.064,0.691
62200,5.000,0.413,2.064,0.691
62300,5.000,0.415,2.072,0.691
62500,5.000,0.415,2.072,0.691
62600,5.000,0.413,2.068,0.691
62700,5.000,0.413,2.068,0.691
62900,5.000,0.413,2.068,0.691
63000,5.000,0.413,2.068,0.691
63100,5.000,0.415,2.076,0.691
63300,5.000,0.415,2.076,0.691
63400,5.000,0.413,2.064,0.691
63500,5.000,0.413,2.064,0.692
63700,5.000,0.415,2.076,0.692
63800,5.000,0.415,2.076,0.692
63900,5.000,0.412,2.061,0.692
64100,5.000,0.412,2.061,0.692
64200,5.000,0.415,2.076,0.692
64300,5.000,0.415,2.076,0.692
64500,5.000,0.414,2.068,0.692
64600,5.000,0.414,2.068,0.692
64700,5.000,0.414,2.068,0.692
64900,5.000,0.413,2.068,0.692
65000,5.000,0.414,2.072,0.692
65100,5.000,0.414,2.072,0.692
65300,5.000,0.414,2.068,0.693
65400,5.000,0.414,2.068,0.693
65500,5.000,0.414,2.072,0.693
65700,5.000,0.414,2.072,0.693
65800,5.000,0.412,2.061,0.693
65900,5.000,0.412,2.061,0.693
66100,5.000,0.414,2.072,0.693
66200,5.000,0.414,2.072,0.693
66300,5.000,0.413,2.064,0.693
66500,5.000,0.413,2.064,0.693
66600,5.000,0.414,2.072,0.693
66700,5.000,0.414,2.072,0.693
66900,5.000,0.414,2.068,0.694
67000,5.000,0.414,2.068,0.694
67100,5.000,0.414,2.072,0.694
67300,5.000,0.414,2.072,0.694
67400,5.000,0.415,2.072,0.694
67500,5.000,0.415,2.072,0.694
67700,5.000,0.412,2.061,0.694
67800,5.000,0.412,2.061,0.694
67900,5.000,0.412,2.061,0.694
68100,5.000,0.415,2.076,0.694
68200,5.000,0.412,2.061,0.694
68300,5.000,0.412,2.061,0.694
68500,5.000,0.415,2.076,0.694
68600,5.000,0.415,2.076,0.695
68700,5.000,0.415,2.076,0.695
68900,5.000,0.414,2.068,0.695
69000,5.000,0.415,2.076,0.695
69100,5.000,0.415,2.076,0.695
69300,5.000,0.414,2.072,0.695
69400,5.000,0.414,2.072,0.695
69500,5.000,0.413,2.064,0.695
69700,5.000,0.413,2.064,0.695
69800,5.000,0.415,2.072,0.695
69900,5.000,0.415,2.072,0.695
70100,5.000,0.413,2.064,0.695
70200,5.000,0.413,2.064,0.695
70300,5.000,0.415,2.076,0.696
70500,5.000,0.415,2.076,0.696
70600,5.000,0.413,2.068,0.696
70700,5.000,0.413,2.068,0.696
70900,5.000,0.415,2.076,0.696
71000,5.000,0.415,2.076,0.696
71100,5.000,0.415,2.076,0.696
71300,5.000,0.414,2.068,0.696
71400,5.000,0.414,2.072,0.696
71500,5.000,0.414,2.072,0.696
71700,5.000,0.414,2.072,0.696
71800,5.000,0.414,2.072,0.696
71900,5.000,0.414,2.072,0.696
72100,5.000,0.414,2.072,0.697
72200,5.000,0.414,2.072,0.697
72300,5.000,0.415,2.076,0.697
72500,5.000,0.412,2.061,0.697
72600,5.000,0.412,2.061,0.697
72700,5.000,0.415,2.072,0.697
72900,5.000,0.415,2.072,0.697
73000,5.000,0.413,2.068,0.697
73100,5.000,0.413,2.068,0.697
73300,5.000,0.413,2.068,0.697
73400,5.000,0.413,2.068,0.697
73500,5.000,0.413,2.068,0.697
73700,5.000,0.413,2.064,0.698
73800,5.000,0.413,2.064,0.698
73900,5.000,0.413,2.064,0.698
74100,5.000,0.416,2.084,0.698
74200,5.000,0.416,2.084,0.698
74300,5.000,0.416,2.084,0.698
74500,5.000,0.413,2.064,0.698
74600,5.000,0.413,2.064,0.698
74700,5.000,0.415,2.072,0.698
74900,5.000,0.413,2.064,0.698
75000,5.000,0.413,2.064,0.698
75100,5.000,0.413,2.064,0.698
75300,5.000,0.414,2.072,0.698
75400,5.000,0.414,2.072,0.699
75500,5.000,0.414,2.068,0.699
75700,5.000,0.414,2.068,0.699
75800,5.000,0.414,2.068,0.699
75900,5.000,0.414,2.068,0.699
76100,5.000,0.414,2.072,0.699
76200,5.000,0.414,2.068,0.699
76300,5.000,0.414,2.068,0.699
76500,5.000,0.415,2.072,0.699
76600,5.000,0.415,2.072,0.699
76700,5.000,0.415,2.072,0.699
76900,5.000,0.412,2.061,0.699
77000,5.000,0.415,2.076,0.700
77100,5.000,0.415,2.076,0.700
77300,5.000,0.413,2.068,0.700
77400,5.000,0.413,2.068,0.700
77500,5.000,0.413,2.068,0.700
77700,5.000,0.414,2.072,0.700
77800,5.000,0.414,2.072,0.700
77900,5.000,0.414,2.068,0.700
78100,5.000,0.414,2.068,0.700
78200,5.000,0.414,2.068,0.700
78300,5.000,0.414,2.068,0.700
78500,5.000,0.415,2.076,0.700
78600,5.000,0.415,2.076,0.700
78700,5.000,0.413,2.064,0.700
78900,5.000,0.413,2.064,0.701
79000,5.000,0.415,2.072,0.701
79100,5.000,0.415,2.072,0.701
79300,5.000,0.413,2.068,0.701
79400,5.000,0.413,2.068,0.701
79500,5.000,0.415,2.076,0.701
79700,5.000,0.421,2.106,0.701
79800,5.000,0.421,2.106,0.701
79900,5.000,0.421,2.106,0.701
80100,5.000,0.414,2.068,0.701
80200,5.000,0.415,2.072,0.701
80300,5.000,0.415,2.072,0.701
80500,5.000,0.413,2.064,0.702
80600,5.000,0.413,2.064,0.702
80700,5.000,0.413,2.064,0.702
80900,5.000,0.415,2.072,0.702
81000,5.000,0.415,2.072,0.702
81100,5.000,0.412,2.061,0.702
81300,5.000,0.414,2.072,0.702
81400,5.000,0.414,2.072,0.702
81500,5.000,0.414,2.072,0.702
81700,5.000,0.413,2.068,0.702
81800,5.000,0.413,2.068,0.702
81900,5.000,0.438,2.194,0.702
82100,5.000,0.438,2.194,0.703
82200,5.000,0.414,2.072,0.703
82300,5.000,0.414,2.072,0.703
82500,5.000,0.413,2.064,0.703
82600,5.000,0.413,2.064,0.703
82700,5.000,0.415,2.076,0.703
82900,5.000,0.415,2.076,0.703
83000,5.000,0.413,2.064,0.703
83100,5.000,0.413,2.064,0.703
83300,5.000,0.414,2.072,0.703
83400,5.000,0.413,2.064,0.703
83500,5.000,0.413,2.064,0.703
83700,5.000,0.414,2.072,0.703
83800,5.000,0.414,2.072,0.704
83900,5.000,0.414,2.072,0.704
84100,5.000,0.414,2.072,0.704
84200,5.000,0.414,2.072,0.704
84300,5.000,0.414,2.068,0.704
84500,5.000,0.414,2.072,0.704
84600,5.000,0.414,2.072,0.704
84700,5.000,0.414,2.072,0.704
84900,5.000,0.413,2.064,0.704
85000,5.000,0.413,2.064,0.704
85100,5.000,0.414,2.068,0.704
85300,5.000,0.414,2.068,0.704
85400,5.000,0.412,2.057,0.704
85500,5.000,0.412,2.057,0.705
85700,5.000,0.414,2.072,0.705
85800,5.000,0.414,2.072,0.705
85900,5.000,0.413,2.064,0.705
86100,5.000,0.413,2.064,0.705
86200,5.000,0.414,2.068,0.705
86300,5.000,0.414,2.068,0.705
86500,5.000,0.414,2.068,0.705
86600,5.000,0.414,2.068,0.705
86700,5.000,0.412,2.061,0.705
86900,5.000,0.414,2.072,0.705
87000,5.000,0.414,2.072,0.705
87100,5.000,0.414,2.072,0.706
87300,5.000,0.412,2.057,0.706
87400,5.000,0.412,2.057,0.706
87500,5.000,0.414,2.072,0.706
87700,5.000,0.414,2.072,0.706
87800,5.000,0.413,2.064,0.706
87900,5.000,0.413,2.064,0.706
88100,5.000,0.414,2.068,0.706
88200,5.000,0.414,2.068,0.706
88300,5.000,0.413,2.064,0.706
88500,5.000,0.413,2.064,0.706
88600,5.000,0.413,2.064,0.706
88700,5.000,0.413,2.064,0.706
88900,5.000,0.415,2.076,0.707
89000,5.000,0.415,2.076,0.707
89100,5.000,0.412,2.064,0.707
89300,5.000,0.412,2.064,0.707
89400,5.000,0.414,2.068,0.707
89500,5.000,0.414,2.068,0.707
89700,5.000,0.412,2.061,0.707
89800,5.000,0.412,2.061,0.707
89900,5.000,0.412,2.061,0.707
90100,5.000,0.413,2.064,0.707
90200,5.000,0.413,2.064,0.707
90300,5.000,0.413,2.064,0.707
90500,5.000,0.414,2.068,0.708
90600,5.000,0.414,2.068,0.708
90700,5.000,0.414,2.068,0.708
90900,5.000,0.414,2.068,0.708
91000,5.000,0.412,2.061,0.708
91100,5.000,0.412,2.061,0.708
91300,5.000,0.415,2.072,0.708
91400,5.000,0.415,2.072,0.708
91500,5.000,0.412,2.061,0.708
91700,5.000,0.412,2.061,0.708
91800,5.000,0.414,2.072,0.708
91900,5.000,0.414,2.072,0.708
92100,5.000,0.413,2.064,0.708
92200,5.000,0.413,2.064,0.708
92300,5.000,0.413,2.068,0.709
92500,5.000,0.413,2.068,0.709
92600,5.000,0.413,2.068,0.709
92700,5.000,0.413,2.068,0.709
92900,5.000,0.413,2.064,0.709
93000,5.000,0.413,2.064,0.709
93100,5.000,0.413,2.064,0.709
93300,5.000,0.414,2.072,0.709
93400,5.000,0.412,2.061,0.709
93500,5.000,0.412,2.061,0.709
93700,5.000,0.415,2.076,0.709
93800,5.000,0.415,2.076,0.709
93900,5.000,0.413,2.064,0.710
94100,5.000,0.413,2.064,0.710
94200,5.000,0.414,2.072,0.710
94300,5.000,0.414,2.072,0.710
94500,5.000,0.413,2.064,0.710
94600,5.000,0.413,2.064,0.710
94700,5.000,0.413,2.068,0.710
94900,5.000,0.413,2.068,0.710
95000,5.000,0.414,2.072,0.710
95100,5.000,0.414,2.072,0.710
95300,5.000,0.412,2.061,0.710
95400,5.000,0.412,2.061,0.710
95500,5.000,0.412,2.072,0.710
95700,5.000,0.414,2.072,0.711
95800,5.000,0.412,2.057,0.711
95900,5.000,0.412,2.057,0.711
96100,5.000,0.414,2.072,0.711
96200,5.000,0.414,2.072,0.711
96300,5.000,0.414,2.072,0.711
96500,5.000,0.413,2.064,0.711
96600,5.000,0.413,2.064,0.711
96700,5.000,0.413,2.064,0.711
96900,5.000,0.414,2.068,0.711
97000,5.000,0.414,2.068,0.711
97100,5.000,0.413,2.068,0.711
97300,5.000,0.413,2.068,0.712
97400,5.000,0.414,2.068,0.712
97500,5.000,0.414,2.068,0.712
97700,5.000,0.412,2.057,0.712
97800,5.000,0.412,2.057,0.712
97900,5.000,0.414,2.068,0.712
98100,5.000,0.414,2.068,0.712
98200,5.000,0.413,2.068,0.712
98300,5.000,0.413,2.068,0.712
98500,5.000,0.415,2.076,0.712
98600,5.000,0.415,2.076,0.712
98700,5.000,0.415,2.076,0.712
98900,5.000,0.413,2.064,0.712
99000,5.000,0.413,2.068,0.713
99100,5.000,0.413,2.068,0.713
99300,5.000,0.414,2.072,0.713
99400,5.000,0.414,2.072,0.713
99500,5.000,0.414,2.072,0.713
99700,5.000,0.412,2.064,0.713
99800,5.000,0.412,2.064,0.713
99900,5.000,0.414,2.072,0.713
100100,5.000,0.412,2.061,0.713
100200,5.000,0.412,2.061,0.713
100300,5.000,0.412,2.061,0.713
100500,5.000,0.414,2.072,0.713
100600,5.000,0.413,2.064,0.713
100700,5.000,0.413,2.064,0.714
100900,5.000,0.412,2.064,0.714
101000,5.000,0.412,2.064,0.714
101100,5.000,0.414,2.068,0.714
101300,5.000,0.414,2.068,0.714
101400,5.000,0.413,2.064,0.714
101500,5.000,0.413,2.064,0.714
101700,5.000,0.414,2.072,0.714
101800,5.000,0.414,2.072,0.714
101900,5.000,0.414,2.072,0.714
102100,5.000,0.412,2.061,0.714
102200,5.000,0.414,2.072,0.714
102300,5.000,0.414,2.072,0.714
102500,5.000,0.413,2.064,0.715
102600,5.000,0.413,2.064,0.715
102700,5.000,0.413,2.064,0.715
102900,5.000,0.413,2.064,0.715
103000,5.000,0.413,2.064,0.715
103100,5.000,0.413,2.064,0.715
103300,5.000,0.413,2.064,0.715
103400,5.000,0.413,2.064,0.715
103500,5.000,0.413,2.064,0.715
103700,5.000,0.416,2.080,0.715
103800,5.000,0.416,2.080,0.715
103900,5.000,0.412,2.061,0.715
104100,5.000,0.415,2.072,0.716
104200,5.000,0.415,2.072,0.716
104300,5.000,0.412,2.057,0.716
104500,5.000,0.412,2.057,0.716
104600,5.000,0.414,2.072,0.716
104700,5.000,0.414,2.072,0.716
104900,5.000,0.413,2.068,0.716
105000,5.000,0.413,2.068,0.716
105100,5.000,0.413,2.068,0.716
105300,5.000,0.413,2.064,0.716
105400,5.000,0.414,2.072,0.716
105500,5.000,0.414,2.072,0.716
105700,5.000,0.412,2.061,0.716
105800,5.000,0.412,2.061,0.717
105900,5.000,0.412,2.061,0.717
106100,5.000,0.414,2.072,0.717
106200,5.000,0.414,2.072,0.717
106300,5.000,0.413,2.064,0.717
106500,5.000,0.414,2.068,0.717
106600,5.000,0.414,2.068,0.717
106700,5.000,0.414,2.068,0.717
106900,5.000,0.413,2.064,0.717
107000,5.000,0.413,2.064,0.717
107100,5.000,0.413,2.068,0.717
107300,5.000,0.413,2.068,0.717
107400,5.000,0.414,2.072,0.717
107500,5.000,0.414,2.072,0.718
107700,5.000,0.413,2.064,0.718
107800,5.000,0.414,2.068,0.718
107900,5.000,0.414,2.068,0.718
108100,5.000,0.412,2.061,0.718
108200,5.000,0.412,2.061,0.718
108300,5.000,0.412,2.061,0.718
108500,5.000,0.414,2.072,0.718
108600,5.000,0.414,2.072,0.718
108700,5.000,0.412,2.064,0.718
108900,5.000,0.414,2.072,0.718
109000,5.000,0.414,2.072,0.718
109100,5.000,0.414,2.072,0.718
109300,5.000,0.413,2.064,0.719
109400,5.000,0.413,2.064,0.719
109500,5.000,0.413,2.064,0.719
109700,5.000,0.413,2.064,0.719
109800,5.000,0.414,2.072,0.719
109900,5.000,0.414,2.072,0.719
110100,5.000,0.412,2.061,0.719
110200,5.000,0.412,2.061,0.719
110300,5.000,0.414,2.072,0.719
110500,5.000,0.414,2.072,0.719
110600,5.000,0.412,2.061,0.719
110700,5.000,0.412,2.061,0.719
110900,5.000,0.414,2.072,0.720
111000,5.000,0.413,2.068,0.720
111100,5.000,0.413,2.068,0.720
111300,5.000,0.413,2.068,0.720
111400,5.000,0.413,2.068,0.720
111500,5.000,0.413,2.068,0.720
111700,5.000,0.413,2.068,0.720
111800,5.000,0.413,2.068,0.720
111900,5.000,0.413,2.064,0.720
112100,5.000,0.414,2.068,0.720
112200,5.000,0.414,2.068,0.720
112300,5.000,0.414,2.068,0.720
112500,5.000,0.412,2.057,0.720
112600,5.000,0.412,2.057,0.721
112700,5.000,0.414,2.068,0.721
112900,5.000,0.414,2.068,0.721
113000,5.000,0.412,2.061,0.721
113100,5.000,0.412,2.061,0.721
113300,5.000,0.415,2.076,0.721
113400,5.000,0.415,2.076,0.721
113500,5.000,0.413,2.068,0.721
113700,5.000,0.413,2.068,0.721
113800,5.000,0.413,2.064,0.721
113900,5.000,0.413,2.064,0.721
114100,5.000,0.415,2.072,0.721
114200,5.000,0.415,2.072,0.721
114300,5.000,0.412,2.061,0.722
114500,5.000,0.414,2.072,0.722
114600,5.000,0.414,2.072,0.722
114700,5.000,0.414,2.072,0.722
114900,5.000,0.413,2.064,0.722
115000,5.000,0.413,2.064,0.722
115100,5.000,0.414,2.072,0.722
115300,5.000,0.413,2.064,0.722
115400,5.000,0.413,2.064,0.722
115500,5.000,0.413,2.064,0.722
115700,5.000,0.413,2.064,0.722
115800,5.000,0.413,2.064,0.722
115900,5.000,0.414,2.072,0.723
116100,5.000,0.414,2.072,0.723
116200,5.000,0.412,2.064,0.723
116300,5.000,0.412,2.064,0.723
116500,5.000,0.414,2.068,0.723
116600,5.000,0.414,2.068,0.723
116700,5.000,0.413,2.064,0.723
116900,5.000,0.413,2.064,0.723
117000,5.000,0.414,2.072,0.723
117100,5.000,0.414,2.072,0.723
117300,5.000,0.413,2.064,0.723
117400,5.000,0.413,2.064,0.723
117500,5.000,0.414,2.068,0.723
117700,5.000,0.414,2.068,0.724
117800,5.000,0.414,2.072,0.724
117900,5.000,0.414,2.072,0.724
118100,5.000,0.414,2.068,0.724
118200,5.000,0.414,2.068,0.724
118300,5.000,0.415,2.072,0.724
118500,5.000,0.415,2.072,0.724
118600,5.000,0.411,2.057,0.724
118700,5.000,0.411,2.057,0.724
118900,5.000,0.414,2.072,0.724
119000,5.000,0.414,2.072,0.724
119100,5.000,0.413,2.068,0.724
119300,5.000,0.413,2.068,0.725
119400,5.000,0.414,2.068,0.725
119500,5.000,0.414,2.068,0.725
119700,5.000,0.414,2.068,0.725
119800,5.000,0.414,2.068,0.725
119900,5.000,0.413,2.064,0.725
120100,5.000,0.413,2.064,0.725
120200,5.000,0.414,2.068,0.725
120300,5.000,0.414,2.068,0.725
120500,5.000,0.412,2.061,0.725
120600,5.000,0.412,2.061,0.725
120700,5.000,0.412,2.061,0.725
120900,5.000,0.414,2.068,0.725
121000,5.000,0.413,2.068,0.725
121100,5.000,0.413,2.068,0.726
121300,5.000,0.414,2.068,0.726
121400,5.000,0.414,2.068,0.726
121500,5.000,0.413,2.064,0.726
121700,5.000,0.413,2.064,0.726
121800,5.000,0.414,2.068,0.726
121900,5.000,0.414,2.068,0.726
122100,5.000,0.414,2.072,0.726
122200,5.000,0.414,2.072,0.726
122300,5.000,0.412,2.061,0.726
122500,5.000,0.412,2.061,0.726
122600,5.000,0.415,2.072,0.726
122700,5.000,0.415,2.072,0.727
122900,5.000,0.413,2.064,0.727
123000,5.000,0.413,2.064,0.727
123100,5.000,0.415,2.076,0.727
123300,5.000,0.415,2.076,0.727
123400,5.000,0.413,2.064,0.727
123500,5.000,0.413,2.064,0.727
123700,5.000,0.413,2.064,0.727
123800,5.000,0.413,2.064,0.727
123900,5.000,0.413,2.064,0.727
124100,5.000,0.414,2.072,0.727
124200,5.000,0.412,2.061,0.727
124300,5.000,0.412,2.061,0.727
124500,5.000,0.414,2.072,0.728
124600,5.000,0.414,2.072,0.728
124700,5.000,0.414,2.072,0.728
124900,5.000,0.412,2.061,0.728
125000,5.000,0.414,2.068,0.728
125100,5.000,0.414,2.068,0.728
125300,5.000,0.413,2.068,0.728
125400,5.000,0.413,2.068,0.728
125500,5.000,0.413,2.068,0.728
125700,5.000,0.413,2.068,0.728
125800,5.000,0.413,2.064,0.728
125900,5.000,0.413,2.064,0.728
126100,5.000,0.413,2.068,0.729
126200,5.000,0.413,2.068,0.729
126300,5.000,0.414,2.072,0.729
126500,5.000,0.414,2.072,0.729
126600,5.000,0.412,2.061,0.729
126700,5.000,0.412,2.061,0.729
126900,5.000,0.414,2.072,0.729
127000,5.000,0.414,2.072,0.729
127100,5.000,0.414,2.072,0.729
127300,5.000,0.413,2.064,0.729
127400,5.000,0.415,2.072,0.729
127500,5.000,0.415,2.072,0.729
127700,5.000,0.413,2.064,0.729
127800,5.000,0.413,2.064,0.730
127900,5.000,0.413,2.064,0.730
128100,5.000,0.416,2.080,0.730
128200,5.000,0.416,2.080,0.730
128300,5.000,0.415,2.076,0.730
128500,5.000,0.412,2.061,0.730
128600,5.000,0.412,2.061,0.730
128700,5.000,0.415,2.076,0.730
128900,5.000,0.415,2.076,0.730
129000,5.000,0.412,2.061,0.730
129100,5.000,0.412,2.061,0.730
129300,5.000,0.414,2.072,0.730
129400,5.000,0.414,2.072,0.730
129500,5.000,0.414,2.072,0.731
129700,5.000,0.413,2.068,0.731
129800,5.000,0.413,2.064,0.731
129900,5.000,0.413,2.064,0.731
130100,5.000,0.414,2.072,0.731
130200,5.000,0.414,2.072,0.731
130300,5.000,0.414,2.072,0.731
130500,5.000,0.413,2.064,0.731
130600,5.000,0.413,2.064,0.731
130700,5.000,0.414,2.072,0.731
130900,5.000,0.412,2.061,0.731
131000,5.000,0.412,2.061,0.731
131100,5.000,0.412,2.061,0.731
131300,5.000,0.414,2.072,0.732
131400,5.000,0.414,2.072,0.732
131500,5.000,0.413,2.064,0.732
131700,5.000,0.413,2.064,0.732
131800,5.000,0.414,2.072,0.732
131900,5.000,0.414,2.072,0.732
132100,5.000,0.413,2.064,0.732
132200,5.000,0.413,2.064,0.732
132300,5.000,0.413,2.064,0.732
132500,5.000,0.414,2.072,0.732
132600,5.000,0.414,2.072,0.732
132700,5.000,0.414,2.072,0.732
132900,5.000,0.414,2.068,0.733
133000,5.000,0.414,2.072,0.733
133100,5.000,0.414,2.072,0.733
133300,5.000,0.413,2.064,0.733
133400,5.000,0.413,2.064,0.733
133500,5.000,0.413,2.064,0.733
133700,5.000,0.414,2.072,0.733
133800,5.000,0.414,2.072,0.733
133900,5.000,0.413,2.064,0.733
134100,5.000,0.413,2.064,0.733
134200,5.000,0.413,2.064,0.733
134300,5.000,0.413,2.064,0.733
134500,5.000,0.414,2.072,0.733
134600,5.000,0.414,2.072,0.734
134700,5.000,0.413,2.064,0.734
134900,5.000,0.413,2.064,0.734
135000,5.000,0.414,2.072,0.734
135100,5.000,0.414,2.072,0.734
135300,5.000,0.412,2.061,0.734
135400,5.000,0.412,2.061,0.734
135500,5.000,0.414,2.072,0.734
135700,5.000,0.413,2.064,0.734
135800,5.000,0.413,2.064,0.734
135900,5.000,0.413,2.064,0.734
136100,5.000,0.414,2.068,0.734
136200,5.000,0.413,2.064,0.735
136300,5.000,0.413,2.064,0.735
136500,5.000,0.413,2.064,0.735
136600,5.000,0.413,2.064,0.735
136700,5.000,0.413,2.064,0.735
136900,5.000,0.415,2.072,0.735
137000,5.000,0.415,2.072,0.735
137100,5.000,0.412,2.061,0.735
137300,5.000,0.415,2.072,0.735
137400,5.000,0.415,2.072,0.735
137500,5.000,0.415,2.072,0.735
137700,5.000,0.412,2.061,0.735
137800,5.000,0.412,2.061,0.735
137900,5.000,0.415,2.076,0.735
138100,5.000,0.415,2.076,0.736
138200,5.000,0.413,2.064,0.736
138300,5.000,0.413,2.064,0.736
138500,5.000,0.414,2.068,0.736
138600,5.000,0.414,2.068,0.736
138700,5.000,0.414,2.072,0.736
138900,5.000,0.414,2.072,0.736
139000,5.000,0.413,2.064,0.736
139100,5.000,0.413,2.064,0.736
139300,5.000,0.414,2.072,0.736
139400,5.000,0.412,2.061,0.736
139500,5.000,0.412,2.061,0.736
139700,5.000,0.414,2.072,0.737
139800,5.000,0.414,2.072,0.737
139900,5.000,0.414,2.072,0.737
140100,5.000,0.417,2.087,0.737
140200,5.000,0.417,2.087,0.737
140300,5.000,0.434,2.171,0.737
140500,5.000,0.434,2.061,0.737
140600,5.000,0.412,2.061,0.737
140700,5.000,0.412,2.061,0.737
140900,5.000,0.414,2.072,0.737
141000,5.000,0.414,2.072,0.737
141100,5.000,0.412,2.061,0.737
141300,5.000,0.412,2.061,0.738
141400,5.000,0.413,2.068,0.738
141500,5.000,0.413,2.068,0.738
141700,5.000,0.413,2.064,0.738
141800,5.000,0.413,2.064,0.738
141900,5.000,0.413,2.064,0.738
142100,5.000,0.413,2.064,0.738
142200,5.000,0.415,2.072,0.738
142300,5.000,0.415,2.072,0.738
142500,5.000,0.413,2.064,0.738
142600,5.000,0.413,2.064,0.738
142700,5.000,0.415,2.076,0.738
142900,5.000,0.412,2.061,0.738
143000,5.000,0.412,2.061,0.739
143100,5.000,0.412,2.061,0.739
143300,5.000,0.414,2.068,0.739
143400,5.000,0.414,2.068,0.739
143500,5.000,0.413,2.064,0.739
143700,5.000,0.413,2.064,0.739
143800,5.000,0.413,2.068,0.739
143900,5.000,0.413,2.068,0.739
144100,5.000,0.414,2.068,0.739
144200,5.000,0.414,2.068,0.739
144300,5.000,0.413,2.064,0.739
144500,5.000,0.413,2.064,0.739
144600,5.000,0.414,2.072,0.739
144700,5.000,0.414,2.072,0.740
144900,5.000,0.412,2.061,0.740
145000,5.000,0.412,2.061,0.740
145100,5.000,0.414,2.072,0.740
145300,5.000,0.414,2.072,0.740
145400,5.000,0.413,2.064,0.740
145500,5.000,0.413,2.064,0.740
145700,5.000,0.414,2.068,0.740
145800,5.000,0.414,2.068,0.740
145900,5.000,0.414,2.068,0.740
146100,5.000,0.413,2.064,0.740
146200,5.000,0.413,2.064,0.740
146300,5.000,0.413,2.064,0.740
146500,5.000,0.414,2.072,0.741
146600,5.000,0.414,2.072,0.741
146700,5.000,0.412,2.057,0.741
146900,5.000,0.412,2.057,0.741
147000,5.000,0.414,2.072,0.741
147100,5.000,0.414,2.072,0.741
147300,5.000,0.413,2.064,0.741
147400,5.000,0.413,2.064,0.741
147500,5.000,0.414,2.072,0.741
147700,5.000,0.414,2.072,0.741
147800,5.000,0.426,2.133,0.741
147900,5.000,0.426,2.133,0.741
148100,5.000,0.414,2.068,0.742
148200,5.000,0.414,2.068,0.742
148300,5.000,0.414,2.072,0.742
148500,5.000,0.414,2.072,0.742
148600,5.000,0.413,2.068,0.742
148700,5.000,0.413,2.068,0.742
148900,5.000,0.415,2.072,0.742
149000,5.000,0.415,2.072,0.742
149100,5.000,0.415,2.072,0.742
149300,5.000,0.412,2.061,0.742
149400,5.000,0.415,2.072,0.742
149500,5.000,0.415,2.072,0.742
149700,5.000,0.413,2.068,0.743
149800,5.000,0.413,2.068,0.743
149900,5.000,0.414,2.068,0.743
150100,5.000,0.414,2.068,0.743
150200,5.000,0.414,2.068,0.743
150300,5.000,0.414,2.068,0.743
150500,5.000,0.413,2.064,0.743
150600,5.000,0.413,2.064,0.743
150700,5.000,0.415,2.076,0.743
150900,5.000,0.415,2.076,0.743
151000,5.000,0.412,2.064,0.743
151100,5.000,0.412,2.064,0.743
151300,5.000,0.414,2.072,0.743
151400,5.000,0.414,2.072,0.743
151500,5.000,0.414,2.068,0.744
151700,5.000,0.413,2.068,0.744
151800,5.000,0.414,2.072,0.744
151900,5.000,0.414,2.072,0.744
152100,5.000,0.414,2.068,0.744
152200,5.000,0.414,2.068,0.744
152300,5.000,0.414,2.068,0.744
152500,5.000,0.413,2.064,0.744
152600,5.000,0.413,2.064,0.744
152700,5.000,0.415,2.076,0.744
152900,5.000,0.412,2.061,0.744
153000,5.000,0.412,2.061,0.744
153100,5.000,0.414,2.072,0.745
153300,5.000,0.414,2.072,0.745
153400,5.000,0.412,2.061,0.745
153500,5.000,0.412,2.061,0.745
153700,5.000,0.414,2.072,0.745
153800,5.000,0.414,2.072,0.745
153900,5.000,0.413,2.068,0.745
154100,5.000,0.413,2.068,0.745
154200,5.000,0.414,2.068,0.745
154300,5.000,0.414,2.068,0.745
154500,5.000,0.415,2.076,0.745
154600,5.000,0.415,2.076,0.745
154700,5.000,0.415,2.076,0.745
154900,5.000,0.413,2.064,0.746
155000,5.000,0.415,2.076,0.746
155100,5.000,0.415,2.076,0.746
155300,5.000,0.413,2.064,0.746
155400,5.000,0.413,2.064,0.746
155500,5.000,0.413,2.064,0.746
155700,5.000,0.414,2.072,0.746
155800,5.000,0.414,2.072,0.746
155900,5.000,0.414,2.068,0.746
156100,5.000,0.414,2.072,0.746
156200,5.000,0.414,2.072,0.746
156300,5.000,0.414,2.072,0.746
156500,5.000,0.415,2.072,0.747
156600,5.000,0.413,2.064,0.747
156700,5.000,0.413,2.064,0.747
156900,5.000,0.415,2.072,0.747
157000,5.000,0.415,2.072,0.747
157100,5.000,0.412,2.061,0.747
157300,5.000,0.412,2.061,0.747
157400,5.000,0.415,2.076,0.747
157500,5.000,0.415,2.076,0.747
157700,5.000,0.414,2.068,0.747
157800,5.000,0.414,2.068,0.747
157900,5.000,0.414,2.068,0.747
158100,5.000,0.414,2.072,0.747
158200,5.000,0.414,2.068,0.748
158300,5.000,0.414,2.068,0.748
158500,5.000,0.413,2.068,0.748
158600,5.000,0.413,2.068,0.748
158700,5.000,0.413,2.068,0.748
158900,5.000,0.414,2.072,0.748
159000,5.000,0.414,2.072,0.748
159100,5.000,0.412,2.061,0.748
159300,5.000,0.414,2.072,0.748
159400,5.000,0.414,2.072,0.748
159500,5.000,0.414,2.072,0.748
159700,5.000,0.414,2.068,0.748
159800,5.000,0.414,2.068,0.748
159900,5.000,0.414,2.068,0.748
160100,5.000,0.414,2.068,0.749
160200,5.000,0.414,2.068,0.749
160300,5.000,0.413,2.064,0.749
160500,5.000,0.413,2.064,0.749
160600,5.000,0.414,2.072,0.749
160700,5.000,0.414,2.072,0.749
160900,5.000,0.412,2.061,0.749
161000,5.000,0.412,2.061,0.749
161100,5.000,0.412,2.061,0.749
161300,5.000,0.414,2.072,0.749
161400,5.000,0.413,2.064,0.749
161500,5.000,0.413,2.064,0.749
161700,5.000,0.414,2.072,0.750
161800,5.000,0.414,2.072,0.750
161900,5.000,0.414,2.072,0.750
162100,5.000,0.413,2.064,0.750
162200,5.000,0.413,2.064,0.750
162300,5.000,0.414,2.068,0.750
162500,5.000,0.415,2.080,0.750
162600,5.000,0.415,2.080,0.750
162700,5.000,0.415,2.080,0.750
162900,5.000,0.412,2.061,0.750
163000,5.000,0.412,2.061,0.750
163100,5.000,0.415,2.076,0.750
163300,5.000,0.415,2.076,0.750
163400,5.000,0.413,2.064,0.751
163500,5.000,0.413,2.064,0.751
163700,5.000,0.415,2.072,0.751
163800,5.000,0.414,2.068,0.751
163900,5.000,0.414,2.068,0.751
164100,5.000,0.413,2.064,0.751
164200,5.000,0.413,2.064,0.751
164300,5.000,0.413,2.064,0.751
164500,5.000,0.415,2.072,0.751
164600,5.000,0.415,2.072,0.751
164700,5.000,0.413,2.064,0.751
164900,5.000,0.415,2.072,0.751
165000,5.000,0.415,2.072,0.752
165100,5.000,0.415,2.072,0.752
165300,5.000,0.412,2.061,0.752
165400,5.000,0.412,2.061,0.752
165500,5.000,0.414,2.072,0.752
165700,5.000,0.414,2.072,0.752
165800,5.000,0.414,2.072,0.752
165900,5.000,0.414,2.072,0.752
166100,5.000,0.413,2.064,0.752
166200,5.000,0.413,2.064,0.752
166300,5.000,0.414,2.072,0.752
166500,5.000,0.414,2.072,0.752
166600,5.000,0.414,2.072,0.752
166700,5.000,0.414,2.072,0.753
166900,5.000,0.415,2.072,0.753
167000,5.000,0.413,2.061,0.753
167100,5.000,0.413,2.061,0.753
167300,5.000,0.417,2.087,0.753
167400,5.000,0.417,2.087,0.753
167500,5.000,0.417,2.087,0.753
167700,5.000,0.414,2.068,0.753
167800,5.000,0.414,2.068,0.753
167900,5.000,0.414,2.072,0.753
168100,5.000,0.413,2.068,0.753
168200,5.000,0.413,2.068,0.753
168300,5.000,0.413,2.068,0.753
168500,5.000,0.414,2.068,0.754
168600,5.000,0.414,2.068,0.754
168700,5.000,0.415,2.076,0.754
168900,5.000,0.415,2.076,0.754
169000,5.000,0.413,2.064,0.754
169100,5.000,0.413,2.064,0.754
169300,5.000,0.415,2.072,0.754
169400,5.000,0.415,2.072,0.754
169500,5.000,0.413,2.068,0.754
169700,5.000,0.413,2.068,0.754
169800,5.000,0.414,2.072,0.754
169900,5.000,0.414,2.072,0.754
170100,5.000,0.414,2.068,0.755
170200,5.000,0.414,2.068,0.755
170300,5.000,0.414,2.068,0.755
170500,5.000,0.415,2.076,0.755
170600,5.000,0.415,2.076,0.755
170700,5.000,0.415,2.076,0.755
170900,5.000,0.413,2.064,0.755
171000,5.000,0.413,2.064,0.755
171100,5.000,0.415,2.072,0.755
171300,5.000,0.413,2.064,0.755
171400,5.000,0.413,2.064,0.755
171500,5.000,0.413,2.064,0.755
171700,5.000,0.415,2.076,0.756
171800,5.000,0.415,2.076,0.756
171900,5.000,0.414,2.072,0.756
172100,5.000,0.414,2.072,0.756
172200,5.000,0.415,2.076,0.756
172300,5.000,0.415,2.076,0.756
172500,5.000,0.414,2.068,0.756
172600,5.000,0.414,2.068,0.756
172700,5.000,0.413,2.064,0.756
172900,5.000,0.413,2.064,0.756
173000,5.000,0.415,2.072,0.756
173100,5.000,0.415,2.072,0.756
173300,5.000,0.412,2.061,0.756
173400,5.000,0.412,2.061,0.756
173500,5.000,0.415,2.080,0.757
173700,5.000,0.415,2.080,0.757
173800,5.000,0.413,2.068,0.757
173900,5.000,0.413,2.068,0.757
174100,5.000,0.414,2.068,0.757
174200,5.000,0.414,2.068,0.757
174300,5.000,0.415,2.076,0.757
174500,5.000,0.415,2.076,0.757
174600,5.000,0.413,2.064,0.757
174700,5.000,0.413,2.064,0.757
174900,5.000,0.415,2.076,0.757
175000,5.000,0.415,2.076,0.757
175100,5.000,0.413,2.064,0.758
175300,5.000,0.413,2.064,0.758
175400,5.000,0.415,2.076,0.758
175500,5.000,0.415,2.076,0.758
175700,5.000,0.414,2.072,0.758
175800,5.000,0.414,2.072,0.758
175900,5.000,0.414,2.068,0.758
176100,5.000,0.414,2.068,0.758
176200,5.000,0.414,2.068,0.758
176300,5.000,0.414,2.068,0.758
176500,5.000,0.414,2.068,0.758
176600,5.000,0.414,2.068,0.758
176700,5.000,0.414,2.068,0.758
176900,5.000,0.414,2.072,0.759
177000,5.000,0.414,2.072,0.759
177100,5.000,0.414,2.072,0.759
177300,5.000,0.415,2.076,0.759
177400,5.000,0.415,2.076,0.759
177500,5.000,0.414,2.068,0.759
177700,5.000,0.414,2.068,0.759
177800,5.000,0.415,2.072,0.759
177900,5.000,0.415,2.072,0.759
178100,5.000,0.413,2.068,0.759
178200,5.000,0.413,2.068,0.759
178300,5.000,0.414,2.068,0.759
178500,5.000,0.414,2.068,0.760
178600,5.000,0.415,2.076,0.760
178700,5.000,0.415,2.076,0.760
178900,5.000,0.413,2.064,0.760
179000,5.000,0.413,2.064,0.760
179100,5.000,0.415,2.076,0.760
179300,5.000,0.415,2.076,0.760
179400,5.000,0.413,2.064,0.760
179500,5.000,0.413,2.064,0.760
179700,5.000,0.414,2.072,0.760
179800,5.000,0.414,2.072,0.760
179900,5.000,0.414,2.072,0.760
180100,5.000,0.414,2.068,0.760
180200,5.000,0.413,2.064,0.761
180300,5.000,0.413,2.064,0.761
180500,5.000,0.415,2.072,0.761
180600,5.000,0.415,2.072,0.761
180700,5.000,0.415,2.072,0.761
180900,5.000,0.413,2.064,0.761
181000,5.000,0.415,2.072,0.761
181100,5.000,0.415,2.072,0.761
181300,5.000,0.413,2.064,0.761
181400,5.000,0.413,2.064,0.761
181500,5.000,0.414,2.072,0.761
181700,5.000,0.414,2.072,0.761
181800,5.000,0.413,2.064,0.761
181900,5.000,0.413,2.064,0.762
182100,5.000,0.417,2.084,0.762
182200,5.000,0.417,2.084,0.762
182300,5.000,0.414,2.072,0.762
182500,5.000,0.414,2.072,0.762
182600,5.000,0.413,2.068,0.762
182700,5.000,0.413,2.068,0.762
182900,5.000,0.415,2.072,0.762
183000,5.000,0.415,2.072,0.762
183100,5.000,0.415,2.072,0.762
183300,5.000,0.412,2.061,0.762
183400,5.000,0.415,2.072,0.762
183500,5.000,0.415,2.072,0.762
183700,5.000,0.413,2.064,0.763
183800,5.000,0.413,2.064,0.763
183900,5.000,0.413,2.064,0.763
184100,5.000,0.414,2.068,0.763
184200,5.000,0.414,2.068,0.763
184300,5.000,0.414,2.068,0.763
184500,5.000,0.413,2.064,0.763
184600,5.000,0.413,2.064,0.763
184700,5.000,0.414,2.072,0.763
184900,5.000,0.414,2.072,0.763
185000,5.000,0.412,2.061,0.763
185100,5.000,0.412,2.061,0.763
185300,5.000,0.414,2.072,0.764
185400,5.000,0.414,2.072,0.764
185500,5.000,0.414,2.072,0.764
185700,5.000,0.413,2.068,0.764
185800,5.000,0.414,2.072,0.764
185900,5.000,0.414,2.072,0.764
186100,5.000,0.413,2.064,0.764
186200,5.000,0.413,2.064,0.764
186300,5.000,0.413,2.064,0.764
186500,5.000,0.413,2.064,0.764
186600,5.000,0.413,2.064,0.764
186700,5.000,0.414,2.072,0.764
186900,5.000,0.414,2.072,0.764
187000,5.000,0.414,2.072,0.765
187100,5.000,0.414,2.072,0.765
187300,5.000,0.414,2.068,0.765
187400,5.000,0.414,2.068,0.765
187500,5.000,0.413,2.064,0.765
187700,5.000,0.413,2.064,0.765
187800,5.000,0.415,2.076,0.765
187900,5.000,0.415,2.076,0.765
188100,5.000,0.413,2.068,0.765
188200,5.000,0.413,2.068,0.765
188300,5.000,0.413,2.068,0.765
188500,5.000,0.415,2.076,0.765
188600,5.000,0.415,2.076,0.766
188700,5.000,0.415,2.076,0.766
188900,5.000,0.412,2.064,0.766
189000,5.000,0.415,2.076,0.766
189100,5.000,0.415,2.076,0.766
189300,5.000,0.413,2.064,0.766
189400,5.000,0.413,2.064,0.766
189500,5.000,0.413,2.064,0.766
189700,5.000,0.415,2.072,0.766
189800,5.000,0.415,2.072,0.766
189900,5.000,0.414,2.068,0.766
190100,5.000,0.413,2.064,0.766
190200,5.000,0.413,2.064,0.766
190300,5.000,0.413,2.064,0.766
190500,5.000,0.415,2.072,0.767
190600,5.000,0.415,2.072,0.767
190700,5.000,0.413,2.068,0.767
190900,5.000,0.413,2.068,0.767
191000,5.000,0.415,2.072,0.767
191100,5.000,0.415,2.072,0.767
191300,5.000,0.412,2.061,0.767
191400,5.000,0.412,2.061,0.767
191500,5.000,0.415,2.072,0.767
191700,5.000,0.413,2.068,0.767
191800,5.000,0.413,2.068,0.767
191900,5.000,0.413,2.068,0.767
192100,5.000,0.414,2.072,0.768
192200,5.000,0.413,2.068,0.768
192300,5.000,0.413,2.068,0.768
192500,5.000,0.413,2.068,0.768
192600,5.000,0.413,2.068,0.768
192700,5.000,0.413,2.068,0.768
192900,5.000,0.415,2.076,0.768
193000,5.000,0.415,2.076,0.768
193100,5.000,0.412,2.061,0.768
193300,5.000,0.415,2.072,0.768
193400,5.000,0.415,2.072,0.768
193500,5.000,0.415,2.072,0.768
193700,5.000,0.413,2.068,0.768
193800,5.000,0.413,2.068,0.769
193900,5.000,0.414,2.068,0.769
194100,5.000,0.414,2.068,0.769
194200,5.000,0.414,2.068,0.769
194300,5.000,0.414,2.068,0.769
194500,5.000,0.413,2.064,0.769
194600,5.000,0.413,2.064,0.769
194700,5.000,0.415,2.076,0.769
194900,5.000,0.415,2.076,0.769
195000,5.000,0.413,2.064,0.769
195100,5.000,0.413,2.064,0.769
195300,5.000,0.415,2.072,0.769
195400,5.000,0.413,2.068,0.770
195500,5.000,0.413,2.068,0.770
195700,5.000,0.414,2.068,0.770
195800,5.000,0.414,2.068,0.770
195900,5.000,0.414,2.068,0.770
196100,5.000,0.413,2.064,0.770
196200,5.000,0.413,2.064,0.770
196300,5.000,0.413,2.068,0.770
196500,5.000,0.413,2.068,0.770
196600,5.000,0.415,2.072,0.770
196700,5.000,0.415,2.072,0.770
196900,5.000,0.414,2.068,0.770
197000,5.000,0.414,2.068,0.770
197100,5.000,0.414,2.072,0.771
197300,5.000,0.414,2.072,0.771
197400,5.000,0.413,2.064,0.771
197500,5.000,0.413,2.064,0.771
197700,5.000,0.439,2.194,0.771
197800,5.000,0.439,2.194,0.771
197900,5.000,0.413,2.068,0.771
198100,5.000,0.413,2.068,0.771
198200,5.000,0.414,2.068,0.771
198300,5.000,0.414,2.068,0.771
198500,5.000,0.415,2.076,0.771
198600,5.000,0.415,2.076,0.771
198700,5.000,0.413,2.064,0.771
198900,5.000,0.415,2.076,0.772
199000,5.000,0.415,2.076,0.772
199100,5.000,0.415,2.076,0.772
199300,5.000,0.412,2.064,0.772
199400,5.000,0.412,2.064,0.772
199500,5.000,0.415,2.076,0.772
199700,5.000,0.415,2.076,0.772
199800,5.000,0.414,2.068,0.772
199900,5.000,0.414,2.068,0.772
200100,5.000,0.413,2.068,0.772
200200,5.000,0.413,2.068,0.772
200300,5.000,0.414,2.072,0.772
200500,5.000,0.414,2.072,0.773
200600,5.000,0.413,2.064,0.773
200700,5.000,0.413,2.064,0.773
200900,5.000,0.414,2.072,0.773
201000,5.000,0.414,2.072,0.773
201100,5.000,0.412,2.061,0.773
201300,5.000,0.412,2.061,0.773
201400,5.000,0.414,2.072,0.773
201500,5.000,0.414,2.072,0.773
201700,5.000,0.415,2.076,0.773
201800,5.000,0.415,2.076,0.773
201900,5.000,0.415,2.076,0.773
202100,5.000,0.413,2.068,0.774
202200,5.000,0.413,2.068,0.774
202300,5.000,0.413,2.068,0.774
202500,5.000,0.414,2.068,0.774
202600,5.000,0.414,2.068,0.774
202700,5.000,0.415,2.076,0.774
202900,5.000,0.415,2.076,0.774
203000,5.000,0.412,2.057,0.774
203100,5.000,0.412,2.057,0.774
203300,5.000,0.415,2.072,0.774
203400,5.000,0.415,2.072,0.774
203500,5.000,0.413,2.068,0.774
203700,5.000,0.413,2.068,0.774
203800,5.000,0.414,2.068,0.774
203900,5.000,0.414,2.068,0.775
204100,5.000,0.413,2.068,0.775
204200,5.000,0.413,2.068,0.775
204300,5.000,0.413,2.064,0.775
204500,5.000,0.413,2.064,0.775
204600,5.000,0.414,2.072,0.775
204700,5.000,0.414,2.072,0.775
204900,5.000,0.412,2.061,0.775
205000,5.000,0.412,2.061,0.775
205100,5.000,0.412,2.061,0.775
205300,5.000,0.414,2.072,0.775
205400,5.000,0.413,2.064,0.775
205500,5.000,0.413,2.064,0.776
205700,5.000,0.414,2.072,0.776
205800,5.000,0.414,2.072,0.776
205900,5.000,0.413,2.068,0.776
206100,5.000,0.413,2.068,0.776
206200,5.000,0.413,2.068,0.776
206300,5.000,0.413,2.068,0.776
206500,5.000,0.414,2.072,0.776
206600,5.000,0.414,2.072,0.776
206700,5.000,0.413,2.068,0.776
206900,5.000,0.413,2.068,0.776
207000,5.000,0.415,2.072,0.776
207100,5.000,0.415,2.072,0.776
207300,5.000,0.412,2.061,0.777
207400,5.000,0.412,2.061,0.777
207500,5.000,0.412,2.072,0.777
207700,5.000,0.415,2.072,0.777
207800,5.000,0.413,2.064,0.777
207900,5.000,0.413,2.064,0.777
208100,5.000,0.413,2.068,0.777
208200,5.000,0.413,2.068,0.777
208300,5.000,0.413,2.068,0.777
208500,5.000,0.413,2.068,0.777
208600,5.000,0.413,2.068,0.777
208700,5.000,0.413,2.068,0.777
208900,5.000,0.414,2.072,0.777
209000,5.000,0.414,2.072,0.778
209100,5.000,0.412,2.061,0.778
209300,5.000,0.412,2.061,0.778
209400,5.000,0.414,2.068,0.778
209500,5.000,0.414,2.068,0.778
209700,5.000,0.413,2.064,0.778
209800,5.000,0.413,2.064,0.778
209900,5.000,0.414,2.072,0.778
210100,5.000,0.414,2.072,0.778
210200,5.000,0.414,2.068,0.778
210300,5.000,0.414,2.068,0.778
210500,5.000,0.413,2.068,0.778
210600,5.000,0.413,2.068,0.779
210700,5.000,0.413,2.068,0.779
210900,5.000,0.415,2.072,0.779
211000,5.000,0.413,2.064,0.779
211100,5.000,0.413,2.064,0.779
211300,5.000,0.414,2.072,0.779
211400,5.000,0.414,2.072,0.779
211500,5.000,0.414,2.072,0.779
211700,5.000,0.413,2.064,0.779
211800,5.000,0.413,2.064,0.779
211900,5.000,0.414,2.072,0.779
212100,5.000,0.413,2.068,0.779
212200,5.000,0.413,2.068,0.779
212300,5.000,0.413,2.068,0.779
212500,5.000,0.413,2.068,0.780
212600,5.000,0.414,2.068,0.780
212700,5.000,0.414,2.068,0.780
212900,5.000,0.413,2.068,0.780
213000,5.000,0.413,2.068,0.780
213100,5.000,0.415,2.076,0.780
213300,5.000,0.415,2.076,0.780
213400,5.000,0.412,2.057,0.780
213500,5.000,0.412,2.057,0.780
213700,5.000,0.414,2.072,0.780
213800,5.000,0.414,2.072,0.780
213900,5.000,0.414,2.072,0.780
214100,5.000,0.413,2.068,0.781
214200,5.000,0.414,2.068,0.781
214300,5.000,0.414,2.068,0.781
214500,5.000,0.413,2.064,0.781
214600,5.000,0.413,2.064,0.781
214700,5.000,0.413,2.064,0.781
214900,5.000,0.413,2.068,0.781
215000,5.000,0.413,2.068,0.781
215100,5.000,0.414,2.072,0.781
215300,5.000,0.412,2.061,0.781
215400,5.000,0.412,2.061,0.781
215500,5.000,0.412,2.061,0.781
215700,5.000,0.414,2.072,0.781
215800,5.000,0.414,2.072,0.782
215900,5.000,0.413,2.064,0.782
216100,5.000,0.415,2.072,0.782
216200,5.000,0.415,2.072,0.782
216300,5.000,0.415,2.072,0.782
216500,5.000,0.415,2.072,0.782
216600,5.000,0.413,2.068,0.782
216700,5.000,0.413,2.068,0.782
216900,5.000,0.414,2.072,0.782
217000,5.000,0.414,2.072,0.782
217100,5.000,0.414,2.072,0.782
217300,5.000,0.413,2.064,0.782
217400,5.000,0.415,2.076,0.783
217500,5.000,0.415,2.076,0.783
217700,5.000,0.412,2.061,0.783
217800,5.000,0.412,2.061,0.783
217900,5.000,0.412,2.061,0.783
218100,5.000,0.414,2.068,0.783
218200,5.000,0.414,2.068,0.783
218300,5.000,0.414,2.068,0.783
218500,5.000,0.414,2.064,0.783
218600,5.000,0.413,2.064,0.783
218700,5.000,0.413,2.064,0.783
218900,5.000,0.414,2.072,0.783
219000,5.000,0.414,2.072,0.783
219100,5.000,0.413,2.068,0.784
219300,5.000,0.413,2.068,0.784
219400,5.000,0.414,2.072,0.784
219500,5.000,0.414,2.072,0.784
219700,5.000,0.412,2.061,0.784
219800,5.000,0.415,2.072,0.784
219900,5.000,0.415,2.072,0.784
220100,5.000,0.413,2.064,0.784
220200,5.000,0.413,2.064,0.784
220300,5.000,0.413,2.064,0.784
220500,5.000,0.414,2.068,0.784
220600,5.000,0.414,2.068,0.784
220700,5.000,0.413,2.068,0.784
220900,5.000,0.414,2.068,0.785
221000,5.000,0.414,2.068,0.785
221100,5.000,0.414,2.068,0.785
221300,5.000,0.414,2.072,0.785
221400,5.000,0.414,2.072,0.785
221500,5.000,0.412,2.061,0.785
221700,5.000,0.412,2.061,0.785
221800,5.000,0.415,2.076,0.785
221900,5.000,0.415,2.076,0.785
222100,5.000,0.413,2.064,0.785
222200,5.000,0.413,2.064,0.785
222300,5.000,0.415,2.072,0.785
222500,5.000,0.415,2.072,0.786
222600,5.000,0.413,2.068,0.786
222700,5.000,0.413,2.068,0.786
222900,5.000,0.413,2.068,0.786
223000,5.000,0.414,2.072,0.786
223100,5.000,0.414,2.072,0.786
223300,5.000,0.412,2.061,0.786
223400,5.000,0.412,2.061,0.786
223500,5.000,0.412,2.061,0.786
223700,5.000,0.414,2.068,0.786
223800,5.000,0.414,2.068,0.786
223900,5.000,0.412,2.061,0.786
224100,5.000,0.415,2.072,0.786
224200,5.000,0.415,2.072,0.787
224300,5.000,0.415,2.072,0.787
224500,5.000,0.413,2.068,0.787
224600,5.000,0.413,2.068,0.787
224700,5.000,0.413,2.068,0.787
224900,5.000,0.413,2.068,0.787
225000,5.000,0.414,2.068,0.787
225100,5.000,0.414,2.068,0.787
225300,5.000,0.413,2.064,0.787
225400,5.000,0.413,2.064,0.787
225500,5.000,0.414,2.072,0.787
225700,5.000,0.414,2.072,0.787
225800,5.000,0.412,2.061,0.787
225900,5.000,0.412,2.061,0.788
226100,5.000,0.415,2.076,0.788
226200,5.000,0.415,2.076,0.788
226300,5.000,0.414,2.068,0.788
226500,5.000,0.414,2.068,0.788
226600,5.000,0.414,2.068,0.788
226700,5.000,0.414,2.068,0.788
226900,5.000,0.414,2.072,0.788
227000,5.000,0.414,2.072,0.788
227100,5.000,0.413,2.064,0.788
227300,5.000,0.415,2.072,0.788
227400,5.000,0.415,2.072,0.788
227500,5.000,0.415,2.072,0.789
227700,5.000,0.412,2.061,0.789
227800,5.000,0.412,2.061,0.789
227900,5.000,0.415,2.076,0.789
228100,5.000,0.415,2.076,0.789
228200,5.000,0.413,2.064,0.789
228300,5.000,0.413,2.064,0.789
228500,5.000,0.414,2.072,0.789
228600,5.000,0.414,2.072,0.789
228700,5.000,0.413,2.068,0.789
228900,5.000,0.413,2.068,0.789
229000,5.000,0.413,2.064,0.789
229100,5.000,0.413,2.064,0.789
229300,5.000,0.414,2.072,0.790
229400,5.000,0.414,2.072,0.790
229500,5.000,0.413,2.068,0.790
229700,5.000,0.413,2.068,0.790
229800,5.000,0.415,2.076,0.790
229900,5.000,0.415,2.076,0.790
230100,5.000,0.413,2.061,0.790
230200,5.000,0.413,2.061,0.790
230300,5.000,0.415,2.072,0.790
230500,5.000,0.415,2.072,0.790
230600,5.000,0.413,2.064,0.790
230700,5.000,0.413,2.064,0.790
230900,5.000,0.413,2.064,0.791
231000,5.000,0.413,2.064,0.791
231100,5.000,0.414,2.072,0.791
231300,5.000,0.414,2.072,0.791
231400,5.000,0.413,2.064,0.791
231500,5.000,0.413,2.064,0.791
231700,5.000,0.415,2.076,0.791
231800,5.000,0.415,2.076,0.791
231900,5.000,0.413,2.064,0.791
232100,5.000,0.413,2.064,0.791
232200,5.000,0.414,2.068,0.791
232300,5.000,0.414,2.068,0.791
232500,5.000,0.414,2.072,0.791
232600,5.000,0.414,2.072,0.791
232700,5.000,0.414,2.072,0.792
232900,5.000,0.413,2.064,0.792
233000,5.000,0.413,2.068,0.792
233100,5.000,0.413,2.068,0.792
233300,5.000,0.413,2.064,0.792
233400,5.000,0.413,2.064,0.792
233500,5.000,0.414,2.072,0.792
233700,5.000,0.414,2.072,0.792
233800,5.000,0.412,2.061,0.792
233900,5.000,0.412,2.061,0.792
234100,5.000,0.414,2.068,0.792
234200,5.000,0.414,2.068,0.792
234300,5.000,0.412,2.061,0.793
234500,5.000,0.412,2.061,0.793
234600,5.000,0.414,2.072,0.793
234700,5.000,0.414,2.072,0.793
234900,5.000,0.413,2.064,0.793
235000,5.000,0.413,2.064,0.793
235100,5.000,0.413,2.064,0.793
235300,5.000,0.413,2.064,0.793
235400,5.000,0.414,2.068,0.793
235500,5.000,0.414,2.068,0.793
235700,5.000,0.412,2.064,0.793
235800,5.000,0.412,2.064,0.793
235900,5.000,0.412,2.064,0.793
236100,5.000,0.414,2.068,0.794
236200,5.000,0.413,2.064,0.794
236300,5.000,0.413,2.064,0.794
236500,5.000,0.414,2.068,0.794
236600,5.000,0.414,2.068,0.794
236700,5.000,0.414,2.068,0.794
236900,5.000,0.413,2.064,0.794
237000,5.000,0.413,2.064,0.794
237100,5.000,0.413,2.064,0.794
237300,5.000,0.414,2.072,0.794
237400,5.000,0.414,2.072,0.794
237500,5.000,0.412,2.064,0.794
237700,5.000,0.412,2.064,0.795
237800,5.000,0.414,2.072,0.795
237900,5.000,0.414,2.072,0.795
238100,5.000,0.412,2.061,0.795
238200,5.000,0.412,2.061,0.795
238300,5.000,0.414,2.072,0.795
238500,5.000,0.414,2.072,0.795
238600,5.000,0.413,2.064,0.795
238700,5.000,0.413,2.064,0.795
238900,5.000,0.413,2.064,0.795
239000,5.000,0.413,2.064,0.795
239100,5.000,0.413,2.064,0.795
239300,5.000,0.413,2.064,0.795
239400,5.000,0.413,2.064,0.796
239500,5.000,0.413,2.064,0.796
239700,5.000,0.414,2.072,0.796
239800,5.000,0.414,2.072,0.796
239900,5.000,0.414,2.072,0.796
240100,5.000,0.412,2.061,0.796
240200,5.000,0.412,2.061,0.796
240300,5.000,0.415,2.076,0.796
240500,5.000,0.413,2.064,0.796
240600,5.000,0.413,2.064,0.796
240700,5.000,0.414,2.068,0.796
240900,5.000,0.414,2.068,0.796
241000,5.000,0.414,2.068,0.796
241100,5.000,0.414,2.068,0.797
241300,5.000,0.413,2.064,0.797
241400,5.000,0.413,2.064,0.797
241500,5.000,0.413,2.064,0.797
241700,5.000,0.415,2.076,0.797
241800,5.000,0.412,2.061,0.797
241900,5.000,0.412,2.061,0.797
242100,5.000,0.414,2.072,0.797
242200,5.000,0.414,2.072,0.797
242300,5.000,0.414,2.072,0.797
242500,5.000,0.413,2.068,0.797
242600,5.000,0.413,2.068,0.797
242700,5.000,0.413,2.068,0.797
242900,5.000,0.414,2.068,0.798
243000,5.000,0.414,2.068,0.798
243100,5.000,0.414,2.068,0.798
243300,5.000,0.413,2.064,0.798
243400,5.000,0.413,2.064,0.798
243500,5.000,0.415,2.076,0.798
243700,5.000,0.415,2.076,0.798
243800,5.000,0.413,2.064,0.798
243900,5.000,0.413,2.064,0.798
244100,5.000,0.415,2.072,0.798
244200,5.000,0.413,2.064,0.798
244300,5.000,0.413,2.064,0.798
244500,5.000,0.415,2.076,0.799
244600,5.000,0.415,2.076,0.799
244700,5.000,0.415,2.076,0.799
244900,5.000,0.413,2.064,0.799
245000,5.000,0.414,2.072,0.799
245100,5.000,0.414,2.072,0.799
245300,5.000,0.415,2.076,0.799
245400,5.000,0.415,2.076,0.799
245500,5.000,0.415,2.076,0.799
245700,5.000,0.413,2.064,0.799
245800,5.000,0.413,2.064,0.799
245900,5.000,0.415,2.076,0.799
246100,5.000,0.412,2.061,0.799
246200,5.000,0.412,2.061,0.800
246300,5.000,0.412,2.061,0.800
246500,5.000,0.414,2.072,0.800
246600,5.000,0.414,2.072,0.800
246700,5.000,0.413,2.064,0.800
246900,5.000,0.413,2.064,0.800
247000,5.000,0.413,2.068,0.800
247100,5.000,0.413,2.068,0.800
247300,5.000,0.414,2.072,0.800
247400,5.000,0.414,2.072,0.800
247500,5.000,0.414,2.072,0.800
247700,5.000,0.414,2.072,0.800
247800,5.000,0.414,2.072,0.801
247900,5.000,0.414,2.072,0.801
248100,5.000,0.412,2.061,0.801
248200,5.000,0.414,2.072,0.801
248300,5.000,0.414,2.072,0.801
248500,5.000,0.414,2.068,0.801
248600,5.000,0.414,2.068,0.801
248700,5.000,0.414,2.068,0.801
248900,5.000,0.414,2.068,0.801
249000,5.000,0.414,2.068,0.801
249100,5.000,0.413,2.064,0.801
249300,5.000,0.414,2.068,0.801
249400,5.000,0.414,2.068,0.801
249500,5.000,0.414,2.068,0.801
249700,5.000,0.414,2.072,0.802
249800,5.000,0.414,2.072,0.802
249900,5.000,0.412,2.061,0.802
250100,5.000,0.412,2.061,0.802
250200,5.000,0.415,2.072,0.802
250300,5.000,0.415,2.072,0.802
250500,5.000,0.413,2.064,0.802
250600,5.000,0.413,2.064,0.802
250700,5.000,0.415,2.076,0.802
250900,5.000,0.415,2.076,0.802
251000,5.000,0.414,2.068,0.802
251100,5.000,0.414,2.068,0.802
251300,5.000,0.414,2.068,0.803
251400,5.000,0.415,2.076,0.803
251500,5.000,0.415,2.076,0.803
251700,5.000,0.413,2.064,0.803
251800,5.000,0.413,2.064,0.803
251900,5.000,0.413,2.064,0.803
252100,5.000,0.415,2.076,0.803
252200,5.000,0.415,2.076,0.803
252300,5.000,0.413,2.064,0.803
252500,5.000,0.413,2.064,0.803
252600,5.000,0.415,2.072,0.803
252700,5.000,0.415,2.072,0.803
252900,5.000,0.413,2.068,0.804
253000,5.000,0.413,2.068,0.804
253100,5.000,0.414,2.068,0.804
253300,5.000,0.414,2.068,0.804
253400,5.000,0.414,2.072,0.804
253500,5.000,0.414,2.072,0.804
253700,5.000,0.414,2.068,0.804
253800,5.000,0.414,2.068,0.804
253900,5.000,0.415,2.072,0.804
254100,5.000,0.415,2.072,0.804
254200,5.000,0.413,2.064,0.804
254300,5.000,0.413,2.064,0.804
254500,5.000,0.415,2.076,0.804
254600,5.000,0.415,2.076,0.805
254700,5.000,0.413,2.064,0.805
254900,5.000,0.414,2.072,0.805
255000,5.000,0.414,2.072,0.805
255100,5.000,0.414,2.072,0.805
255300,5.000,0.414,2.068,0.805
255400,5.000,0.414,2.068,0.805
255500,5.000,0.414,2.068,0.805
255700,5.000,0.414,2.068,0.805
255800,5.000,0.416,2.084,0.805
255900,5.000,0.416,2.084,0.805
256100,5.000,0.436,2.179,0.805
256200,5.000,0.436,2.179,0.805
256300,5.000,0.415,2.072,0.806
256500,5.000,0.415,2.072,0.806
256600,5.000,0.413,2.064,0.806
256700,5.000,0.413,2.064,0.806
256900,5.000,0.414,2.068,0.806
257000,5.000,0.414,2.068,0.806
257100,5.000,0.414,2.068,0.806
257300,5.000,0.414,2.068,0.806
257400,5.000,0.413,2.068,0.806
257500,5.000,0.413,2.068,0.806
257700,5.000,0.415,2.072,0.806
257800,5.000,0.415,2.072,0.806
257900,5.000,0.415,2.072,0.806
258100,5.000,0.414,2.072,0.807
258200,5.000,0.414,2.072,0.807
258300,5.000,0.414,2.072,0.807
258500,5.000,0.412,2.061,0.807
258600,5.000,0.412,2.061,0.807
258700,5.000,0.415,2.072,0.807
258900,5.000,0.415,2.072,0.807
259000,5.000,0.414,2.068,0.807
259100,5.000,0.414,2.068,0.807
259300,5.000,0.414,2.068,0.807
259400,5.000,0.414,2.068,0.807
259500,5.000,0.414,2.072,0.807
259700,5.000,0.414,2.072,0.808
259800,5.000,0.413,2.068,0.808
259900,5.000,0.413,2.068,0.808
260100,5.000,0.414,2.072,0.808
260200,5.000,0.414,2.072,0.808
260300,5.000,0.412,2.061,0.808
260500,5.000,0.412,2.061,0.808
260600,5.000,0.415,2.076,0.808
260700,5.000,0.415,2.076,0.808
260900,5.000,0.413,2.064,0.808
261000,5.000,0.413,2.064,0.808
261100,5.000,0.413,2.064,0.808
261300,5.000,0.415,2.076,0.808
261400,5.000,0.414,2.068,0.809
261500,5.000,0.414,2.068,0.809
261700,5.000,0.413,2.068,0.809
261800,5.000,0.413,2.068,0.809
261900,5.000,0.414,2.072,0.809
262100,5.000,0.414,2.072,0.809
262200,5.000,0.413,2.064,0.809
262300,5.000,0.413,2.064,0.809
262500,5.000,0.414,2.072,0.809
262600,5.000,0.414,2.072,0.809
262700,5.000,0.413,2.068,0.809
262900,5.000,0.413,2.068,0.809
263000,5.000,0.415,2.076,0.809
263100,5.000,0.415,2.076,0.810
263300,5.000,0.413,2.068,0.810
263400,5.000,0.413,2.068,0.810
263500,5.000,0.413,2.068,0.810
263700,5.000,0.415,2.072,0.810
263800,5.000,0.414,2.068,0.810
263900,5.000,0.414,2.068,0.810
264100,5.000,0.414,2.072,0.810
264200,5.000,0.414,2.072,0.810
264300,5.000,0.414,2.072,0.810
264500,5.000,0.415,2.076,0.810
264600,5.000,0.415,2.076,0.810
264700,5.000,0.413,2.064,0.810
264900,5.000,0.416,2.080,0.811
265000,5.000,0.416,2.080,0.811
265100,5.000,0.412,2.061,0.811
265300,5.000,0.412,2.061,0.811
265400,5.000,0.415,2.072,0.811
265500,5.000,0.415,2.072,0.811
265700,5.000,0.414,2.068,0.811
265800,5.000,0.414,2.068,0.811
265900,5.000,0.414,2.068,0.811
266100,5.000,0.414,2.068,0.811
266200,5.000,0.414,2.072,0.811
266300,5.000,0.414,2.072,0.811
266500,5.000,0.413,2.068,0.812
266600,5.000,0.413,2.068,0.812
266700,5.000,0.413,2.068,0.812
266900,5.000,0.415,2.072,0.812
267000,5.000,0.412,2.061,0.812
267100,5.000,0.412,2.061,0.812
267300,5.000,0.414,2.072,0.812
267400,5.000,0.414,2.072,0.812
267500,5.000,0.414,2.072,0.812
267700,5.000,0.412,2.061,0.812
267800,5.000,0.412,2.061,0.812
267900,5.000,0.414,2.072,0.812
268100,5.000,0.413,2.064,0.812
268200,5.000,0.413,2.064,0.813
268300,5.000,0.413,2.064,0.813
268500,5.000,0.413,2.068,0.813
268600,5.000,0.414,2.072,0.813
268700,5.000,0.414,2.072,0.813
268900,5.000,0.413,2.064,0.813
269000,5.000,0.413,2.064,0.813
269100,5.000,0.414,2.072,0.813
269300,5.000,0.414,2.072,0.813
269400,5.000,0.412,2.061,0.813
269500,5.000,0.412,2.061,0.813
269700,5.000,0.415,2.072,0.813
269800,5.000,0.415,2.072,0.814
269900,5.000,0.415,2.072,0.814
270100,5.000,0.414,2.072,0.814
270200,5.000,0.413,2.068,0.814
270300,5.000,0.413,2.068,0.814
270500,5.000,0.414,2.068,0.814
270600,5.000,0.414,2.068,0.814
270700,5.000,0.414,2.068,0.814
270900,5.000,0.413,2.064,0.814
271000,5.000,0.413,2.064,0.814
271100,5.000,0.414,2.072,0.814
271300,5.000,0.413,2.064,0.814
271400,5.000,0.413,2.064,0.814
271500,5.000,0.413,2.064,0.814
271700,5.000,0.415,2.076,0.815
271800,5.000,0.415,2.076,0.815
271900,5.000,0.412,2.061,0.815
272100,5.000,0.414,2.072,0.815
272200,5.000,0.414,2.072,0.815
272300,5.000,0.413,2.064,0.815
272500,5.000,0.413,2.064,0.815
272600,5.000,0.413,2.064,0.815
272700,5.000,0.413,2.064,0.815
272900,5.000,0.414,2.068,0.815
273000,5.000,0.414,2.068,0.815
273100,5.000,0.414,2.068,0.815
273300,5.000,0.413,2.064,0.816
273400,5.000,0.415,2.072,0.816
273500,5.000,0.415,2.072,0.816
273700,5.000,0.412,2.061,0.816
273800,5.000,0.412,2.061,0.816
273900,5.000,0.412,2.061,0.816
274100,5.000,0.414,2.072,0.816
274200,5.000,0.414,2.072,0.816
274300,5.000,0.413,2.068,0.816
274500,5.000,0.413,2.068,0.816
274600,5.000,0.414,2.068,0.816
274700,5.000,0.414,2.068,0.816
274900,5.000,0.413,2.064,0.817
275000,5.000,0.413,2.064,0.817
275100,5.000,0.414,2.068,0.817
275300,5.000,0.414,2.068,0.817
275400,5.000,0.415,2.072,0.817
275500,5.000,0.415,2.072,0.817
