300,5.000,0.578,2.885,0.000
500,5.000,0.644,3.213,0.000
700,5.000,0.622,3.106,0.000
900,5.000,0.633,3.160,0.000
1100,5.000,0.633,3.160,0.000
1300,5.000,0.657,3.278,0.000
1500,5.000,0.644,3.217,0.001
1700,5.000,0.625,3.118,0.001
1900,5.000,0.625,3.118,0.001
2100,5.000,0.649,3.240,0.001
2300,5.000,0.649,3.236,0.001
2500,5.000,0.620,3.095,0.002
2700,5.000,0.641,3.202,0.002
2900,5.000,0.641,3.202,0.002
3100,5.000,0.635,3.171,0.002
3300,5.000,0.610,3.045,0.002
3500,5.000,0.610,3.045,0.002
3700,5.000,0.643,3.209,0.003
3900,5.000,0.615,3.068,0.003
4100,5.000,0.614,3.064,0.003
4300,5.000,0.614,3.064,0.003
4500,5.000,0.636,3.175,0.003
4700,5.000,0.608,3.034,0.004
4900,5.000,0.605,3.019,0.004
5100,5.000,0.605,3.019,0.004
5300,5.000,0.621,3.103,0.004
5500,5.000,0.603,3.011,0.004
5700,5.000,0.606,3.026,0.004
5900,5.000,0.621,3.103,0.005
6100,5.000,0.621,3.103,0.005
6300,5.000,0.602,3.007,0.005
6500,5.000,0.609,3.042,0.005
6700,5.000,0.609,3.042,0.005
6900,5.000,0.613,3.061,0.005
7100,5.000,0.599,2.992,0.006
7300,5.000,0.611,3.045,0.006
7500,5.000,0.611,3.045,0.006
7700,5.000,0.609,3.042,0.006
7900,5.000,0.603,3.011,0.006
8100,5.000,0.603,3.011,0.006
8300,5.000,0.603,3.011,0.007
8500,5.000,0.612,3.057,0.007
8700,5.000,0.603,3.007,0.007
8900,5.000,0.603,3.007,0.007
9100,5.000,0.607,3.030,0.007
9300,5.000,0.618,3.084,0.008
9500,5.000,0.600,2.996,0.008
9700,5.000,0.611,3.053,0.008
9900,5.000,0.611,3.053,0.008
10100,5.000,0.609,3.038,0.008
10300,5.000,0.600,2.996,0.008
10500,5.000,0.619,3.091,0.009
10700,5.000,0.619,3.091,0.009
10900,5.000,0.608,3.038,0.009
11100,5.000,0.602,3.003,0.009
11300,5.000,0.602,3.003,0.009
11500,5.000,0.618,3.087,0.009
11700,5.000,0.603,3.011,0.010
11900,5.000,0.598,2.988,0.010
12100,5.000,0.598,2.988,0.010
12300,5.000,0.618,3.084,0.010
12500,5.000,0.610,3.045,0.010
12700,5.000,0.603,3.011,0.011
12900,5.000,0.616,3.076,0.011
13100,5.000,0.616,3.076,0.011
13300,5.000,0.606,3.022,0.011
13500,5.000,0.600,2.996,0.011
13700,5.000,0.622,3.106,0.011
13900,5.000,0.622,3.106,0.012
14100,5.000,0.602,3.003,0.012
14300,5.000,0.603,3.011,0.012
14500,5.000,0.603,3.011,0.012
14700,5.000,0.618,3.087,0.012
14900,5.000,0.606,3.026,0.012
15100,5.000,0.603,3.011,0.013
15300,5.000,0.603,3.011,0.013
15500,5.000,0.614,3.064,0.013
15700,5.000,0.603,3.011,0.013
15900,5.000,0.598,2.988,0.013
16100,5.000,0.598,2.988,0.013
16300,5.000,0.623,3.110,0.014
16500,5.000,0.600,2.996,0.014
16700,5.000,0.602,3.003,0.014
16900,5.000,0.615,3.072,0.014
17100,5.000,0.615,3.072,0.014
17300,5.000,0.602,3.007,0.014
17500,5.000,0.604,3.015,0.015
17700,5.000,0.604,3.015,0.015
17900,5.000,0.622,3.103,0.015
18100,5.000,0.601,3.000,0.015
18300,5.000,0.605,3.019,0.015
18500,5.000,0.605,3.019,0.016
18700,5.000,0.619,3.091,0.016
18900,5.000,0.600,2.992,0.016
19100,5.000,0.600,2.992,0.016
19300,5.000,0.602,3.007,0.016
19500,5.000,0.623,3.110,0.016
19700,5.000,0.604,3.015,0.017
19900,5.000,0.602,3.007,0.017
20100,5.000,0.602,3.007,0.017
20300,5.000,0.619,3.091,0.017
20500,5.000,0.601,3.000,0.017
20700,5.000,0.607,3.030,0.017
20900,5.000,0.607,3.030,0.018
21100,5.000,0.619,3.087,0.018
21300,5.000,0.601,3.003,0.018
21500,5.000,0.609,3.042,0.018
21700,5.000,0.609,3.042,0.018
21900,5.000,0.613,3.061,0.018
22100,5.000,0.603,3.015,0.019
22300,5.000,0.603,3.015,0.019
22500,5.000,0.603,3.011,0.019
22700,5.000,0.617,3.080,0.019
22900,5.000,0.599,2.992,0.019
23100,5.000,0.599,2.992,0.019
23300,5.000,0.612,3.057,0.020
23500,5.000,0.612,3.057,0.020
23700,5.000,0.601,3.000,0.020
23900,5.000,0.609,3.042,0.020
24100,5.000,0.609,3.042,0.020
24300,5.000,0.608,3.034,0.021
24500,5.000,0.604,3.019,0.021
24700,5.000,0.613,3.061,0.021
24900,5.000,0.613,3.061,0.021
25100,5.000,0.605,3.022,0.021
25300,5.000,0.600,2.996,0.021
25500,5.000,0.600,2.996,0.022
25700,5.000,0.623,3.110,0.022
25900,5.000,0.600,2.996,0.022
26100,5.000,0.602,3.007,0.022
26300,5.000,0.602,3.007,0.022
26500,5.000,0.616,3.080,0.022
26700,5.000,0.609,3.038,0.023
26900,5.000,0.600,2.996,0.023
27100,5.000,0.619,3.091,0.023
27300,5.000,0.619,3.091,0.023
27500,5.000,0.603,3.011,0.023
27700,5.000,0.602,3.003,0.024
27900,5.000,0.624,3.114,0.024
28100,5.000,0.624,3.114,0.024
28300,5.000,0.603,3.011,0.024
28500,5.000,0.602,3.003,0.024
28700,5.000,0.602,3.003,0.024
28900,5.000,0.619,3.091,0.025
29100,5.000,0.604,3.019,0.025
29300,5.000,0.596,2.977,0.025
29500,5.000,0.596,2.977,0.025
29700,5.000,0.625,3.118,0.025
29900,5.000,0.600,2.996,0.025
30100,5.000,0.600,2.996,0.026
30300,5.000,0.619,3.091,0.026
30500,5.000,0.619,3.091,0.026
30700,5.000,0.600,2.996,0.026
30900,5.000,0.600,2.996,0.026
31100,5.000,0.600,2.996,0.026
31300,5.000,0.616,3.076,0.027
31500,5.000,0.604,3.015,0.027
31700,5.000,0.602,3.007,0.027
31900,5.000,0.602,3.007,0.027
32100,5.000,0.615,3.072,0.027
32300,5.000,0.596,2.977,0.027
32500,5.000,0.602,3.007,0.028
32700,5.000,0.602,3.007,0.028
32900,5.000,0.616,3.072,0.028
33100,5.000,0.604,3.015,0.028
33300,5.000,0.604,3.015,0.028
33500,5.000,0.604,3.015,0.028
33700,5.000,0.624,3.114,0.029
33900,5.000,0.599,2.992,0.029
34100,5.000,0.609,3.038,0.029
34300,5.000,0.609,3.038,0.029
34500,5.000,0.614,3.068,0.029
34700,5.000,0.601,3.003,0.030
34900,5.000,0.610,3.045,0.030
35100,5.000,0.610,3.045,0.030
35300,5.000,0.616,3.076,0.030
35500,5.000,0.600,2.996,0.030
35700,5.000,0.613,3.061,0.030
35900,5.000,0.613,3.061,0.031
36100,5.000,0.611,3.049,0.031
36300,5.000,0.595,2.969,0.031
36500,5.000,0.595,2.969,0.031
36700,5.000,0.610,3.045,0.031
36900,5.000,0.613,3.061,0.031
37100,5.000,0.605,3.022,0.032
37300,5.000,0.605,3.019,0.032
37500,5.000,0.605,3.019,0.032
37700,5.000,0.613,3.061,0.032
37900,5.000,0.602,3.007,0.032
38100,5.000,0.612,3.057,0.033
38300,5.000,0.612,3.057,0.033
38500,5.000,0.611,3.049,0.033
38700,5.000,0.599,2.992,0.033
38900,5.000,0.620,3.091,0.033
39100,5.000,0.620,3.091,0.033
39300,5.000,0.598,2.988,0.034
39500,5.000,0.602,3.007,0.034
39700,5.000,0.602,3.007,0.034
39900,5.000,0.617,3.080,0.034
40100,5.000,0.611,3.049,0.034
40300,5.000,0.602,3.007,0.034
40500,5.000,0.602,3.007,0.035
40700,5.000,0.619,3.091,0.035
40900,5.000,0.605,3.019,0.035
41100,5.000,0.601,3.000,0.035
41300,5.000,0.620,3.095,0.035
41500,5.000,0.620,3.095,0.035
41700,5.000,0.603,3.011,0.036
41900,5.000,0.605,3.019,0.036
42100,5.000,0.605,3.019,0.036
42300,5.000,0.622,3.106,0.036
42500,5.000,0.600,3.000,0.036
42700,5.000,0.602,3.007,0.037
42900,5.000,0.602,3.007,0.037
43100,5.000,0.624,3.114,0.037
43300,5.000,0.597,2.980,0.037
43500,5.000,0.603,3.007,0.037
43700,5.000,0.603,3.007,0.037
43900,5.000,0.623,3.110,0.038
44100,5.000,0.604,3.015,0.038
44300,5.000,0.600,2.996,0.038
44500,5.000,0.619,3.087,0.038
44700,5.000,0.619,3.087,0.038
44900,5.000,0.602,3.007,0.038
45100,5.000,0.596,2.977,0.039
45300,5.000,0.596,2.977,0.039
45500,5.000,0.626,3.122,0.039
45700,5.000,0.599,2.988,0.039
45900,5.000,0.609,3.042,0.039
46100,5.000,0.609,3.042,0.039
46300,5.000,0.610,3.045,0.040
46500,5.000,0.602,3.007,0.040
46700,5.000,0.604,3.015,0.040
46900,5.000,0.604,3.015,0.040
47100,5.000,0.620,3.095,0.040
47300,5.000,0.603,3.011,0.040
47500,5.000,0.603,3.011,0.041
47700,5.000,0.615,3.068,0.041
47900,5.000,0.615,3.068,0.041
48100,5.000,0.603,3.011,0.041
48300,5.000,0.606,3.026,0.041
48500,5.000,0.606,3.026,0.042
48700,5.000,0.618,3.087,0.042
48900,5.000,0.603,3.015,0.042
49100,5.000,0.613,3.061,0.042
49300,5.000,0.613,3.061,0.042
49500,5.000,0.610,3.042,0.042
49700,5.000,0.602,3.003,0.043
49900,5.000,0.602,3.003,0.043
50100,5.000,0.619,3.091,0.043
50300,5.000,0.607,3.030,0.043
50500,5.000,0.605,3.022,0.043
50700,5.000,0.605,3.022,0.043
50900,5.000,0.610,3.045,0.044
51100,5.000,0.616,3.076,0.044
51300,5.000,0.611,3.053,0.044
51500,5.000,0.610,3.045,0.044
51700,5.000,0.610,3.045,0.044
51900,5.000,0.604,3.015,0.045
52100,5.000,0.597,2.977,0.045
52300,5.000,0.618,3.084,0.045
52500,5.000,0.618,3.084,0.045
52700,5.000,0.607,3.034,0.045
52900,5.000,0.600,2.996,0.045
53100,5.000,0.600,2.996,0.046
53300,5.000,0.617,3.080,0.046
53500,5.000,0.603,3.011,0.046
53700,5.000,0.604,3.015,0.046
53900,5.000,0.604,3.015,0.046
54100,5.000,0.613,3.061,0.046
54300,5.000,0.609,3.038,0.047
54500,5.000,0.602,3.007,0.047
54700,5.000,0.619,3.091,0.047
54900,5.000,0.619,3.091,0.047
55100,5.000,0.602,3.007,0.047
55300,5.000,0.601,3.000,0.047
55500,5.000,0.625,3.118,0.048
55700,5.000,0.625,3.118,0.048
55900,5.000,0.603,3.011,0.048
56100,5.000,0.603,3.011,0.048
56300,5.000,0.603,3.011,0.048
56500,5.000,0.619,3.087,0.048
56700,5.000,0.602,3.007,0.049
56900,5.000,0.605,3.022,0.049
57100,5.000,0.605,3.022,0.049
57300,5.000,0.621,3.103,0.049
57500,5.000,0.605,3.019,0.049
57700,5.000,0.601,3.003,0.050
57900,5.000,0.601,3.003,0.050
58100,5.000,0.621,3.099,0.050
58300,5.000,0.600,2.996,0.050
58500,5.000,0.599,2.992,0.050
58700,5.000,0.620,3.095,0.050
58900,5.000,0.620,3.095,0.051
59100,5.000,0.600,2.996,0.051
59300,5.000,0.606,3.022,0.051
59500,5.000,0.606,3.022,0.051
59700,5.000,0.616,3.076,0.051
59900,5.000,0.601,3.000,0.051
60100,5.000,0.605,3.022,0.052
60300,5.000,0.605,3.022,0.052
60500,5.000,0.624,3.118,0.052
60700,5.000,0.604,3.019,0.052
60900,5.000,0.604,3.019,0.052
61100,5.000,0.599,2.992,0.052
61300,5.000,0.623,3.110,0.053
61500,5.000,0.599,2.992,0.053
61700,5.000,0.608,3.034,0.053
61900,5.000,0.608,3.034,0.053
62100,5.000,0.616,3.072,0.053
62300,5.000,0.600,2.996,0.054
62500,5.000,0.610,3.045,0.054
62700,5.000,0.610,3.045,0.054
62900,5.000,0.618,3.087,0.054
63100,5.000,0.603,3.011,0.054
63300,5.000,0.612,3.057,0.054
63500,5.000,0.612,3.057,0.055
63700,5.000,0.608,3.034,0.055
63900,5.000,0.604,3.019,0.055
64100,5.000,0.604,3.019,0.055
64300,5.000,0.609,3.042,0.055
64500,5.000,0.616,3.080,0.055
64700,5.000,0.603,3.007,0.056
64900,5.000,0.603,3.007,0.056
65100,5.000,0.613,3.057,0.056
65300,5.000,0.608,3.038,0.056
65500,5.000,0.604,3.019,0.056
65700,5.000,0.614,3.064,0.057
65900,5.000,0.614,3.064,0.057
66100,5.000,0.604,3.019,0.057
66300,5.000,0.603,3.007,0.057
66500,5.000,0.614,3.064,0.057
66700,5.000,0.614,3.064,0.057
66900,5.000,0.607,3.030,0.058
67100,5.000,0.600,2.996,0.058
67300,5.000,0.600,2.996,0.058
67500,5.000,0.618,3.087,0.058
67700,5.000,0.600,2.996,0.058
67900,5.000,0.601,3.000,0.058
68100,5.000,0.601,3.000,0.059
68300,5.000,0.616,3.076,0.059
68500,5.000,0.608,3.034,0.059
68700,5.000,0.601,3.000,0.059
68900,5.000,0.619,3.091,0.059
69100,5.000,0.619,3.091,0.059
69300,5.000,0.602,3.007,0.060
69500,5.000,0.602,3.007,0.060
69700,5.000,0.624,3.118,0.060
69900,5.000,0.624,3.118,0.060
70100,5.000,0.602,3.007,0.060
70300,5.000,0.600,2.996,0.060
70500,5.000,0.600,2.996,0.061
70700,5.000,0.620,3.091,0.061
70900,5.000,0.603,3.011,0.061
71100,5.000,0.603,3.011,0.061
71300,5.000,0.603,3.011,0.061
71500,5.000,0.624,3.114,0.061
71700,5.000,0.603,3.011,0.062
71900,5.000,0.603,3.011,0.062
72100,5.000,0.619,3.091,0.062
72300,5.000,0.619,3.091,0.062
72500,5.000,0.602,3.007,0.062
72700,5.000,0.601,3.000,0.063
72900,5.000,0.601,3.000,0.063
73100,5.000,0.623,3.110,0.063
73300,5.000,0.601,3.000,0.063
73500,5.000,0.606,3.022,0.063
73700,5.000,0.606,3.022,0.063
73900,5.000,0.618,3.084,0.064
74100,5.000,0.600,2.996,0.064
74300,5.000,0.604,3.015,0.064
74500,5.000,0.604,3.015,0.064
74700,5.000,0.614,3.068,0.064
74900,5.000,0.600,2.992,0.064
75100,5.000,0.600,2.992,0.065
75300,5.000,0.603,3.011,0.065
75500,5.000,0.620,3.099,0.065
75700,5.000,0.602,3.003,0.065
75900,5.000,0.605,3.022,0.065
76100,5.000,0.605,3.022,0.066
76300,5.000,0.612,3.057,0.066
76500,5.000,0.605,3.019,0.066
76700,5.000,0.609,3.038,0.066
76900,5.000,0.609,3.038,0.066
77100,5.000,0.616,3.076,0.066
77300,5.000,0.600,2.996,0.067
77500,5.000,0.614,3.064,0.067
77700,5.000,0.614,3.064,0.067
77900,5.000,0.612,3.053,0.067
78100,5.000,0.602,3.007,0.067
78300,5.000,0.602,3.007,0.067
78500,5.000,0.608,3.034,0.068
78700,5.000,0.617,3.080,0.068
78900,5.000,0.605,3.019,0.068
79100,5.000,0.611,3.053,0.068
79300,5.000,0.611,3.053,0.068
79500,5.000,0.610,3.045,0.068
79700,5.000,0.599,2.988,0.069
79900,5.000,0.617,3.076,0.069
80100,5.000,0.617,3.076,0.069
80300,5.000,0.611,3.049,0.069
80500,5.000,0.602,3.007,0.069
80700,5.000,0.620,3.099,0.070
80900,5.000,0.620,3.099,0.070
81100,5.000,0.599,2.988,0.070
81300,5.000,0.596,2.977,0.070
81500,5.000,0.596,2.977,0.070
81700,5.000,0.615,3.072,0.070
81900,5.000,0.607,3.030,0.071
82100,5.000,0.602,3.003,0.071
82300,5.000,0.602,3.003,0.071
82500,5.000,0.618,3.084,0.071
82700,5.000,0.605,3.022,0.071
82900,5.000,0.601,3.003,0.071
83100,5.000,0.617,3.080,0.072
83300,5.000,0.617,3.080,0.072
83500,5.000,0.605,3.019,0.072
83700,5.000,0.597,2.984,0.072
83900,5.000,0.597,2.984,0.072
84100,5.000,0.622,3.106,0.072
84300,5.000,0.602,3.007,0.073
84500,5.000,0.601,3.003,0.073
84700,5.000,0.601,3.003,0.073
84900,5.000,0.623,3.110,0.073
85100,5.000,0.602,3.007,0.073
85300,5.000,0.603,3.011,0.073
85500,5.000,0.603,3.011,0.074
85700,5.000,0.623,3.106,0.074
85900,5.000,0.603,3.015,0.074
86100,5.000,0.599,2.988,0.074
86300,5.000,0.622,3.106,0.074
86500,5.000,0.622,3.106,0.075
86700,5.000,0.600,2.996,0.075
86900,5.000,0.603,3.011,0.075
87100,5.000,0.603,3.011,0.075
87300,5.000,0.623,3.114,0.075
87500,5.000,0.602,3.007,0.075
87700,5.000,0.606,3.026,0.076
87900,5.000,0.606,3.026,0.076
88100,5.000,0.615,3.068,0.076
88300,5.000,0.603,3.011,0.076
88500,5.000,0.601,3.000,0.076
88700,5.000,0.601,3.000,0.076
88900,5.000,0.621,3.099,0.077
89100,5.000,0.602,3.003,0.077
89300,5.000,0.602,3.003,0.077
89500,5.000,0.606,3.026,0.077
89700,5.000,0.615,3.068,0.077
89900,5.000,0.600,3.000,0.078
90100,5.000,0.602,3.007,0.078
90300,5.000,0.602,3.007,0.078
90500,5.000,0.617,3.080,0.078
90700,5.000,0.600,2.996,0.078
90900,5.000,0.612,3.057,0.078
91100,5.000,0.612,3.057,0.079
91300,5.000,0.605,3.019,0.079
91500,5.000,0.601,3.003,0.079
91700,5.000,0.619,3.087,0.079
91900,5.000,0.619,3.087,0.079
92100,5.000,0.609,3.038,0.079
92300,5.000,0.603,3.011,0.080
92500,5.000,0.603,3.011,0.080
92700,5.000,0.611,3.053,0.080
92900,5.000,0.614,3.064,0.080
93100,5.000,0.600,2.996,0.080
93300,5.000,0.616,3.076,0.080
93500,5.000,0.616,3.076,0.081
93700,5.000,0.605,3.022,0.081
93900,5.000,0.605,3.022,0.081
94100,5.000,0.616,3.076,0.081
94300,5.000,0.616,3.076,0.081
94500,5.000,0.608,3.034,0.081
94700,5.000,0.600,2.996,0.082
94900,5.000,0.600,2.996,0.082
95100,5.000,0.622,3.103,0.082
95300,5.000,0.604,3.015,0.082
95500,5.000,0.603,3.011,0.082
95700,5.000,0.603,3.011,0.082
95900,5.000,0.612,3.057,0.083
96100,5.000,0.608,3.034,0.083
96300,5.000,0.603,3.011,0.083
96500,5.000,0.603,3.011,0.083
96700,5.000,0.616,3.076,0.083
96900,5.000,0.601,3.000,0.084
97100,5.000,0.597,2.980,0.084
97300,5.000,0.623,3.110,0.084
97500,5.000,0.623,3.110,0.084
97700,5.000,0.599,2.992,0.084
97900,5.000,0.604,3.015,0.084
98100,5.000,0.604,3.015,0.085
98300,5.000,0.616,3.076,0.085
98500,5.000,0.603,3.011,0.085
98700,5.000,0.604,3.015,0.085
98900,5.000,0.604,3.015,0.085
99100,5.000,0.619,3.091,0.085
99300,5.000,0.603,3.015,0.086
99500,5.000,0.603,3.011,0.086
99700,5.000,0.603,3.011,0.086
99900,5.000,0.621,3.099,0.086
100100,5.000,0.600,2.996,0.086
100300,5.000,0.602,3.007,0.087
100500,5.000,0.614,3.064,0.087
100700,5.000,0.614,3.064,0.087
100900,5.000,0.603,3.015,0.087
101100,5.000,0.605,3.019,0.087
101300,5.000,0.605,3.019,0.087
101500,5.000,0.621,3.099,0.088
101700,5.000,0.601,3.000,0.088
101900,5.000,0.607,3.034,0.088
102100,5.000,0.607,3.034,0.088
102300,5.000,0.618,3.087,0.088
102500,5.000,0.602,3.007,0.088
102700,5.000,0.603,3.011,0.089
102900,5.000,0.603,3.011,0.089
103100,5.000,0.619,3.091,0.089
103300,5.000,0.600,2.996,0.089
103500,5.000,0.600,2.996,0.089
103700,5.000,0.603,3.011,0.089
103900,5.000,0.614,3.064,0.090
104100,5.000,0.598,2.984,0.090
104300,5.000,0.609,3.042,0.090
104500,5.000,0.609,3.042,0.090
104700,5.000,0.614,3.064,0.090
104900,5.000,0.602,3.007,0.090
105100,5.000,0.609,3.038,0.091
105300,5.000,0.609,3.038,0.091
105500,5.000,0.609,3.038,0.091
105700,5.000,0.603,3.015,0.091
105900,5.000,0.603,3.015,0.091
106100,5.000,0.614,3.068,0.092
106300,5.000,0.608,3.038,0.092
106500,5.000,0.603,3.007,0.092
106700,5.000,0.603,3.007,0.092
106900,5.000,0.613,3.061,0.092
107100,5.000,0.608,3.038,0.092
107300,5.000,0.602,3.003,0.093
107500,5.000,0.614,3.068,0.093
107700,5.000,0.614,3.068,0.093
107900,5.000,0.612,3.053,0.093
108100,5.000,0.602,3.003,0.093
108300,5.000,0.617,3.080,0.093
108500,5.000,0.617,3.080,0.094
108700,5.000,0.603,3.011,0.094
108900,5.000,0.602,3.007,0.094
109100,5.000,0.602,3.007,0.094
109300,5.000,0.624,3.114,0.094
109500,5.000,0.603,3.007,0.094
109700,5.000,0.603,3.007,0.095
109900,5.000,0.603,3.007,0.095
110100,5.000,0.617,3.080,0.095
110300,5.000,0.606,3.026,0.095
110500,5.000,0.595,2.973,0.095
110700,5.000,0.621,3.099,0.096
110900,5.000,0.621,3.099,0.096
111100,5.000,0.597,2.980,0.096
111300,5.000,0.604,3.015,0.096
111500,5.000,0.620,3.095,0.096
111700,5.000,0.620,3.095,0.096
111900,5.000,0.602,3.007,0.097
112100,5.000,0.601,2.996,0.097
112300,5.000,0.601,2.996,0.097
112500,5.000,0.616,3.076,0.097
112700,5.000,0.603,3.011,0.097
112900,5.000,0.603,3.007,0.097
113100,5.000,0.603,3.007,0.098
113300,5.000,0.619,3.091,0.098
113500,5.000,0.603,3.007,0.098
113700,5.000,0.603,3.003,0.098
113900,5.000,0.602,3.003,0.098
114100,5.000,0.620,3.091,0.099
114300,5.000,0.603,3.011,0.099
114500,5.000,0.602,3.003,0.099
114700,5.000,0.602,3.003,0.099
114900,5.000,0.625,3.118,0.099
115100,5.000,0.602,3.007,0.099
115300,5.000,0.607,3.030,0.100
115500,5.000,0.607,3.030,0.100
115700,5.000,0.615,3.068,0.100
115900,5.000,0.601,3.000,0.100
116100,5.000,0.610,3.049,0.100
116300,5.000,0.610,3.049,0.100
116500,5.000,0.618,3.084,0.101
116700,5.000,0.602,3.003,0.101
116900,5.000,0.602,3.003,0.101
117100,5.000,0.605,3.022,0.101
117300,5.000,0.619,3.091,0.101
117500,5.000,0.601,3.000,0.101
117700,5.000,0.609,3.042,0.102
117900,5.000,0.609,3.042,0.102
118100,5.000,0.609,3.042,0.102
118300,5.000,0.603,3.011,0.102
118500,5.000,0.607,3.030,0.102
118700,5.000,0.607,3.030,0.102
118900,5.000,0.624,3.114,0.103
119100,5.000,0.602,3.003,0.103
119300,5.000,0.611,3.049,0.103
119500,5.000,0.611,3.049,0.103
119700,5.000,0.608,3.034,0.103
119900,5.000,0.599,2.988,0.103
120100,5.000,0.599,2.988,0.104
120300,5.000,0.608,3.034,0.104
120500,5.000,0.613,3.061,0.104
120700,5.000,0.602,3.003,0.104
120900,5.000,0.610,3.045,0.104
121100,5.000,0.610,3.045,0.105
121300,5.000,0.611,3.049,0.105
121500,5.000,0.600,2.996,0.105
121700,5.000,0.615,3.072,0.105
121900,5.000,0.615,3.072,0.105
122100,5.000,0.610,3.045,0.105
122300,5.000,0.603,3.015,0.106
122500,5.000,0.618,3.084,0.106
122700,5.000,0.618,3.084,0.106
122900,5.000,0.603,3.011,0.106
123100,5.000,0.600,2.996,0.106
123300,5.000,0.600,2.996,0.106
123500,5.000,0.617,3.084,0.107
123700,5.000,0.606,3.026,0.107
123900,5.000,0.604,3.015,0.107
124100,5.000,0.604,3.015,0.107
124300,5.000,0.618,3.087,0.107
124500,5.000,0.604,3.015,0.108
124700,5.000,0.605,3.019,0.108
124900,5.000,0.613,3.061,0.108
125100,5.000,0.613,3.061,0.108
125300,5.000,0.605,3.019,0.108
125500,5.000,0.605,3.019,0.108
125700,5.000,0.605,3.019,0.109
125900,5.000,0.621,3.099,0.109
126100,5.000,0.600,2.996,0.109
126300,5.000,0.599,2.992,0.109
126500,5.000,0.599,2.992,0.109
126700,5.000,0.621,3.099,0.109
126900,5.000,0.599,2.992,0.110
127100,5.000,0.602,3.003,0.110
127300,5.000,0.602,3.003,0.110
127500,5.000,0.621,3.099,0.110
127700,5.000,0.602,3.003,0.110
127900,5.000,0.601,3.000,0.110
128100,5.000,0.617,3.084,0.111
128300,5.000,0.617,3.084,0.111
128500,5.000,0.602,3.007,0.111
128700,5.000,0.602,3.007,0.111
128900,5.000,0.602,3.007,0.111
129100,5.000,0.622,3.106,0.111
129300,5.000,0.604,3.015,0.112
129500,5.000,0.605,3.022,0.112
129700,5.000,0.605,3.022,0.112
129900,5.000,0.615,3.068,0.112
130100,5.000,0.601,3.003,0.112
130300,5.000,0.606,3.022,0.113
130500,5.000,0.606,3.022,0.113
130700,5.000,0.620,3.091,0.113
130900,5.000,0.604,3.015,0.113
131100,5.000,0.604,3.015,0.113
131300,5.000,0.606,3.026,0.113
131500,5.000,0.618,3.087,0.114
131700,5.000,0.603,3.011,0.114
131900,5.000,0.600,2.996,0.114
132100,5.000,0.600,2.996,0.114
132300,5.000,0.624,3.114,0.114
132500,5.000,0.604,3.015,0.114
132700,5.000,0.610,3.045,0.115
132900,5.000,0.610,3.045,0.115
133100,5.000,0.611,3.053,0.115
133300,5.000,0.598,2.984,0.115
133500,5.000,0.616,3.076,0.115
133700,5.000,0.616,3.076,0.115
133900,5.000,0.607,3.030,0.116
134100,5.000,0.602,3.007,0.116
134300,5.000,0.602,3.007,0.116
134500,5.000,0.608,3.038,0.116
134700,5.000,0.616,3.076,0.116
134900,5.000,0.601,3.000,0.117
135100,5.000,0.607,3.030,0.117
135300,5.000,0.607,3.030,0.117
135500,5.000,0.608,3.038,0.117
135700,5.000,0.603,3.011,0.117
135900,5.000,0.617,3.080,0.117
136100,5.000,0.617,3.080,0.118
136300,5.000,0.612,3.057,0.118
136500,5.000,0.599,2.988,0.118
136700,5.000,0.599,2.988,0.118
136900,5.000,0.622,3.103,0.118
137100,5.000,0.602,3.007,0.118
137300,5.000,0.604,3.019,0.119
137500,5.000,0.604,3.019,0.119
137700,5.000,0.615,3.068,0.119
137900,5.000,0.611,3.053,0.119
138100,5.000,0.603,3.011,0.119
138300,5.000,0.603,3.011,0.119
138500,5.000,0.617,3.080,0.120
138700,5.000,0.604,3.015,0.120
138900,5.000,0.599,2.992,0.120
139100,5.000,0.624,3.114,0.120
139300,5.000,0.624,3.114,0.120
139500,5.000,0.602,3.007,0.121
139700,5.000,0.602,3.003,0.121
139900,5.000,0.602,3.003,0.121
140100,5.000,0.619,3.087,0.121
140300,5.000,0.598,2.988,0.121
140500,5.000,0.601,3.003,0.121
140700,5.000,0.601,3.003,0.122
140900,5.000,0.621,3.103,0.122
141100,5.000,0.603,3.011,0.122
141300,5.000,0.603,3.011,0.122
141500,5.000,0.603,3.011,0.122
141700,5.000,0.621,3.099,0.122
141900,5.000,0.600,2.996,0.123
142100,5.000,0.597,2.984,0.123
142300,5.000,0.619,3.091,0.123
142500,5.000,0.619,3.091,0.123
142700,5.000,0.598,2.988,0.123
142900,5.000,0.603,3.011,0.123
143100,5.000,0.603,3.011,0.124
143300,5.000,0.625,3.122,0.124
143500,5.000,0.600,2.996,0.124
143700,5.000,0.608,3.038,0.124
143900,5.000,0.608,3.038,0.124
144100,5.000,0.616,3.076,0.124
144300,5.000,0.605,3.019,0.125
144500,5.000,0.601,3.003,0.125
144700,5.000,0.601,3.003,0.125
144900,5.000,0.625,3.122,0.125
145100,5.000,0.602,3.007,0.125
145300,5.000,0.602,3.007,0.125
145500,5.000,0.616,3.076,0.126
145700,5.000,0.616,3.076,0.126
145900,5.000,0.600,2.996,0.126
146100,5.000,0.608,3.038,0.126
146300,5.000,0.608,3.038,0.126
146500,5.000,0.631,3.148,0.127
146700,5.000,0.603,3.011,0.127
146900,5.000,0.612,3.053,0.127
147100,5.000,0.612,3.053,0.127
147300,5.000,0.611,3.049,0.127
147500,5.000,0.602,3.007,0.127
147700,5.000,0.602,3.007,0.128
147900,5.000,0.616,3.076,0.128
148100,5.000,0.608,3.038,0.128
148300,5.000,0.605,3.019,0.128
148500,5.000,0.605,3.019,0.128
148700,5.000,0.609,3.042,0.128
148900,5.000,0.609,3.042,0.129
149100,5.000,0.599,2.992,0.129
149300,5.000,0.614,3.064,0.129
149500,5.000,0.614,3.064,0.129
149700,5.000,0.605,3.019,0.129
149900,5.000,0.603,3.015,0.130
150100,5.000,0.616,3.076,0.130
150300,5.000,0.616,3.076,0.130
150500,5.000,0.608,3.034,0.130
150700,5.000,0.602,3.003,0.130
150900,5.000,0.602,3.003,0.130
151100,5.000,0.623,3.110,0.131
151300,5.000,0.604,3.019,0.131
151500,5.000,0.600,2.996,0.131
151700,5.000,0.600,2.996,0.131
151900,5.000,0.620,3.095,0.131
152100,5.000,0.610,3.045,0.131
152300,5.000,0.601,3.000,0.132
152500,5.000,0.618,3.087,0.132
152700,5.000,0.618,3.087,0.132
152900,5.000,0.603,3.011,0.132
153100,5.000,0.602,3.007,0.132
153300,5.000,0.624,3.118,0.133
153500,5.000,0.624,3.118,0.133
153700,5.000,0.603,3.011,0.133
153900,5.000,0.600,2.996,0.133
154100,5.000,0.600,2.996,0.133
154300,5.000,0.621,3.103,0.133
154500,5.000,0.602,3.003,0.134
154700,5.000,0.605,3.019,0.134
154900,5.000,0.605,3.019,0.134
155100,5.000,0.624,3.114,0.134
155300,5.000,0.605,3.019,0.134
155500,5.000,0.599,2.992,0.134
155700,5.000,0.599,2.992,0.135
155900,5.000,0.620,3.095,0.135
156100,5.000,0.597,2.980,0.135
156300,5.000,0.602,3.007,0.135
156500,5.000,0.602,3.076,0.135
156700,5.000,0.616,3.076,0.135
156900,5.000,0.603,3.015,0.136
157100,5.000,0.605,3.022,0.136
157300,5.000,0.605,3.022,0.136
157500,5.000,0.619,3.087,0.136
157700,5.000,0.602,3.003,0.136
157900,5.000,0.602,3.007,0.136
158100,5.000,0.602,3.007,0.137
158300,5.000,0.620,3.099,0.137
158500,5.000,0.602,3.003,0.137
158700,5.000,0.602,3.003,0.137
158900,5.000,0.604,3.015,0.137
159100,5.000,0.619,3.087,0.137
159300,5.000,0.600,2.996,0.138
159500,5.000,0.604,3.015,0.138
159700,5.000,0.604,3.015,0.138
159900,5.000,0.615,3.072,0.138
160100,5.000,0.602,3.007,0.138
160300,5.000,0.610,3.045,0.139
160500,5.000,0.610,3.045,0.139
160700,5.000,0.619,3.087,0.139
160900,5.000,0.603,3.007,0.139
161100,5.000,0.614,3.064,0.139
161300,5.000,0.614,3.064,0.139
161500,5.000,0.607,3.030,0.140
161700,5.000,0.605,3.019,0.140
161900,5.000,0.605,3.019,0.140
162100,5.000,0.601,3.003,0.140
162300,5.000,0.618,3.084,0.140
162500,5.000,0.601,3.000,0.140
162700,5.000,0.601,3.000,0.141
162900,5.000,0.614,3.064,0.141
163100,5.000,0.606,3.026,0.141
163300,5.000,0.603,3.011,0.141
163500,5.000,0.609,3.042,0.141
163700,5.000,0.609,3.042,0.142
163900,5.000,0.609,3.038,0.142
164100,5.000,0.603,3.011,0.142
164300,5.000,0.615,3.068,0.142
164500,5.000,0.615,3.068,0.142
164700,5.000,0.605,3.019,0.142
164900,5.000,0.595,2.973,0.143
165100,5.000,0.595,2.973,0.143
165300,5.000,0.624,3.118,0.143
165500,5.000,0.601,3.000,0.143
165700,5.000,0.603,3.011,0.143
165900,5.000,0.603,3.011,0.143
166100,5.000,0.618,3.084,0.144
166300,5.000,0.606,3.026,0.144
166500,5.000,0.601,3.003,0.144
166700,5.000,0.620,3.095,0.144
166900,5.000,0.620,3.095,0.144
167100,5.000,0.602,3.003,0.144
167300,5.000,0.603,3.015,0.145
167500,5.000,0.603,3.015,0.145
167700,5.000,0.624,3.114,0.145
167900,5.000,0.601,3.003,0.145
168100,5.000,0.601,3.003,0.145
168300,5.000,0.601,3.003,0.145
168500,5.000,0.620,3.099,0.146
168700,5.000,0.605,3.019,0.146
168900,5.000,0.594,2.965,0.146
169100,5.000,0.594,2.965,0.146
169300,5.000,0.625,3.118,0.146
169500,5.000,0.601,3.000,0.147
169700,5.000,0.601,3.000,0.147
169900,5.000,0.617,3.080,0.147
170100,5.000,0.617,3.080,0.147
170300,5.000,0.602,3.003,0.147
170500,5.000,0.602,3.007,0.147
170700,5.000,0.602,3.007,0.148
170900,5.000,0.617,3.080,0.148
171100,5.000,0.605,3.019,0.148
171300,5.000,0.606,3.026,0.148
171500,5.000,0.606,3.026,0.148
171700,5.000,0.615,3.072,0.148
171900,5.000,0.596,2.977,0.149
172100,5.000,0.612,3.057,0.149
172300,5.000,0.612,3.057,0.149
172500,5.000,0.612,3.053,0.149
172700,5.000,0.605,3.019,0.149
172900,5.000,0.605,3.019,0.149
173100,5.000,0.605,3.019,0.150
173300,5.000,0.620,3.091,0.150
173500,5.000,0.601,3.003,0.150
173700,5.000,0.608,3.034,0.150
173900,5.000,0.608,3.034,0.150
174100,5.000,0.615,3.068,0.151
174300,5.000,0.604,3.019,0.151
174500,5.000,0.613,3.061,0.151
174700,5.000,0.613,3.061,0.151
174900,5.000,0.611,3.053,0.151
175100,5.000,0.602,3.007,0.151
175300,5.000,0.617,3.080,0.152
175500,5.000,0.617,3.080,0.152
175700,5.000,0.620,3.091,0.152
175900,5.000,0.600,2.992,0.152
176100,5.000,0.600,2.992,0.152
176300,5.000,0.610,3.045,0.152
176500,5.000,0.614,3.068,0.153
176700,5.000,0.603,3.011,0.153
176900,5.000,0.620,3.095,0.153
177100,5.000,0.620,3.095,0.153
177300,5.000,0.609,3.038,0.153
177500,5.000,0.602,3.007,0.154
177700,5.000,0.612,3.053,0.154
177900,5.000,0.612,3.053,0.154
178100,5.000,0.611,3.049,0.154
178300,5.000,0.600,2.996,0.154
178500,5.000,0.600,2.996,0.154
178700,5.000,0.621,3.103,0.155
178900,5.000,0.597,2.980,0.155
179100,5.000,0.604,3.015,0.155
179300,5.000,0.604,3.015,0.155
179500,5.000,0.614,3.064,0.155
179700,5.000,0.611,3.049,0.155
179900,5.000,0.603,3.011,0.156
180100,5.000,0.603,3.011,0.156
180300,5.000,0.618,3.087,0.156
180500,5.000,0.607,3.034,0.156
180700,5.000,0.601,3.000,0.156
180900,5.000,0.621,3.099,0.156
181100,5.000,0.621,3.099,0.157
181300,5.000,0.603,3.011,0.157
181500,5.000,0.605,3.019,0.157
181700,5.000,0.605,3.019,0.157
181900,5.000,0.622,3.103,0.157
182100,5.000,0.601,3.003,0.157
182300,5.000,0.602,3.003,0.158
182500,5.000,0.602,3.003,0.158
182700,5.000,0.624,3.114,0.158
182900,5.000,0.601,3.000,0.158
183100,5.000,0.603,3.011,0.158
183300,5.000,0.603,3.011,0.159
183500,5.000,0.624,3.114,0.159
183700,5.000,0.604,3.015,0.159
183900,5.000,0.600,3.000,0.159
184100,5.000,0.619,3.091,0.159
184300,5.000,0.619,3.091,0.159
184500,5.000,0.602,3.003,0.160
184700,5.000,0.596,2.973,0.160
184900,5.000,0.596,2.973,0.160
185100,5.000,0.625,3.118,0.160
185300,5.000,0.600,2.992,0.160
185500,5.000,0.606,3.022,0.160
185700,5.000,0.606,3.022,0.161
185900,5.000,0.610,3.042,0.161
186100,5.000,0.603,3.011,0.161
186300,5.000,0.601,3.000,0.161
186500,5.000,0.601,3.000,0.161
186700,5.000,0.620,3.091,0.161
186900,5.000,0.603,3.011,0.162
187100,5.000,0.603,3.011,0.162
187300,5.000,0.618,3.084,0.162
187500,5.000,0.618,3.084,0.162
187700,5.000,0.601,3.003,0.162
187900,5.000,0.607,3.030,0.163
188100,5.000,0.607,3.030,0.163
188300,5.000,0.618,3.087,0.163
188500,5.000,0.604,3.015,0.163
188700,5.000,0.612,3.053,0.163
188900,5.000,0.612,3.053,0.163
189100,5.000,0.611,3.049,0.164
189300,5.000,0.601,3.000,0.164
189500,5.000,0.601,3.000,0.164
189700,5.000,0.619,3.091,0.164
189900,5.000,0.607,3.030,0.164
190100,5.000,0.606,3.026,0.164
190300,5.000,0.606,3.026,0.165
190500,5.000,0.610,3.045,0.165
190700,5.000,0.616,3.076,0.165
190900,5.000,0.600,2.992,0.165
191100,5.000,0.613,3.061,0.165
191300,5.000,0.613,3.061,0.166
191500,5.000,0.607,3.034,0.166
191700,5.000,0.600,2.996,0.166
191900,5.000,0.617,3.080,0.166
192100,5.000,0.617,3.080,0.166
192300,5.000,0.605,3.019,0.166
192500,5.000,0.600,2.996,0.167
192700,5.000,0.600,2.996,0.167
192900,5.000,0.616,3.076,0.167
193100,5.000,0.604,3.019,0.167
193300,5.000,0.599,2.992,0.167
193500,5.000,0.599,2.992,0.167
193700,5.000,0.614,3.064,0.168
193900,5.000,0.610,3.045,0.168
194100,5.000,0.599,2.988,0.168
194300,5.000,0.617,3.080,0.168
194500,5.000,0.617,3.080,0.168
194700,5.000,0.606,3.026,0.168
194900,5.000,0.601,3.000,0.169
195100,5.000,0.625,3.118,0.169
195300,5.000,0.625,3.118,0.169
195500,5.000,0.604,3.015,0.169
195700,5.000,0.603,3.011,0.169
195900,5.000,0.603,3.011,0.169
196100,5.000,0.619,3.091,0.170
196300,5.000,0.602,3.003,0.170
196500,5.000,0.605,3.022,0.170
196700,5.000,0.605,3.022,0.170
196900,5.000,0.622,3.106,0.170
197100,5.000,0.605,3.019,0.170
197300,5.000,0.603,3.011,0.171
197500,5.000,0.603,3.011,0.171
197700,5.000,0.622,3.106,0.171
197900,5.000,0.601,3.000,0.171
198100,5.000,0.603,3.011,0.171
198300,5.000,0.620,3.099,0.172
198500,5.000,0.620,3.099,0.172
198700,5.000,0.598,2.988,0.172
198900,5.000,0.605,3.019,0.172
199100,5.000,0.605,3.019,0.172
199300,5.000,0.617,3.080,0.172
199500,5.000,0.602,3.007,0.173
199700,5.000,0.605,3.019,0.173
199900,5.000,0.605,3.019,0.173
200100,5.000,0.614,3.064,0.173
200300,5.000,0.602,3.007,0.173
200500,5.000,0.602,3.007,0.173
200700,5.000,0.599,2.992,0.174
200900,5.000,0.623,3.110,0.174
201100,5.000,0.601,3.000,0.174
201300,5.000,0.604,3.019,0.174
201500,5.000,0.604,3.019,0.174
201700,5.000,0.618,3.084,0.175
201900,5.000,0.601,3.003,0.175
202100,5.000,0.609,3.042,0.175
202300,5.000,0.609,3.042,0.175
202500,5.000,0.618,3.087,0.175
202700,5.000,0.603,3.007,0.175
202900,5.000,0.612,3.057,0.176
203100,5.000,0.612,3.057,0.176
203300,5.000,0.608,3.034,0.176
203500,5.000,0.604,3.019,0.176
203700,5.000,0.604,3.019,0.176
203900,5.000,0.609,3.042,0.176
204100,5.000,0.618,3.084,0.177
204300,5.000,0.604,3.015,0.177
204500,5.000,0.604,3.015,0.177
204700,5.000,0.612,3.057,0.177
204900,5.000,0.609,3.042,0.177
205100,5.000,0.603,3.007,0.177
205300,5.000,0.613,3.061,0.178
205500,5.000,0.613,3.061,0.178
205700,5.000,0.608,3.034,0.178
205900,5.000,0.602,3.003,0.178
206100,5.000,0.613,3.061,0.178
206300,5.000,0.613,3.061,0.178
206500,5.000,0.605,3.019,0.179
206700,5.000,0.601,3.000,0.179
206900,5.000,0.601,3.000,0.179
207100,5.000,0.618,3.087,0.179
207300,5.000,0.601,3.000,0.179
207500,5.000,0.601,3.003,0.180
207700,5.000,0.601,3.003,0.180
207900,5.000,0.616,3.076,0.180
208100,5.000,0.604,3.019,0.180
208300,5.000,0.602,3.003,0.180
208500,5.000,0.613,3.061,0.180
208700,5.000,0.613,3.061,0.181
208900,5.000,0.604,3.015,0.181
209100,5.000,0.604,3.015,0.181
209300,5.000,0.624,3.118,0.181
209500,5.000,0.624,3.118,0.181
209700,5.000,0.602,3.007,0.181
209900,5.000,0.601,3.000,0.182
210100,5.000,0.601,3.000,0.182
210300,5.000,0.620,3.095,0.182
210500,5.000,0.605,3.022,0.182
210700,5.000,0.603,3.011,0.182
210900,5.000,0.603,3.011,0.182
211100,5.000,0.626,3.122,0.183
211300,5.000,0.603,3.011,0.183
211500,5.000,0.603,3.011,0.183
211700,5.000,0.619,3.091,0.183
211900,5.000,0.619,3.091,0.183
212100,5.000,0.602,3.003,0.184
212300,5.000,0.602,3.007,0.184
212500,5.000,0.602,3.007,0.184
212700,5.000,0.623,3.110,0.184
212900,5.000,0.604,3.015,0.184
213100,5.000,0.602,3.003,0.184
213300,5.000,0.602,3.003,0.185
213500,5.000,0.622,3.106,0.185
213700,5.000,0.602,3.007,0.185
213900,5.000,0.605,3.019,0.185
214100,5.000,0.605,3.019,0.185
214300,5.000,0.615,3.068,0.185
214500,5.000,0.600,2.996,0.186
214700,5.000,0.600,2.996,0.186
214900,5.000,0.605,3.019,0.186
215100,5.000,0.616,3.076,0.186
215300,5.000,0.603,3.011,0.186
215500,5.000,0.604,3.019,0.187
215700,5.000,0.604,3.019,0.187
215900,5.000,0.612,3.057,0.187
216100,5.000,0.605,3.019,0.187
216300,5.000,0.608,3.034,0.187
216500,5.000,0.608,3.034,0.187
216700,5.000,0.613,3.061,0.188
216900,5.000,0.602,3.003,0.188
217100,5.000,0.615,3.072,0.188
217300,5.000,0.615,3.072,0.188
217500,5.000,0.611,3.053,0.188
217700,5.000,0.603,3.011,0.188
217900,5.000,0.603,3.011,0.189
218100,5.000,0.610,3.045,0.189
218300,5.000,0.618,3.084,0.189
218500,5.000,0.602,3.007,0.189
218700,5.000,0.613,3.061,0.189
218900,5.000,0.613,3.061,0.189
219100,5.000,0.608,3.038,0.190
219300,5.000,0.601,3.000,0.190
219500,5.000,0.619,3.087,0.190
219700,5.000,0.619,3.087,0.190
219900,5.000,0.611,3.053,0.190
220100,5.000,0.602,3.003,0.190
220300,5.000,0.620,3.091,0.191
220500,5.000,0.620,3.091,0.191
220700,5.000,0.603,3.007,0.191
220900,5.000,0.602,3.003,0.191
221100,5.000,0.602,3.003,0.191
221300,5.000,0.616,3.076,0.191
221500,5.000,0.608,3.034,0.192
221700,5.000,0.602,3.007,0.192
221900,5.000,0.602,3.007,0.192
222100,5.000,0.616,3.080,0.192
222300,5.000,0.604,3.015,0.192
222500,5.000,0.601,3.000,0.193
222700,5.000,0.617,3.080,0.193
222900,5.000,0.617,3.080,0.193
223100,5.000,0.604,3.015,0.193
223300,5.000,0.599,2.988,0.193
223500,5.000,0.599,2.988,0.193
223700,5.000,0.621,3.099,0.194
223900,5.000,0.597,2.980,0.194
224100,5.000,0.601,3.003,0.194
224300,5.000,0.601,3.003,0.194
224500,5.000,0.627,3.129,0.194
224700,5.000,0.602,3.007,0.194
224900,5.000,0.605,3.019,0.195
225100,5.000,0.605,3.019,0.195
225300,5.000,0.623,3.110,0.195
225500,5.000,0.601,3.003,0.195
225700,5.000,0.600,2.996,0.195
225900,5.000,0.622,3.106,0.196
226100,5.000,0.622,3.106,0.196
226300,5.000,0.601,3.000,0.196
226500,5.000,0.604,3.019,0.196
226700,5.000,0.604,3.019,0.196
226900,5.000,0.621,3.099,0.196
227100,5.000,0.602,3.003,0.197
227300,5.000,0.607,3.030,0.197
227500,5.000,0.607,3.030,0.197
227700,5.000,0.614,3.068,0.197
227900,5.000,0.605,3.019,0.197
228100,5.000,0.602,3.007,0.197
228300,5.000,0.602,3.007,0.198
228500,5.000,0.622,3.106,0.198
228700,5.000,0.601,3.000,0.198
228900,5.000,0.601,3.000,0.198
229100,5.000,0.607,3.030,0.198
229300,5.000,0.613,3.061,0.199
229500,5.000,0.602,3.007,0.199
229700,5.000,0.602,3.003,0.199
229900,5.000,0.602,3.003,0.199
230100,5.000,0.617,3.080,0.199
230300,5.000,0.601,3.003,0.199
230500,5.000,0.614,3.064,0.200
230700,5.000,0.614,3.064,0.200
230900,5.000,0.605,3.022,0.200
231100,5.000,0.602,3.003,0.200
231300,5.000,0.602,3.080,0.200
231500,5.000,0.617,3.080,0.200
231700,5.000,0.609,3.042,0.201
231900,5.000,0.603,3.011,0.201
232100,5.000,0.603,3.011,0.201
232300,5.000,0.612,3.053,0.201
232500,5.000,0.613,3.061,0.201
232700,5.000,0.600,2.992,0.201
232900,5.000,0.617,3.080,0.202
233100,5.000,0.617,3.080,0.202
233300,5.000,0.607,3.030,0.202
233500,5.000,0.605,3.019,0.202
233700,5.000,0.618,3.087,0.202
233900,5.000,0.618,3.087,0.202
234100,5.000,0.607,3.030,0.203
234300,5.000,0.600,2.996,0.203
234500,5.000,0.600,2.996,0.203
234700,5.000,0.623,3.110,0.203
234900,5.000,0.604,3.019,0.203
235100,5.000,0.602,3.007,0.203
235300,5.000,0.602,3.007,0.204
235500,5.000,0.628,3.137,0.204
235700,5.000,0.609,3.038,0.204
235900,5.000,0.602,3.003,0.204
236100,5.000,0.602,3.003,0.204
236300,5.000,0.613,3.064,0.205
236500,5.000,0.602,3.007,0.205
236700,5.000,0.598,2.984,0.205
236900,5.000,0.625,3.118,0.205
237100,5.000,0.625,3.118,0.205
237300,5.000,0.600,2.996,0.205
237500,5.000,0.602,3.003,0.206
237700,5.000,0.602,3.003,0.206
237900,5.000,0.617,3.080,0.206
238100,5.000,0.603,3.007,0.206
238300,5.000,0.605,3.019,0.206
238500,5.000,0.605,3.019,0.206
238700,5.000,0.618,3.084,0.207
238900,5.000,0.606,3.022,0.207
239100,5.000,0.603,3.011,0.207
239300,5.000,0.603,3.011,0.207
239500,5.000,0.622,3.103,0.207
239700,5.000,0.600,2.996,0.208
239900,5.000,0.603,3.007,0.208
240100,5.000,0.619,3.091,0.208
240300,5.000,0.619,3.091,0.208
240500,5.000,0.603,3.015,0.208
240700,5.000,0.603,3.007,0.208
240900,5.000,0.603,3.007,0.209
241100,5.000,0.623,3.110,0.209
241300,5.000,0.600,2.996,0.209
241500,5.000,0.607,3.034,0.209
241700,5.000,0.607,3.034,0.209
241900,5.000,0.618,3.084,0.209
242100,5.000,0.603,3.011,0.210
242300,5.000,0.603,3.011,0.210
242500,5.000,0.603,3.011,0.210
242700,5.000,0.619,3.091,0.210
242900,5.000,0.605,3.019,0.210
243100,5.000,0.606,3.026,0.210
243300,5.000,0.606,3.026,0.211
243500,5.000,0.615,3.072,0.211
243700,5.000,0.596,2.977,0.211
243900,5.000,0.611,3.053,0.211
244100,5.000,0.611,3.053,0.211
244300,5.000,0.615,3.068,0.211
244500,5.000,0.603,3.015,0.212
244700,5.000,0.609,3.042,0.212
244900,5.000,0.609,3.042,0.212
245100,5.000,0.608,3.038,0.212
245300,5.000,0.604,3.015,0.212
245500,5.000,0.604,3.015,0.213
245700,5.000,0.606,3.026,0.213
245900,5.000,0.617,3.080,0.213
246100,5.000,0.603,3.011,0.213
246300,5.000,0.603,3.011,0.213
246500,5.000,0.614,3.064,0.213
246700,5.000,0.609,3.042,0.214
246900,5.000,0.604,3.015,0.214
247100,5.000,0.612,3.057,0.214
247300,5.000,0.612,3.057,0.214
247500,5.000,0.612,3.057,0.214
247700,5.000,0.603,3.011,0.214
247900,5.000,0.617,3.080,0.215
248100,5.000,0.617,3.080,0.215
248300,5.000,0.604,3.015,0.215
248500,5.000,0.602,3.003,0.215
248700,5.000,0.602,3.003,0.215
248900,5.000,0.624,3.114,0.215
249100,5.000,0.603,3.011,0.216
249300,5.000,0.603,3.011,0.216
249500,5.000,0.603,3.011,0.216
249700,5.000,0.618,3.084,0.216
249900,5.000,0.608,3.034,0.216
250100,5.000,0.603,3.015,0.217
250300,5.000,0.620,3.095,0.217
250500,5.000,0.620,3.095,0.217
250700,5.000,0.597,2.984,0.217
250900,5.000,0.603,3.011,0.217
251100,5.000,0.621,3.103,0.217
251300,5.000,0.621,3.103,0.218
251500,5.000,0.603,3.011,0.218
251700,5.000,0.602,3.007,0.218
251900,5.000,0.602,3.007,0.218
252100,5.000,0.617,3.080,0.218
252300,5.000,0.603,3.011,0.218
252500,5.000,0.600,2.996,0.219
252700,5.000,0.600,2.996,0.219
252900,5.000,0.624,3.118,0.219
253100,5.000,0.601,3.000,0.219
253300,5.000,0.601,3.000,0.219
253500,5.000,0.603,3.011,0.219
253700,5.000,0.620,3.095,0.220
253900,5.000,0.604,3.015,0.220
254100,5.000,0.600,2.996,0.220
254300,5.000,0.600,2.996,0.220
254500,5.000,0.624,3.114,0.220
254700,5.000,0.602,3.007,0.221
254900,5.000,0.607,3.030,0.221
255100,5.000,0.607,3.030,0.221
255300,5.000,0.615,3.072,0.221
255500,5.000,0.601,3.000,0.221
255700,5.000,0.611,3.049,0.221
255900,5.000,0.611,3.049,0.222
256100,5.000,0.615,3.068,0.222
256300,5.000,0.604,3.015,0.222
256500,5.000,0.604,3.015,0.222
256700,5.000,0.604,3.019,0.222
256900,5.000,0.621,3.099,0.222
257100,5.000,0.601,3.000,0.223
257300,5.000,0.608,3.038,0.223
257500,5.000,0.608,3.038,0.223
257700,5.000,0.613,3.061,0.223
257900,5.000,0.605,3.019,0.223
258100,5.000,0.610,3.045,0.223
258300,5.000,0.610,3.045,0.224
258500,5.000,0.615,3.072,0.224
258700,5.000,0.600,2.996,0.224
258900,5.000,0.611,3.049,0.224
259100,5.000,0.611,3.049,0.224
259300,5.000,0.609,3.042,0.224
259500,5.000,0.599,2.992,0.225
259700,5.000,0.599,2.992,0.225
259900,5.000,0.610,3.042,0.225
260100,5.000,0.614,3.064,0.225
260300,5.000,0.604,3.015,0.225
260500,5.000,0.604,3.015,0.226
260700,5.000,0.608,3.038,0.226
260900,5.000,0.607,3.030,0.226
261100,5.000,0.601,3.000,0.226
261300,5.000,0.612,3.057,0.226
261500,5.000,0.612,3.057,0.226
261700,5.000,0.610,3.045,0.227
261900,5.000,0.603,3.007,0.227
262100,5.000,0.618,3.084,0.227
262300,5.000,0.618,3.084,0.227
262500,5.000,0.603,3.011,0.227
262700,5.000,0.603,3.011,0.227
262900,5.000,0.603,3.011,0.228
263100,5.000,0.624,3.118,0.228
263300,5.000,0.604,3.015,0.228
263500,5.000,0.603,3.011,0.228
263700,5.000,0.603,3.011,0.228
263900,5.000,0.617,3.080,0.228
264100,5.000,0.603,3.015,0.229
264300,5.000,0.603,3.007,0.229
264500,5.000,0.622,3.103,0.229
264700,5.000,0.622,3.103,0.229
264900,5.000,0.606,3.026,0.229
265100,5.000,0.603,3.011,0.230
265300,5.000,0.603,3.011,0.230
265500,5.000,0.621,3.103,0.230
265700,5.000,0.601,3.000,0.230
265900,5.000,0.602,3.003,0.230
266100,5.000,0.602,3.003,0.230
266300,5.000,0.623,3.110,0.231
266500,5.000,0.602,3.003,0.231
266700,5.000,0.604,3.015,0.231
266900,5.000,0.604,3.015,0.231
267100,5.000,0.621,3.103,0.231
267300,5.000,0.602,3.003,0.231
267500,5.000,0.602,3.003,0.232
267700,5.000,0.616,3.076,0.232
267900,5.000,0.616,3.076,0.232
268100,5.000,0.602,3.007,0.232
268300,5.000,0.598,2.984,0.232
268500,5.000,0.598,2.984,0.233
268700,5.000,0.623,3.110,0.233
268900,5.000,0.600,3.000,0.233
269100,5.000,0.608,3.034,0.233
269300,5.000,0.608,3.034,0.233
269500,5.000,0.617,3.084,0.233
269700,5.000,0.603,3.011,0.234
269900,5.000,0.612,3.061,0.234
270100,5.000,0.612,3.061,0.234
270300,5.000,0.613,3.061,0.234
270500,5.000,0.605,3.019,0.234
270700,5.000,0.605,3.019,0.234
270900,5.000,0.606,3.022,0.235
271100,5.000,0.614,3.064,0.235
271300,5.000,0.603,3.011,0.235
271500,5.000,0.607,3.034,0.235
271700,5.000,0.607,3.034,0.235
271900,5.000,0.619,3.091,0.235
272100,5.000,0.601,3.003,0.236
272300,5.000,0.614,3.068,0.236
272500,5.000,0.614,3.068,0.236
272700,5.000,0.607,3.034,0.236
272900,5.000,0.602,3.007,0.236
273100,5.000,0.619,3.087,0.236
273300,5.000,0.619,3.087,0.237
273500,5.000,0.610,3.045,0.237
273700,5.000,0.604,3.015,0.237
273900,5.000,0.604,3.015,0.237
274100,5.000,0.607,3.030,0.237
274300,5.000,0.615,3.072,0.237
274500,5.000,0.599,2.988,0.238
274700,5.000,0.610,3.049,0.238
274900,5.000,0.610,3.049,0.238
275100,5.000,0.607,3.030,0.238
275300,5.000,0.601,3.000,0.238
275500,5.000,0.614,3.064,0.239
275700,5.000,0.614,3.064,0.239
275900,5.000,0.605,3.022,0.239
276100,5.000,0.600,2.996,0.239
276300,5.000,0.600,2.996,0.239
276500,5.000,0.620,3.095,0.239
276700,5.000,0.603,3.007,0.240
276900,5.000,0.604,3.015,0.240
277100,5.000,0.604,3.015,0.240
277300,5.000,0.616,3.076,0.240
277500,5.000,0.610,3.045,0.240
277700,5.000,0.600,2.996,0.240
277900,5.000,0.600,2.996,0.241
278100,5.000,0.619,3.091,0.241
278300,5.000,0.605,3.022,0.241
278500,5.000,0.601,3.000,0.241
278700,5.000,0.626,3.122,0.241
278900,5.000,0.626,3.122,0.242
279100,5.000,0.602,3.007,0.242
279300,5.000,0.602,3.007,0.242
279500,5.000,0.602,3.007,0.242
279700,5.000,0.619,3.087,0.242
279900,5.000,0.603,3.011,0.242
280100,5.000,0.605,3.019,0.243
280300,5.000,0.605,3.019,0.243
280500,5.000,0.623,3.110,0.243
280700,5.000,0.603,3.011,0.243
