300,5.000,0.462,2.309,0.000
500,5.000,0.439,2.194,0.000
700,5.000,0.424,2.118,0.000
900,5.000,0.424,2.118,0.000
1100,5.000,0.425,2.125,0.000
1300,5.000,0.425,2.122,0.000
1500,5.000,0.425,2.122,0.000
1700,5.000,0.424,2.122,0.000
1900,5.000,0.425,2.122,0.001
2100,5.000,0.423,2.114,0.001
2300,5.000,0.426,2.125,0.001
2500,5.000,0.426,2.125,0.001
2700,5.000,0.423,2.114,0.001
2900,5.000,0.429,2.145,0.001
3100,5.000,0.423,2.114,0.001
3300,5.000,0.423,2.114,0.001
3500,5.000,0.424,2.122,0.002
3700,5.000,0.424,2.122,0.002
3900,5.000,0.425,2.125,0.002
4100,5.000,0.425,2.125,0.002
4300,5.000,0.424,2.122,0.002
4500,5.000,0.424,2.122,0.002
4700,5.000,0.424,2.122,0.002
4900,5.000,0.426,2.129,0.002
5100,5.000,0.424,2.122,0.002
5300,5.000,0.436,2.179,0.003
5500,5.000,0.436,2.179,0.003
5700,5.000,0.424,2.118,0.003
5900,5.000,0.425,2.125,0.003
6100,5.000,0.424,2.122,0.003
6300,5.000,0.425,2.125,0.003
6500,5.000,0.425,2.125,0.003
6700,5.000,0.425,2.125,0.003
6900,5.000,0.424,2.118,0.004
7100,5.000,0.425,2.129,0.004
7300,5.000,0.425,2.129,0.004
7500,5.000,0.424,2.118,0.004
7700,5.000,0.426,2.129,0.004
7900,5.000,0.426,2.129,0.004
8100,5.000,0.426,2.129,0.004
8300,5.000,0.425,2.125,0.004
8500,5.000,0.424,2.122,0.005
8700,5.000,0.424,2.122,0.005
8900,5.000,0.426,2.129,0.005
9100,5.000,0.425,2.125,0.005
9300,5.000,0.424,2.122,0.005
9500,5.000,0.425,2.125,0.005
9700,5.000,0.425,2.125,0.005
9900,5.000,0.423,2.114,0.005
10100,5.000,0.426,2.133,0.006
10300,5.000,0.426,2.133,0.006
10500,5.000,0.424,2.122,0.006
10700,5.000,0.426,2.129,0.006
10900,5.000,0.425,2.125,0.006
11100,5.000,0.425,2.125,0.006
11300,5.000,0.425,2.125,0.006
11500,5.000,0.425,2.125,0.006
11700,5.000,0.425,2.125,0.006
11900,5.000,0.425,2.125,0.007
12100,5.000,0.424,2.118,0.007
12300,5.000,0.424,2.118,0.007
12500,5.000,0.424,2.118,0.007
12700,5.000,0.426,2.129,0.007
12900,5.000,0.424,2.122,0.007
13100,5.000,0.426,2.125,0.007
13300,5.000,0.423,2.114,0.007
13500,5.000,0.423,2.114,0.008
13700,5.000,0.424,2.122,0.008
13900,5.000,0.424,2.122,0.008
14100,5.000,0.425,2.125,0.008
14300,5.000,0.425,2.125,0.008
14500,5.000,0.425,2.125,0.008
14700,5.000,0.427,2.137,0.008
14900,5.000,0.428,2.141,0.008
15100,5.000,0.428,2.141,0.009
15300,5.000,0.426,2.129,0.009
15500,5.000,0.427,2.137,0.009
15700,5.000,0.427,2.137,0.009
15900,5.000,0.425,2.125,0.009
16100,5.000,0.425,2.125,0.009
16300,5.000,0.424,2.122,0.009
16500,5.000,0.425,2.125,0.009
16700,5.000,0.425,2.125,0.010
16900,5.000,0.426,2.129,0.010
17100,5.000,0.424,2.118,0.010
17300,5.000,0.426,2.129,0.010
17500,5.000,0.426,2.129,0.010
17700,5.000,0.424,2.118,0.010
17900,5.000,0.427,2.133,0.010
18100,5.000,0.424,2.122,0.010
18300,5.000,0.424,2.122,0.010
18500,5.000,0.435,2.171,0.011
18700,5.000,0.425,2.122,0.011
18900,5.000,0.425,2.122,0.011
19100,5.000,0.425,2.125,0.011
19300,5.000,0.425,2.125,0.011
19500,5.000,0.425,2.122,0.011
19700,5.000,0.425,2.122,0.011
19900,5.000,0.425,2.125,0.012
20100,5.000,0.423,2.118,0.012
20300,5.000,0.426,2.129,0.012
20500,5.000,0.423,2.114,0.012
20700,5.000,0.423,2.114,0.012
20900,5.000,0.425,2.125,0.012
21100,5.000,0.423,2.114,0.012
21300,5.000,0.423,2.114,0.012
21500,5.000,0.424,2.118,0.012
21700,5.000,0.423,2.118,0.013
21900,5.000,0.424,2.118,0.013
22100,5.000,0.424,2.118,0.013
22300,5.000,0.424,2.122,0.013
22500,5.000,0.423,2.114,0.013
22700,5.000,0.424,2.122,0.013
22900,5.000,0.424,2.122,0.013
23100,5.000,0.424,2.118,0.013
23300,5.000,0.451,2.251,0.014
23500,5.000,0.424,2.118,0.014
23700,5.000,0.425,2.125,0.014
23900,5.000,0.425,2.125,0.014
24100,5.000,0.424,2.118,0.014
24300,5.000,0.425,2.125,0.014
24500,5.000,0.425,2.125,0.014
24700,5.000,0.425,2.125,0.014
24900,5.000,0.424,2.118,0.015
25100,5.000,0.425,2.125,0.015
25300,5.000,0.425,2.125,0.015
25500,5.000,0.423,2.114,0.015
25700,5.000,0.426,2.133,0.015
25900,5.000,0.425,2.122,0.015
26100,5.000,0.425,2.122,0.015
26300,5.000,0.425,2.125,0.015
26500,5.000,0.424,2.122,0.015
26700,5.000,0.424,2.122,0.016
26900,5.000,0.425,2.125,0.016
27100,5.000,0.425,2.125,0.016
27300,5.000,0.424,2.122,0.016
27500,5.000,0.425,2.125,0.016
27700,5.000,0.425,2.125,0.016
27900,5.000,0.425,2.125,0.016
28100,5.000,0.427,2.133,0.016
28300,5.000,0.424,2.122,0.017
28500,5.000,0.424,2.122,0.017
28700,5.000,0.425,2.125,0.017
28900,5.000,0.424,2.122,0.017
29100,5.000,0.426,2.129,0.017
29300,5.000,0.426,2.129,0.017
29500,5.000,0.426,2.129,0.017
29700,5.000,0.424,2.122,0.017
29900,5.000,0.424,2.122,0.018
30100,5.000,0.426,2.129,0.018
30300,5.000,0.425,2.125,0.018
30500,5.000,0.426,2.129,0.018
30700,5.000,0.424,2.118,0.018
30900,5.000,0.424,2.118,0.018
31100,5.000,0.424,2.122,0.018
31300,5.000,0.424,2.118,0.018
31500,5.000,0.425,2.125,0.019
31700,5.000,0.425,2.125,0.019
31900,5.000,0.424,2.122,0.019
32100,5.000,0.422,2.114,0.019
32300,5.000,0.422,2.114,0.019
32500,5.000,0.424,2.118,0.019
32700,5.000,0.423,2.110,0.019
32900,5.000,0.428,2.137,0.019
33100,5.000,0.428,2.137,0.019
33300,5.000,0.423,2.118,0.020
33500,5.000,0.424,2.122,0.020
33700,5.000,0.424,2.118,0.020
33900,5.000,0.424,2.118,0.020
34100,5.000,0.424,2.118,0.020
34300,5.000,0.424,2.122,0.020
34500,5.000,0.423,2.114,0.020
34700,5.000,0.423,2.118,0.020
34900,5.000,0.423,2.118,0.021
35100,5.000,0.423,2.114,0.021
35300,5.000,0.425,2.125,0.021
35500,5.000,0.425,2.125,0.021
35700,5.000,0.423,2.114,0.021
35900,5.000,0.424,2.118,0.021
36100,5.000,0.423,2.110,0.021
36300,5.000,0.423,2.110,0.021
36500,5.000,0.424,2.118,0.022
36700,5.000,0.424,2.118,0.022
36900,5.000,0.423,2.114,0.022
37100,5.000,0.423,2.114,0.022
37300,5.000,0.424,2.122,0.022
37500,5.000,0.423,2.114,0.022
37700,5.000,0.426,2.129,0.022
37900,5.000,0.423,2.114,0.022
38100,5.000,0.423,2.114,0.023
38300,5.000,0.424,2.118,0.023
38500,5.000,0.422,2.110,0.023
38700,5.000,0.422,2.110,0.023
38900,5.000,0.424,2.118,0.023
39100,5.000,0.423,2.114,0.023
39300,5.000,0.423,2.114,0.023
39500,5.000,0.423,2.114,0.023
39700,5.000,0.424,2.118,0.023
39900,5.000,0.423,2.114,0.024
40100,5.000,0.425,2.125,0.024
40300,5.000,0.425,2.125,0.024
40500,5.000,0.423,2.110,0.024
40700,5.000,0.424,2.122,0.024
40900,5.000,0.422,2.110,0.024
41100,5.000,0.423,2.118,0.024
41300,5.000,0.423,2.118,0.024
41500,5.000,0.423,2.118,0.025
41700,5.000,0.422,2.110,0.025
41900,5.000,0.422,2.110,0.025
42100,5.000,0.423,2.114,0.025
42300,5.000,0.422,2.110,0.025
42500,5.000,0.424,2.122,0.025
42700,5.000,0.424,2.122,0.025
42900,5.000,0.424,2.118,0.025
43100,5.000,0.424,2.118,0.026
43300,5.000,0.424,2.118,0.026
43500,5.000,0.422,2.110,0.026
43700,5.000,0.424,2.118,0.026
43900,5.000,0.423,2.114,0.026
44100,5.000,0.423,2.114,0.026
44300,5.000,0.423,2.114,0.026
44500,5.000,0.424,2.118,0.026
44700,5.000,0.422,2.110,0.027
44900,5.000,0.425,2.122,0.027
45100,5.000,0.425,2.122,0.027
45300,5.000,0.423,2.110,0.027
45500,5.000,0.424,2.118,0.027
45700,5.000,0.422,2.110,0.027
45900,5.000,0.422,2.110,0.027
46100,5.000,0.423,2.114,0.027
46300,5.000,0.424,2.118,0.027
46500,5.000,0.424,2.118,0.028
46700,5.000,0.423,2.114,0.028
46900,5.000,0.423,2.114,0.028
47100,5.000,0.422,2.110,0.028
47300,5.000,0.422,2.110,0.028
47500,5.000,0.426,2.129,0.028
47700,5.000,0.436,2.179,0.028
47900,5.000,0.424,2.122,0.028
48100,5.000,0.424,2.118,0.029
48300,5.000,0.424,2.118,0.029
48500,5.000,0.423,2.114,0.029
48700,5.000,0.422,2.114,0.029
48900,5.000,0.422,2.110,0.029
49100,5.000,0.422,2.110,0.029
49300,5.000,0.423,2.114,0.029
49500,5.000,0.421,2.106,0.029
49700,5.000,0.421,2.106,0.030
49900,5.000,0.424,2.118,0.030
50100,5.000,0.422,2.106,0.030
50300,5.000,0.424,2.118,0.030
50500,5.000,0.424,2.118,0.030
50700,5.000,0.422,2.106,0.030
50900,5.000,0.423,2.118,0.030
51100,5.000,0.422,2.110,0.030
51300,5.000,0.423,2.118,0.031
51500,5.000,0.423,2.118,0.031
51700,5.000,0.423,2.118,0.031
51900,5.000,0.422,2.110,0.031
52100,5.000,0.424,2.122,0.031
52300,5.000,0.424,2.122,0.031
52500,5.000,0.423,2.114,0.031
52700,5.000,0.426,2.129,0.031
52900,5.000,0.426,2.129,0.031
53100,5.000,0.423,2.110,0.032
53300,5.000,0.424,2.118,0.032
53500,5.000,0.423,2.114,0.032
53700,5.000,0.423,2.114,0.032
53900,5.000,0.424,2.118,0.032
54100,5.000,0.424,2.118,0.032
54300,5.000,0.424,2.118,0.032
54500,5.000,0.423,2.114,0.032
54700,5.000,0.424,2.118,0.033
54900,5.000,0.423,2.114,0.033
55100,5.000,0.424,2.122,0.033
55300,5.000,0.424,2.122,0.033
55500,5.000,0.422,2.110,0.033
55700,5.000,0.424,2.118,0.033
55900,5.000,0.423,2.114,0.033
56100,5.000,0.423,2.114,0.033
56300,5.000,0.424,2.118,0.034
56500,5.000,0.424,2.118,0.034
56700,5.000,0.422,2.110,0.034
56900,5.000,0.422,2.110,0.034
57100,5.000,0.425,2.125,0.034
57300,5.000,0.423,2.114,0.034
57500,5.000,0.423,2.114,0.034
57700,5.000,0.425,2.125,0.034
57900,5.000,0.424,2.118,0.034
58100,5.000,0.424,2.118,0.035
58300,5.000,0.423,2.114,0.035
58500,5.000,0.423,2.114,0.035
58700,5.000,0.424,2.118,0.035
58900,5.000,0.424,2.122,0.035
59100,5.000,0.422,2.110,0.035
59300,5.000,0.422,2.110,0.035
59500,5.000,0.424,2.118,0.035
59700,5.000,0.422,2.114,0.036
59900,5.000,0.425,2.122,0.036
60100,5.000,0.425,2.122,0.036
60300,5.000,0.422,2.110,0.036
60500,5.000,0.424,2.118,0.036
60700,5.000,0.424,2.118,0.036
60900,5.000,0.423,2.114,0.036
61100,5.000,0.424,2.118,0.036
61300,5.000,0.424,2.122,0.037
61500,5.000,0.424,2.122,0.037
61700,5.000,0.422,2.110,0.037
61900,5.000,0.423,2.118,0.037
62100,5.000,0.422,2.110,0.037
62300,5.000,0.424,2.122,0.037
62500,5.000,0.424,2.122,0.037
62700,5.000,0.424,2.118,0.037
62900,5.000,0.424,2.122,0.038
63100,5.000,0.423,2.110,0.038
63300,5.000,0.423,2.110,0.038
63500,5.000,0.424,2.118,0.038
63700,5.000,0.423,2.114,0.038
63900,5.000,0.423,2.114,0.038
64100,5.000,0.422,2.110,0.038
64300,5.000,0.424,2.122,0.038
64500,5.000,0.422,2.110,0.038
64700,5.000,0.422,2.110,0.039
64900,5.000,0.425,2.129,0.039
65100,5.000,0.422,2.110,0.039
65300,5.000,0.423,2.114,0.039
65500,5.000,0.423,2.114,0.039
65700,5.000,0.423,2.114,0.039
65900,5.000,0.423,2.114,0.039
66100,5.000,0.435,2.175,0.039
66300,5.000,0.435,2.175,0.040
66500,5.000,0.422,2.110,0.040
66700,5.000,0.424,2.122,0.040
66900,5.000,0.422,2.110,0.040
67100,5.000,0.422,2.110,0.040
67300,5.000,0.424,2.118,0.040
67500,5.000,0.424,2.118,0.040
67700,5.000,0.424,2.118,0.040
67900,5.000,0.424,2.118,0.041
68100,5.000,0.423,2.114,0.041
68300,5.000,0.424,2.122,0.041
68500,5.000,0.424,2.122,0.041
68700,5.000,0.424,2.122,0.041
68900,5.000,0.423,2.114,0.041
69100,5.000,0.424,2.122,0.041
69300,5.000,0.423,2.114,0.041
69500,5.000,0.423,2.114,0.042
69700,5.000,0.425,2.122,0.042
69900,5.000,0.423,2.114,0.042
70100,5.000,0.424,2.122,0.042
70300,5.000,0.424,2.122,0.042
70500,5.000,0.423,2.114,0.042
70700,5.000,0.423,2.118,0.042
70900,5.000,0.424,2.118,0.042
71100,5.000,0.424,2.118,0.042
71300,5.000,0.423,2.114,0.043
71500,5.000,0.423,2.114,0.043
71700,5.000,0.423,2.114,0.043
71900,5.000,0.422,2.110,0.043
72100,5.000,0.425,2.122,0.043
72300,5.000,0.422,2.106,0.043
72500,5.000,0.425,2.125,0.043
72700,5.000,0.425,2.125,0.043
72900,5.000,0.421,2.106,0.044
73100,5.000,0.423,2.114,0.044
73300,5.000,0.423,2.114,0.044
73500,5.000,0.423,2.114,0.044
73700,5.000,0.423,2.114,0.044
73900,5.000,0.423,2.114,0.044
74100,5.000,0.422,2.110,0.044
74300,5.000,0.422,2.110,0.044
74500,5.000,0.424,2.122,0.045
74700,5.000,0.423,2.114,0.045
74900,5.000,0.423,2.114,0.045
75100,5.000,0.425,2.125,0.045
75300,5.000,0.423,2.114,0.045
75500,5.000,0.424,2.122,0.045
75700,5.000,0.424,2.122,0.045
75900,5.000,0.423,2.110,0.045
76100,5.000,0.424,2.122,0.046
76300,5.000,0.424,2.118,0.046
76500,5.000,0.423,2.114,0.046
76700,5.000,0.423,2.114,0.046
76900,5.000,0.424,2.118,0.046
77100,5.000,0.422,2.114,0.046
77300,5.000,0.422,2.114,0.046
77500,5.000,0.424,2.118,0.046
77700,5.000,0.422,2.110,0.046
77900,5.000,0.423,2.118,0.047
78100,5.000,0.423,2.118,0.047
78300,5.000,0.422,2.106,0.047
78500,5.000,0.423,2.114,0.047
78700,5.000,0.423,2.114,0.047
78900,5.000,0.423,2.114,0.047
79100,5.000,0.423,2.114,0.047
79300,5.000,0.423,2.114,0.047
79500,5.000,0.422,2.106,0.048
79700,5.000,0.424,2.118,0.048
79900,5.000,0.424,2.118,0.048
80100,5.000,0.422,2.106,0.048
80300,5.000,0.426,2.129,0.048
80500,5.000,0.426,2.129,0.048
80700,5.000,0.423,2.114,0.048
80900,5.000,0.424,2.118,0.048
81100,5.000,0.423,2.114,0.049
81300,5.000,0.423,2.114,0.049
81500,5.000,0.423,2.114,0.049
81700,5.000,0.452,2.255,0.049
81900,5.000,0.423,2.118,0.049
82100,5.000,0.423,2.118,0.049
82300,5.000,0.424,2.122,0.049
82500,5.000,0.424,2.118,0.049
82700,5.000,0.424,2.118,0.049
82900,5.000,0.422,2.110,0.050
83100,5.000,0.422,2.110,0.050
83300,5.000,0.424,2.118,0.050
83500,5.000,0.422,2.110,0.050
83700,5.000,0.422,2.110,0.050
83900,5.000,0.424,2.118,0.050
84100,5.000,0.424,2.118,0.050
84300,5.000,0.423,2.114,0.050
84500,5.000,0.423,2.114,0.051
84700,5.000,0.423,2.118,0.051
84900,5.000,0.422,2.110,0.051
85100,5.000,0.425,2.122,0.051
85300,5.000,0.425,2.122,0.051
85500,5.000,0.422,2.110,0.051
85700,5.000,0.424,2.118,0.051
85900,5.000,0.424,2.118,0.051
86100,5.000,0.422,2.110,0.052
86300,5.000,0.423,2.114,0.052
86500,5.000,0.422,2.110,0.052
86700,5.000,0.422,2.110,0.052
86900,5.000,0.422,2.110,0.052
87100,5.000,0.422,2.110,0.052
87300,5.000,0.421,2.106,0.052
87500,5.000,0.425,2.125,0.052
87700,5.000,0.425,2.125,0.053
87900,5.000,0.421,2.106,0.053
88100,5.000,0.424,2.118,0.053
88300,5.000,0.424,2.118,0.053
88500,5.000,0.422,2.106,0.053
88700,5.000,0.423,2.114,0.053
88900,5.000,0.423,2.118,0.053
89100,5.000,0.423,2.118,0.053
89300,5.000,0.423,2.118,0.053
89500,5.000,0.424,2.118,0.054
89700,5.000,0.423,2.114,0.054
89900,5.000,0.424,2.122,0.054
90100,5.000,0.424,2.122,0.054
90300,5.000,0.423,2.114,0.054
90500,5.000,0.425,2.122,0.054
90700,5.000,0.423,2.114,0.054
90900,5.000,0.423,2.114,0.054
91100,5.000,0.424,2.122,0.055
91300,5.000,0.423,2.114,0.055
91500,5.000,0.423,2.114,0.055
91700,5.000,0.424,2.118,0.055
91900,5.000,0.424,2.118,0.055
92100,5.000,0.423,2.114,0.055
92300,5.000,0.423,2.114,0.055
92500,5.000,0.426,2.129,0.055
92700,5.000,0.423,2.114,0.056
92900,5.000,0.425,2.122,0.056
93100,5.000,0.425,2.122,0.056
93300,5.000,0.423,2.114,0.056
93500,5.000,0.424,2.118,0.056
93700,5.000,0.422,2.110,0.056
93900,5.000,0.424,2.118,0.056
94100,5.000,0.424,2.118,0.056
94300,5.000,0.423,2.114,0.057
94500,5.000,0.423,2.114,0.057
94700,5.000,0.423,2.114,0.057
94900,5.000,0.423,2.114,0.057
95100,5.000,0.421,2.106,0.057
95300,5.000,0.424,2.118,0.057
95500,5.000,0.424,2.118,0.057
95700,5.000,0.421,2.106,0.057
95900,5.000,0.424,2.118,0.057
96100,5.000,0.422,2.106,0.058
96300,5.000,0.422,2.106,0.058
96500,5.000,0.423,2.114,0.058
96700,5.000,0.422,2.110,0.058
96900,5.000,0.423,2.114,0.058
97100,5.000,0.423,2.114,0.058
97300,5.000,0.423,2.114,0.058
97500,5.000,0.422,2.110,0.058
97700,5.000,0.424,2.118,0.059
97900,5.000,0.424,2.118,0.059
98100,5.000,0.422,2.110,0.059
98300,5.000,0.424,2.122,0.059
98500,5.000,0.422,2.106,0.059
98700,5.000,0.422,2.106,0.059
98900,5.000,0.424,2.118,0.059
99100,5.000,0.423,2.114,0.059
99300,5.000,0.423,2.114,0.060
99500,5.000,0.424,2.118,0.060
99700,5.000,0.424,2.122,0.060
99900,5.000,0.423,2.114,0.060
100100,5.000,0.423,2.114,0.060
100300,5.000,0.439,2.194,0.060
100500,5.000,0.423,2.114,0.060
100700,5.000,0.425,2.122,0.060
100900,5.000,0.423,2.114,0.061
101100,5.000,0.423,2.114,0.061
101300,5.000,0.424,2.122,0.061
101500,5.000,0.423,2.114,0.061
101700,5.000,0.424,2.122,0.061
101900,5.000,0.424,2.122,0.061
102100,5.000,0.424,2.118,0.061
102300,5.000,0.423,2.114,0.061
102500,5.000,0.423,2.114,0.061
102700,5.000,0.424,2.118,0.062
102900,5.000,0.422,2.110,0.062
103100,5.000,0.424,2.122,0.062
103300,5.000,0.424,2.122,0.062
103500,5.000,0.422,2.110,0.062
103700,5.000,0.424,2.122,0.062
103900,5.000,0.422,2.106,0.062
104100,5.000,0.423,2.114,0.062
104300,5.000,0.423,2.114,0.063
104500,5.000,0.423,2.114,0.063
104700,5.000,0.422,2.110,0.063
104900,5.000,0.423,2.114,0.063
105100,5.000,0.423,2.114,0.063
105300,5.000,0.422,2.110,0.063
105500,5.000,0.423,2.114,0.063
105700,5.000,0.423,2.114,0.063
105900,5.000,0.421,2.106,0.064
106100,5.000,0.424,2.118,0.064
106300,5.000,0.421,2.106,0.064
106500,5.000,0.421,2.106,0.064
106700,5.000,0.423,2.114,0.064
106900,5.000,0.422,2.110,0.064
107100,5.000,0.423,2.118,0.064
107300,5.000,0.424,2.122,0.064
107500,5.000,0.424,2.122,0.065
107700,5.000,0.422,2.114,0.065
107900,5.000,0.424,2.122,0.065
108100,5.000,0.423,2.114,0.065
108300,5.000,0.423,2.114,0.065
108500,5.000,0.425,2.125,0.065
108700,5.000,0.422,2.110,0.065
108900,5.000,0.422,2.110,0.065
109100,5.000,0.423,2.114,0.065
109300,5.000,0.421,2.106,0.066
109500,5.000,0.422,2.114,0.066
109700,5.000,0.422,2.114,0.066
109900,5.000,0.424,2.122,0.066
110100,5.000,0.424,2.118,0.066
110300,5.000,0.424,2.118,0.066
110500,5.000,0.423,2.114,0.066
110700,5.000,0.422,2.110,0.066
110900,5.000,0.423,2.114,0.067
111100,5.000,0.421,2.106,0.067
111300,5.000,0.421,2.106,0.067
111500,5.000,0.424,2.118,0.067
111700,5.000,0.421,2.103,0.067
111900,5.000,0.424,2.118,0.067
112100,5.000,0.424,2.118,0.067
112300,5.000,0.423,2.118,0.067
112500,5.000,0.422,2.110,0.068
112700,5.000,0.422,2.110,0.068
112900,5.000,0.422,2.110,0.068
113100,5.000,0.423,2.114,0.068
113300,5.000,0.423,2.114,0.068
113500,5.000,0.423,2.114,0.068
113700,5.000,0.422,2.110,0.068
113900,5.000,0.424,2.122,0.068
114100,5.000,0.421,2.106,0.068
114300,5.000,0.424,2.122,0.069
114500,5.000,0.424,2.122,0.069
114700,5.000,0.422,2.110,0.069
114900,5.000,0.423,2.114,0.069
115100,5.000,0.423,2.114,0.069
115300,5.000,0.423,2.114,0.069
115500,5.000,0.424,2.118,0.069
115700,5.000,0.423,2.118,0.069
115900,5.000,0.423,2.114,0.070
116100,5.000,0.423,2.114,0.070
116300,5.000,0.423,2.118,0.070
116500,5.000,0.422,2.110,0.070
116700,5.000,0.422,2.110,0.070
116900,5.000,0.425,2.122,0.070
117100,5.000,0.422,2.110,0.070
117300,5.000,0.424,2.122,0.070
117500,5.000,0.424,2.122,0.071
117700,5.000,0.422,2.106,0.071
117900,5.000,0.423,2.114,0.071
118100,5.000,0.423,2.114,0.071
118300,5.000,0.422,2.110,0.071
118500,5.000,0.422,2.110,0.071
118700,5.000,0.423,2.114,0.071
118900,5.000,0.422,2.106,0.071
119100,5.000,0.424,2.122,0.072
119300,5.000,0.424,2.122,0.072
119500,5.000,0.421,2.106,0.072
119700,5.000,0.423,2.114,0.072
119900,5.000,0.423,2.114,0.072
120100,5.000,0.422,2.110,0.072
120300,5.000,0.423,2.114,0.072
120500,5.000,0.422,2.106,0.072
120700,5.000,0.422,2.106,0.072
120900,5.000,0.423,2.114,0.073
121100,5.000,0.423,2.114,0.073
121300,5.000,0.421,2.106,0.073
121500,5.000,0.424,2.118,0.073
121700,5.000,0.424,2.118,0.073
121900,5.000,0.421,2.106,0.073
122100,5.000,0.426,2.129,0.073
122300,5.000,0.426,2.129,0.073
122500,5.000,0.422,2.110,0.074
122700,5.000,0.423,2.118,0.074
122900,5.000,0.422,2.110,0.074
123100,5.000,0.422,2.110,0.074
123300,5.000,0.423,2.118,0.074
123500,5.000,0.424,2.118,0.074
123700,5.000,0.423,2.114,0.074
123900,5.000,0.423,2.114,0.074
124100,5.000,0.423,2.114,0.075
124300,5.000,0.423,2.114,0.075
124500,5.000,0.423,2.114,0.075
124700,5.000,0.425,2.125,0.075
124900,5.000,0.422,2.106,0.075
125100,5.000,0.424,2.122,0.075
125300,5.000,0.421,2.106,0.075
125500,5.000,0.421,2.106,0.075
125700,5.000,0.423,2.114,0.076
125900,5.000,0.423,2.114,0.076
126100,5.000,0.422,2.106,0.076
126300,5.000,0.422,2.106,0.076
126500,5.000,0.422,2.110,0.076
126700,5.000,0.421,2.103,0.076
126900,5.000,0.424,2.118,0.076
127100,5.000,0.424,2.118,0.076
127300,5.000,0.421,2.106,0.076
127500,5.000,0.423,2.118,0.077
127700,5.000,0.423,2.118,0.077
127900,5.000,0.421,2.106,0.077
128100,5.000,0.423,2.114,0.077
128300,5.000,0.422,2.110,0.077
128500,5.000,0.423,2.114,0.077
128700,5.000,0.423,2.114,0.077
128900,5.000,0.423,2.114,0.077
129100,5.000,0.422,2.110,0.078
129300,5.000,0.424,2.122,0.078
129500,5.000,0.424,2.122,0.078
129700,5.000,0.422,2.110,0.078
129900,5.000,0.424,2.122,0.078
130100,5.000,0.422,2.110,0.078
130300,5.000,0.422,2.110,0.078
130500,5.000,0.423,2.118,0.078
130700,5.000,0.423,2.114,0.079
130900,5.000,0.423,2.114,0.079
131100,5.000,0.424,2.118,0.079
131300,5.000,0.423,2.118,0.079
131500,5.000,0.423,2.114,0.079
131700,5.000,0.423,2.114,0.079
131900,5.000,0.423,2.118,0.079
132100,5.000,0.423,2.114,0.079
132300,5.000,0.424,2.122,0.080
132500,5.000,0.422,2.106,0.080
132700,5.000,0.422,2.106,0.080
132900,5.000,0.425,2.125,0.080
133100,5.000,0.422,2.110,0.080
133300,5.000,0.422,2.110,0.080
133500,5.000,0.422,2.110,0.080
133700,5.000,0.423,2.114,0.080
133900,5.000,0.422,2.110,0.080
134100,5.000,0.422,2.110,0.081
134300,5.000,0.423,2.114,0.081
134500,5.000,0.421,2.106,0.081
134700,5.000,0.424,2.118,0.081
134900,5.000,0.424,2.118,0.081
135100,5.000,0.422,2.110,0.081
135300,5.000,0.424,2.118,0.081
135500,5.000,0.422,2.110,0.081
135700,5.000,0.423,2.114,0.082
135900,5.000,0.423,2.114,0.082
136100,5.000,0.422,2.110,0.082
136300,5.000,0.424,2.122,0.082
136500,5.000,0.424,2.122,0.082
136700,5.000,0.424,2.122,0.082
136900,5.000,0.423,2.114,0.082
137100,5.000,0.436,2.179,0.082
137300,5.000,0.436,2.179,0.083
137500,5.000,0.422,2.110,0.083
137700,5.000,0.425,2.125,0.083
137900,5.000,0.422,2.110,0.083
138100,5.000,0.422,2.110,0.083
138300,5.000,0.424,2.118,0.083
138500,5.000,0.422,2.110,0.083
138700,5.000,0.422,2.110,0.083
138900,5.000,0.423,2.114,0.084
139100,5.000,0.423,2.114,0.084
139300,5.000,0.422,2.110,0.084
139500,5.000,0.422,2.110,0.084
139700,5.000,0.422,2.110,0.084
139900,5.000,0.422,2.110,0.084
140100,5.000,0.447,2.232,0.084
140300,5.000,0.424,2.122,0.084
140500,5.000,0.424,2.122,0.084
140700,5.000,0.423,2.114,0.085
140900,5.000,0.425,2.122,0.085
141100,5.000,0.423,2.114,0.085
141300,5.000,0.423,2.114,0.085
141500,5.000,0.424,2.118,0.085
141700,5.000,0.423,2.110,0.085
141900,5.000,0.423,2.110,0.085
142100,5.000,0.426,2.129,0.085
142300,5.000,0.423,2.118,0.086
142500,5.000,0.423,2.114,0.086
142700,5.000,0.423,2.114,0.086
142900,5.000,0.423,2.114,0.086
143100,5.000,0.422,2.106,0.086
143300,5.000,0.424,2.118,0.086
143500,5.000,0.422,2.110,0.086
143700,5.000,0.422,2.110,0.086
143900,5.000,0.423,2.118,0.087
144100,5.000,0.422,2.110,0.087
144300,5.000,0.422,2.110,0.087
144500,5.000,0.423,2.114,0.087
144700,5.000,0.423,2.114,0.087
144900,5.000,0.423,2.114,0.087
145100,5.000,0.423,2.114,0.087
145300,5.000,0.423,2.114,0.087
145500,5.000,0.421,2.106,0.087
145700,5.000,0.424,2.118,0.088
145900,5.000,0.421,2.106,0.088
146100,5.000,0.421,2.106,0.088
146300,5.000,0.424,2.122,0.088
146500,5.000,0.422,2.110,0.088
146700,5.000,0.423,2.114,0.088
146900,5.000,0.423,2.114,0.088
147100,5.000,0.423,2.114,0.088
147300,5.000,0.423,2.114,0.089
147500,5.000,0.423,2.114,0.089
147700,5.000,0.423,2.118,0.089
147900,5.000,0.423,2.114,0.089
148100,5.000,0.424,2.118,0.089
148300,5.000,0.424,2.118,0.089
148500,5.000,0.423,2.114,0.089
148700,5.000,0.425,2.125,0.089
148900,5.000,0.422,2.110,0.090
149100,5.000,0.422,2.110,0.090
149300,5.000,0.424,2.122,0.090
149500,5.000,0.422,2.110,0.090
149700,5.000,0.423,2.114,0.090
149900,5.000,0.423,2.114,0.090
150100,5.000,0.423,2.114,0.090
150300,5.000,0.423,2.114,0.090
150500,5.000,0.423,2.114,0.091
150700,5.000,0.423,2.114,0.091
150900,5.000,0.421,2.106,0.091
151100,5.000,0.423,2.114,0.091
151300,5.000,0.421,2.106,0.091
151500,5.000,0.421,2.106,0.091
151700,5.000,0.423,2.114,0.091
151900,5.000,0.423,2.114,0.091
152100,5.000,0.423,2.114,0.091
152300,5.000,0.423,2.114,0.092
152500,5.000,0.422,2.110,0.092
152700,5.000,0.422,2.110,0.092
152900,5.000,0.422,2.110,0.092
153100,5.000,0.422,2.106,0.092
153300,5.000,0.421,2.106,0.092
153500,5.000,0.424,2.118,0.092
153700,5.000,0.422,2.106,0.092
153900,5.000,0.422,2.106,0.093
154100,5.000,0.424,2.122,0.093
154300,5.000,0.423,2.114,0.093
154500,5.000,0.423,2.114,0.093
154700,5.000,0.423,2.114,0.093
154900,5.000,0.423,2.114,0.093
155100,5.000,0.423,2.114,0.093
155300,5.000,0.423,2.114,0.093
155500,5.000,0.423,2.118,0.093
155700,5.000,0.423,2.114,0.094
155900,5.000,0.424,2.118,0.094
156100,5.000,0.424,2.118,0.094
156300,5.000,0.422,2.110,0.094
156500,5.000,0.424,2.122,0.094
156700,5.000,0.422,2.110,0.094
156900,5.000,0.424,2.122,0.094
157100,5.000,0.424,2.122,0.094
157300,5.000,0.422,2.110,0.095
157500,5.000,0.435,2.175,0.095
157700,5.000,0.423,2.118,0.095
157900,5.000,0.423,2.118,0.095
158100,5.000,0.422,2.110,0.095
158300,5.000,0.423,2.114,0.095
158500,5.000,0.423,2.114,0.095
158700,5.000,0.422,2.110,0.095
158900,5.000,0.424,2.118,0.096
159100,5.000,0.422,2.106,0.096
159300,5.000,0.422,2.106,0.096
159500,5.000,0.423,2.114,0.096
159700,5.000,0.422,2.106,0.096
159900,5.000,0.423,2.114,0.096
160100,5.000,0.423,2.114,0.096
160300,5.000,0.423,2.114,0.096
160500,5.000,0.423,2.114,0.097
160700,5.000,0.423,2.114,0.097
160900,5.000,0.422,2.106,0.097
161100,5.000,0.422,2.106,0.097
161300,5.000,0.424,2.118,0.097
161500,5.000,0.421,2.106,0.097
161700,5.000,0.421,2.106,0.097
161900,5.000,0.424,2.118,0.097
162100,5.000,0.424,2.118,0.097
162300,5.000,0.423,2.110,0.098
162500,5.000,0.423,2.110,0.098
162700,5.000,0.423,2.118,0.098
162900,5.000,0.423,2.110,0.098
163100,5.000,0.422,2.110,0.098
163300,5.000,0.421,2.106,0.098
163500,5.000,0.421,2.106,0.098
163700,5.000,0.424,2.118,0.098
163900,5.000,0.422,2.110,0.099
164100,5.000,0.424,2.118,0.099
164300,5.000,0.424,2.118,0.099
164500,5.000,0.421,2.106,0.099
164700,5.000,0.423,2.114,0.099
164900,5.000,0.423,2.114,0.099
165100,5.000,0.422,2.110,0.099
165300,5.000,0.422,2.110,0.099
165500,5.000,0.423,2.118,0.100
165700,5.000,0.423,2.118,0.100
165900,5.000,0.422,2.106,0.100
166100,5.000,0.424,2.118,0.100
166300,5.000,0.424,2.118,0.100
166500,5.000,0.422,2.106,0.100
166700,5.000,0.423,2.114,0.100
166900,5.000,0.424,2.122,0.100
167100,5.000,0.422,2.110,0.101
167300,5.000,0.422,2.110,0.101
167500,5.000,0.423,2.114,0.101
167700,5.000,0.423,2.114,0.101
167900,5.000,0.424,2.118,0.101
168100,5.000,0.424,2.118,0.101
168300,5.000,0.422,2.106,0.101
168500,5.000,0.424,2.118,0.101
168700,5.000,0.421,2.106,0.101
168900,5.000,0.421,2.106,0.102
169100,5.000,0.424,2.118,0.102
169300,5.000,0.422,2.106,0.102
169500,5.000,0.422,2.106,0.102
169700,5.000,0.423,2.114,0.102
169900,5.000,0.423,2.118,0.102
170100,5.000,0.422,2.110,0.102
170300,5.000,0.423,2.114,0.102
170500,5.000,0.423,2.114,0.103
170700,5.000,0.421,2.106,0.103
170900,5.000,0.424,2.118,0.103
171100,5.000,0.422,2.110,0.103
171300,5.000,0.422,2.110,0.103
171500,5.000,0.424,2.118,0.103
171700,5.000,0.424,2.118,0.103
171900,5.000,0.424,2.118,0.103
172100,5.000,0.424,2.118,0.104
172300,5.000,0.423,2.114,0.104
172500,5.000,0.423,2.118,0.104
172700,5.000,0.423,2.118,0.104
172900,5.000,0.423,2.114,0.104
173100,5.000,0.422,2.110,0.104
173300,5.000,0.424,2.122,0.104
173500,5.000,0.424,2.122,0.104
173700,5.000,0.422,2.110,0.104
173900,5.000,0.424,2.122,0.105
174100,5.000,0.422,2.110,0.105
174300,5.000,0.423,2.114,0.105
174500,5.000,0.423,2.114,0.105
174700,5.000,0.424,2.118,0.105
174900,5.000,0.423,2.114,0.105
175100,5.000,0.424,2.118,0.105
175300,5.000,0.424,2.118,0.105
175500,5.000,0.422,2.114,0.106
175700,5.000,0.425,2.125,0.106
175900,5.000,0.425,2.125,0.106
176100,5.000,0.423,2.114,0.106
176300,5.000,0.424,2.122,0.106
176500,5.000,0.422,2.110,0.106
176700,5.000,0.422,2.110,0.106
176900,5.000,0.425,2.125,0.106
177100,5.000,0.424,2.118,0.107
177300,5.000,0.423,2.110,0.107
177500,5.000,0.424,2.122,0.107
177700,5.000,0.424,2.122,0.107
177900,5.000,0.422,2.110,0.107
178100,5.000,0.425,2.125,0.107
178300,5.000,0.425,2.125,0.107
178500,5.000,0.422,2.110,0.107
178700,5.000,0.424,2.122,0.108
178900,5.000,0.422,2.110,0.108
179100,5.000,0.422,2.110,0.108
179300,5.000,0.423,2.114,0.108
179500,5.000,0.423,2.114,0.108
179700,5.000,0.424,2.118,0.108
179900,5.000,0.424,2.118,0.108
180100,5.000,0.423,2.118,0.108
180300,5.000,0.422,2.110,0.108
180500,5.000,0.422,2.110,0.109
180700,5.000,0.424,2.122,0.109
180900,5.000,0.422,2.110,0.109
181100,5.000,0.424,2.122,0.109
181300,5.000,0.422,2.110,0.109
181500,5.000,0.422,2.110,0.109
181700,5.000,0.424,2.118,0.109
181900,5.000,0.424,2.122,0.109
182100,5.000,0.423,2.114,0.110
182300,5.000,0.423,2.114,0.110
182500,5.000,0.423,2.118,0.110
182700,5.000,0.422,2.110,0.110
182900,5.000,0.424,2.122,0.110
183100,5.000,0.424,2.122,0.110
183300,5.000,0.422,2.110,0.110
183500,5.000,0.424,2.122,0.110
183700,5.000,0.424,2.122,0.111
183900,5.000,0.422,2.110,0.111
184100,5.000,0.423,2.118,0.111
184300,5.000,0.422,2.110,0.111
184500,5.000,0.423,2.114,0.111
184700,5.000,0.423,2.114,0.111
184900,5.000,0.423,2.114,0.111
185100,5.000,0.422,2.106,0.111
185300,5.000,0.424,2.122,0.112
185500,5.000,0.424,2.122,0.112
185700,5.000,0.422,2.110,0.112
185900,5.000,0.424,2.118,0.112
186100,5.000,0.421,2.106,0.112
186300,5.000,0.421,2.106,0.112
186500,5.000,0.423,2.114,0.112
186700,5.000,0.435,2.175,0.112
186900,5.000,0.435,2.175,0.112
187100,5.000,0.423,2.114,0.113
187300,5.000,0.423,2.114,0.113
187500,5.000,0.422,2.106,0.113
187700,5.000,0.422,2.106,0.113
187900,5.000,0.423,2.114,0.113
188100,5.000,0.422,2.110,0.113
188300,5.000,0.424,2.118,0.113
188500,5.000,0.422,2.110,0.113
188700,5.000,0.422,2.110,0.114
188900,5.000,0.424,2.118,0.114
189100,5.000,0.423,2.114,0.114
189300,5.000,0.423,2.114,0.114
189500,5.000,0.424,2.118,0.114
189700,5.000,0.424,2.118,0.114
189900,5.000,0.423,2.114,0.114
190100,5.000,0.423,2.114,0.114
190300,5.000,0.424,2.118,0.115
190500,5.000,0.423,2.110,0.115
190700,5.000,0.425,2.125,0.115
190900,5.000,0.425,2.125,0.115
191100,5.000,0.423,2.114,0.115
191300,5.000,0.424,2.118,0.115
191500,5.000,0.422,2.110,0.115
191700,5.000,0.426,2.129,0.115
191900,5.000,0.426,2.129,0.116
192100,5.000,0.423,2.114,0.116
192300,5.000,0.423,2.114,0.116
192500,5.000,0.423,2.114,0.116
192700,5.000,0.423,2.114,0.116
192900,5.000,0.421,2.106,0.116
193100,5.000,0.424,2.122,0.116
193300,5.000,0.424,2.122,0.116
193500,5.000,0.421,2.106,0.116
193700,5.000,0.424,2.118,0.117
193900,5.000,0.421,2.106,0.117
194100,5.000,0.421,2.106,0.117
194300,5.000,0.422,2.110,0.117
194500,5.000,0.423,2.114,0.117
194700,5.000,0.423,2.114,0.117
194900,5.000,0.423,2.114,0.117
195100,5.000,0.423,2.114,0.117
195300,5.000,0.421,2.106,0.118
195500,5.000,0.424,2.118,0.118
195700,5.000,0.424,2.118,0.118
195900,5.000,0.421,2.106,0.118
196100,5.000,0.424,2.118,0.118
196300,5.000,0.421,2.103,0.118
196500,5.000,0.421,2.103,0.118
196700,5.000,0.424,2.118,0.118
196900,5.000,0.422,2.110,0.119
197100,5.000,0.422,2.110,0.119
197300,5.000,0.422,2.110,0.119
197500,5.000,0.423,2.114,0.119
197700,5.000,0.421,2.106,0.119
197900,5.000,0.421,2.106,0.119
198100,5.000,0.423,2.118,0.119
198300,5.000,0.421,2.103,0.119
198500,5.000,0.448,2.236,0.120
198700,5.000,0.421,2.106,0.120
198900,5.000,0.421,2.106,0.120
199100,5.000,0.423,2.114,0.120
199300,5.000,0.422,2.110,0.120
199500,5.000,0.422,2.110,0.120
199700,5.000,0.422,2.110,0.120
199900,5.000,0.422,2.110,0.120
200100,5.000,0.422,2.106,0.120
200300,5.000,0.422,2.106,0.121
200500,5.000,0.424,2.118,0.121
200700,5.000,0.422,2.106,0.121
200900,5.000,0.423,2.118,0.121
201100,5.000,0.423,2.118,0.121
201300,5.000,0.422,2.110,0.121
201500,5.000,0.424,2.122,0.121
201700,5.000,0.423,2.114,0.121
201900,5.000,0.422,2.110,0.122
202100,5.000,0.422,2.110,0.122
202300,5.000,0.423,2.114,0.122
202500,5.000,0.422,2.110,0.122
202700,5.000,0.425,2.125,0.122
202900,5.000,0.425,2.125,0.122
203100,5.000,0.422,2.110,0.122
203300,5.000,0.423,2.118,0.122
203500,5.000,0.423,2.118,0.123
203700,5.000,0.422,2.110,0.123
203900,5.000,0.423,2.118,0.123
204100,5.000,0.423,2.114,0.123
204300,5.000,0.423,2.114,0.123
204500,5.000,0.423,2.114,0.123
204700,5.000,0.423,2.118,0.123
204900,5.000,0.422,2.106,0.123
205100,5.000,0.422,2.106,0.123
205300,5.000,0.424,2.122,0.124
205500,5.000,0.421,2.106,0.124
205700,5.000,0.423,2.114,0.124
205900,5.000,0.422,2.110,0.124
206100,5.000,0.422,2.110,0.124
206300,5.000,0.423,2.118,0.124
206500,5.000,0.424,2.122,0.124
206700,5.000,0.424,2.122,0.124
206900,5.000,0.422,2.110,0.125
207100,5.000,0.422,2.110,0.125
207300,5.000,0.422,2.110,0.125
207500,5.000,0.422,2.110,0.125
207700,5.000,0.423,2.118,0.125
207900,5.000,0.421,2.106,0.125
208100,5.000,0.424,2.118,0.125
208300,5.000,0.424,2.118,0.125
208500,5.000,0.421,2.106,0.126
208700,5.000,0.423,2.114,0.126
208900,5.000,0.422,2.106,0.126
209100,5.000,0.422,2.106,0.126
209300,5.000,0.422,2.110,0.126
209500,5.000,0.423,2.114,0.126
209700,5.000,0.421,2.106,0.126
209900,5.000,0.421,2.106,0.126
210100,5.000,0.423,2.114,0.127
210300,5.000,0.421,2.106,0.127
210500,5.000,0.424,2.118,0.127
210700,5.000,0.424,2.118,0.127
210900,5.000,0.422,2.106,0.127
211100,5.000,0.423,2.114,0.127
211300,5.000,0.423,2.114,0.127
211500,5.000,0.423,2.114,0.127
211700,5.000,0.424,2.118,0.127
211900,5.000,0.423,2.114,0.128
212100,5.000,0.423,2.114,0.128
212300,5.000,0.421,2.106,0.128
212500,5.000,0.423,2.118,0.128
212700,5.000,0.422,2.106,0.128
212900,5.000,0.424,2.122,0.128
213100,5.000,0.424,2.122,0.128
213300,5.000,0.422,2.110,0.128
213500,5.000,0.423,2.114,0.129
213700,5.000,0.423,2.114,0.129
213900,5.000,0.423,2.114,0.129
214100,5.000,0.422,2.114,0.129
214300,5.000,0.423,2.118,0.129
214500,5.000,0.423,2.118,0.129
214700,5.000,0.423,2.114,0.129
214900,5.000,0.423,2.118,0.129
215100,5.000,0.422,2.114,0.130
215300,5.000,0.422,2.114,0.130
215500,5.000,0.425,2.122,0.130
215700,5.000,0.422,2.110,0.130
215900,5.000,0.423,2.118,0.130
216100,5.000,0.422,2.110,0.130
216300,5.000,0.422,2.110,0.130
216500,5.000,0.426,2.133,0.130
216700,5.000,0.424,2.118,0.131
216900,5.000,0.423,2.114,0.131
217100,5.000,0.423,2.114,0.131
217300,5.000,0.424,2.118,0.131
217500,5.000,0.422,2.110,0.131
217700,5.000,0.422,2.110,0.131
217900,5.000,0.424,2.122,0.131
218100,5.000,0.423,2.114,0.131
218300,5.000,0.424,2.118,0.131
218500,5.000,0.424,2.118,0.132
218700,5.000,0.423,2.114,0.132
218900,5.000,0.424,2.118,0.132
219100,5.000,0.423,2.114,0.132
219300,5.000,0.422,2.110,0.132
219500,5.000,0.422,2.110,0.132
219700,5.000,0.423,2.118,0.132
219900,5.000,0.422,2.110,0.132
220100,5.000,0.422,2.125,0.133
220300,5.000,0.425,2.125,0.133
220500,5.000,0.423,2.114,0.133
220700,5.000,0.424,2.118,0.133
220900,5.000,0.424,2.118,0.133
221100,5.000,0.422,2.110,0.133
221300,5.000,0.423,2.118,0.133
221500,5.000,0.425,2.125,0.133
221700,5.000,0.425,2.125,0.134
221900,5.000,0.422,2.110,0.134
222100,5.000,0.423,2.118,0.134
222300,5.000,0.423,2.118,0.134
222500,5.000,0.423,2.114,0.134
222700,5.000,0.424,2.118,0.134
222900,5.000,0.422,2.110,0.134
223100,5.000,0.423,2.118,0.134
223300,5.000,0.423,2.118,0.135
223500,5.000,0.422,2.110,0.135
223700,5.000,0.424,2.118,0.135
223900,5.000,0.423,2.114,0.135
224100,5.000,0.423,2.114,0.135
224300,5.000,0.422,2.110,0.135
224500,5.000,0.423,2.114,0.135
224700,5.000,0.421,2.106,0.135
224900,5.000,0.421,2.106,0.135
225100,5.000,0.424,2.122,0.136
225300,5.000,0.422,2.110,0.136
225500,5.000,0.422,2.110,0.136
225700,5.000,0.424,2.118,0.136
225900,5.000,0.422,2.110,0.136
226100,5.000,0.422,2.110,0.136
226300,5.000,0.424,2.118,0.136
226500,5.000,0.424,2.118,0.136
226700,5.000,0.422,2.110,0.137
226900,5.000,0.422,2.110,0.137
227100,5.000,0.422,2.106,0.137
227300,5.000,0.422,2.106,0.137
227500,5.000,0.424,2.118,0.137
227700,5.000,0.421,2.106,0.137
227900,5.000,0.423,2.114,0.137
228100,5.000,0.423,2.114,0.137
228300,5.000,0.421,2.103,0.138
228500,5.000,0.423,2.114,0.138
228700,5.000,0.423,2.114,0.138
228900,5.000,0.423,2.114,0.138
229100,5.000,0.422,2.106,0.138
229300,5.000,0.422,2.110,0.138
229500,5.000,0.422,2.110,0.138
229700,5.000,0.431,2.156,0.138
229900,5.000,0.423,2.114,0.139
230100,5.000,0.421,2.106,0.139
230300,5.000,0.422,2.110,0.139
230500,5.000,0.422,2.110,0.139
230700,5.000,0.421,2.103,0.139
230900,5.000,0.422,2.106,0.139
231100,5.000,0.422,2.106,0.139
231300,5.000,0.422,2.106,0.139
231500,5.000,0.423,2.114,0.139
231700,5.000,0.422,2.110,0.140
231900,5.000,0.422,2.110,0.140
232100,5.000,0.421,2.103,0.140
232300,5.000,0.423,2.114,0.140
232500,5.000,0.421,2.103,0.140
232700,5.000,0.421,2.103,0.140
232900,5.000,0.423,2.118,0.140
233100,5.000,0.420,2.103,0.140
233300,5.000,0.422,2.110,0.141
233500,5.000,0.422,2.110,0.141
233700,5.000,0.422,2.110,0.141
233900,5.000,0.422,2.106,0.141
234100,5.000,0.422,2.110,0.141
234300,5.000,0.422,2.110,0.141
234500,5.000,0.422,2.110,0.141
234700,5.000,0.423,2.114,0.141
234900,5.000,0.421,2.106,0.141
235100,5.000,0.421,2.106,0.142
235300,5.000,0.423,2.114,0.142
235500,5.000,0.421,2.106,0.142
235700,5.000,0.423,2.114,0.142
235900,5.000,0.423,2.114,0.142
236100,5.000,0.422,2.110,0.142
236300,5.000,0.423,2.118,0.142
236500,5.000,0.423,2.118,0.142
236700,5.000,0.422,2.110,0.143
236900,5.000,0.421,2.103,0.143
237100,5.000,0.423,2.118,0.143
237300,5.000,0.421,2.106,0.143
237500,5.000,0.421,2.106,0.143
237700,5.000,0.423,2.114,0.143
237900,5.000,0.422,2.110,0.143
238100,5.000,0.423,2.114,0.143
238300,5.000,0.423,2.114,0.144
238500,5.000,0.423,2.114,0.144
238700,5.000,0.422,2.110,0.144
238900,5.000,0.423,2.114,0.144
239100,5.000,0.423,2.114,0.144
239300,5.000,0.422,2.110,0.144
239500,5.000,0.424,2.122,0.144
239700,5.000,0.424,2.122,0.144
239900,5.000,0.422,2.110,0.144
240100,5.000,0.423,2.118,0.145
240300,5.000,0.422,2.106,0.145
240500,5.000,0.423,2.118,0.145
240700,5.000,0.423,2.118,0.145
240900,5.000,0.423,2.114,0.145
241100,5.000,0.422,2.110,0.145
241300,5.000,0.424,2.122,0.145
241500,5.000,0.424,2.122,0.145
241700,5.000,0.422,2.110,0.146
241900,5.000,0.424,2.122,0.146
242100,5.000,0.422,2.110,0.146
242300,5.000,0.422,2.110,0.146
242500,5.000,0.423,2.118,0.146
242700,5.000,0.422,2.110,0.146
242900,5.000,0.422,2.110,0.146
243100,5.000,0.423,2.118,0.146
243300,5.000,0.423,2.118,0.147
243500,5.000,0.422,2.110,0.147
243700,5.000,0.422,2.110,0.147
243900,5.000,0.423,2.114,0.147
244100,5.000,0.422,2.110,0.147
244300,5.000,0.425,2.125,0.147
244500,5.000,0.422,2.110,0.147
244700,5.000,0.422,2.110,0.147
244900,5.000,0.423,2.118,0.148
245100,5.000,0.422,2.110,0.148
245300,5.000,0.422,2.110,0.148
245500,5.000,0.423,2.114,0.148
245700,5.000,0.424,2.118,0.148
245900,5.000,0.422,2.110,0.148
246100,5.000,0.422,2.110,0.148
246300,5.000,0.424,2.118,0.148
246500,5.000,0.425,2.125,0.148
246700,5.000,0.424,2.122,0.149
246900,5.000,0.424,2.122,0.149
247100,5.000,0.422,2.110,0.149
247300,5.000,0.423,2.118,0.149
247500,5.000,0.423,2.114,0.149
247700,5.000,0.423,2.118,0.149
247900,5.000,0.423,2.118,0.149
248100,5.000,0.423,2.118,0.149
248300,5.000,0.423,2.114,0.150
248500,5.000,0.423,2.114,0.150
248700,5.000,0.423,2.118,0.150
248900,5.000,0.422,2.106,0.150
249100,5.000,0.425,2.125,0.150
249300,5.000,0.425,2.125,0.150
249500,5.000,0.422,2.110,0.150
249700,5.000,0.424,2.118,0.150
249900,5.000,0.422,2.110,0.151
250100,5.000,0.422,2.110,0.151
250300,5.000,0.423,2.114,0.151
250500,5.000,0.423,2.114,0.151
250700,5.000,0.423,2.114,0.151
250900,5.000,0.423,2.114,0.151
251100,5.000,0.423,2.114,0.151
251300,5.000,0.424,2.118,0.151
251500,5.000,0.425,2.125,0.152
251700,5.000,0.425,2.125,0.152
251900,5.000,0.422,2.110,0.152
252100,5.000,0.424,2.118,0.152
252300,5.000,0.421,2.106,0.152
252500,5.000,0.421,2.106,0.152
252700,5.000,0.424,2.118,0.152
252900,5.000,0.423,2.114,0.152
253100,5.000,0.422,2.110,0.152
253300,5.000,0.422,2.110,0.153
253500,5.000,0.423,2.118,0.153
253700,5.000,0.422,2.110,0.153
253900,5.000,0.422,2.110,0.153
254100,5.000,0.424,2.122,0.153
254300,5.000,0.422,2.110,0.153
254500,5.000,0.423,2.114,0.153
254700,5.000,0.422,2.110,0.153
254900,5.000,0.422,2.110,0.154
255100,5.000,0.423,2.114,0.154
255300,5.000,0.423,2.118,0.154
255500,5.000,0.423,2.114,0.154
255700,5.000,0.423,2.114,0.154
255900,5.000,0.423,2.114,0.154
256100,5.000,0.423,2.118,0.154
256300,5.000,0.423,2.118,0.154
256500,5.000,0.424,2.122,0.155
256700,5.000,0.422,2.110,0.155
256900,5.000,0.451,2.251,0.155
257100,5.000,0.451,2.251,0.155
257300,5.000,0.423,2.114,0.155
257500,5.000,0.450,2.251,0.155
257700,5.000,0.423,2.118,0.155
257900,5.000,0.422,2.110,0.155
258100,5.000,0.422,2.110,0.156
258300,5.000,0.423,2.114,0.156
258500,5.000,0.421,2.106,0.156
258700,5.000,0.424,2.118,0.156
258900,5.000,0.424,2.118,0.156
259100,5.000,0.422,2.106,0.156
259300,5.000,0.423,2.118,0.156
259500,5.000,0.423,2.118,0.156
259700,5.000,0.421,2.103,0.156
259900,5.000,0.423,2.114,0.157
260100,5.000,0.422,2.110,0.157
260300,5.000,0.422,2.110,0.157
260500,5.000,0.422,2.110,0.157
260700,5.000,0.422,2.110,0.157
260900,5.000,0.421,2.103,0.157
261100,5.000,0.421,2.103,0.157
261300,5.000,0.428,2.137,0.157
261500,5.000,0.420,2.099,0.158
261700,5.000,0.423,2.114,0.158
261900,5.000,0.421,2.103,0.158
262100,5.000,0.421,2.103,0.158
262300,5.000,0.422,2.110,0.158
262500,5.000,0.422,2.110,0.158
262700,5.000,0.422,2.110,0.158
262900,5.000,0.422,2.110,0.158
263100,5.000,0.423,2.114,0.159
263300,5.000,0.422,2.110,0.159
263500,5.000,0.422,2.110,0.159
263700,5.000,0.424,2.118,0.159
263900,5.000,0.422,2.106,0.159
264100,5.000,0.424,2.122,0.159
264300,5.000,0.424,2.122,0.159
264500,5.000,0.421,2.103,0.159
264700,5.000,0.423,2.114,0.159
264900,5.000,0.423,2.110,0.160
265100,5.000,0.423,2.110,0.160
265300,5.000,0.423,2.114,0.160
265500,5.000,0.423,2.114,0.160
265700,5.000,0.422,2.106,0.160
265900,5.000,0.422,2.106,0.160
266100,5.000,0.425,2.125,0.160
266300,5.000,0.421,2.106,0.160
266500,5.000,0.424,2.118,0.161
266700,5.000,0.424,2.118,0.161
266900,5.000,0.422,2.110,0.161
267100,5.000,0.423,2.118,0.161
267300,5.000,0.423,2.118,0.161
267500,5.000,0.433,2.164,0.161
267700,5.000,0.424,2.118,0.161
267900,5.000,0.423,2.114,0.161
268100,5.000,0.423,2.114,0.162
268300,5.000,0.422,2.110,0.162
268500,5.000,0.424,2.122,0.162
268700,5.000,0.422,2.110,0.162
268900,5.000,0.425,2.125,0.162
269100,5.000,0.425,2.125,0.162
269300,5.000,0.423,2.118,0.162
269500,5.000,0.424,2.118,0.162
269700,5.000,0.423,2.114,0.163
269900,5.000,0.423,2.114,0.163
270100,5.000,0.423,2.114,0.163
270300,5.000,0.424,2.122,0.163
270500,5.000,0.424,2.122,0.163
270700,5.000,0.423,2.114,0.163
270900,5.000,0.424,2.122,0.163
271100,5.000,0.423,2.114,0.163
271300,5.000,0.423,2.114,0.163
271500,5.000,0.425,2.125,0.164
271700,5.000,0.423,2.110,0.164
271900,5.000,0.424,2.122,0.164
272100,5.000,0.422,2.110,0.164
272300,5.000,0.422,2.110,0.164
272500,5.000,0.424,2.122,0.164
272700,5.000,0.424,2.118,0.164
272900,5.000,0.423,2.114,0.164
273100,5.000,0.423,2.114,0.165
273300,5.000,0.424,2.118,0.165
273500,5.000,0.422,2.110,0.165
273700,5.000,0.422,2.110,0.165
273900,5.000,0.425,2.125,0.165
