300,5.000,0.652,3.255,0.000
500,5.000,0.610,3.045,0.000
700,5.000,0.610,3.045,0.000
900,5.000,0.677,3.381,0.000
1100,5.000,0.662,3.305,0.000
1300,5.000,0.660,3.297,0.001
1500,5.000,0.660,3.297,0.001
1700,5.000,0.668,3.335,0.001
1900,5.000,0.641,3.202,0.001
2100,5.000,0.655,3.271,0.001
2300,5.000,0.655,3.271,0.001
2500,5.000,0.659,3.290,0.002
2700,5.000,0.637,3.183,0.002
2900,5.000,0.637,3.183,0.002
3100,5.000,0.648,3.236,0.002
3300,5.000,0.653,3.259,0.002
3500,5.000,0.628,3.133,0.003
3700,5.000,0.628,3.133,0.003
3900,5.000,0.634,3.168,0.003
4100,5.000,0.637,3.179,0.003
4300,5.000,0.624,3.114,0.003
4500,5.000,0.637,3.179,0.004
4700,5.000,0.637,3.179,0.004
4900,5.000,0.623,3.114,0.004
5100,5.000,0.615,3.072,0.004
5300,5.000,0.615,3.072,0.004
5500,5.000,0.631,3.152,0.004
5700,5.000,0.612,3.053,0.005
5900,5.000,0.612,3.057,0.005
6100,5.000,0.612,3.057,0.005
6300,5.000,0.638,3.183,0.005
6500,5.000,0.615,3.068,0.005
6700,5.000,0.615,3.068,0.005
6900,5.000,0.615,3.068,0.006
7100,5.000,0.637,3.179,0.006
7300,5.000,0.612,3.057,0.006
7500,5.000,0.611,3.049,0.006
7700,5.000,0.632,3.152,0.006
7900,5.000,0.632,3.152,0.007
8100,5.000,0.612,3.057,0.007
8300,5.000,0.611,3.049,0.007
8500,5.000,0.611,3.049,0.007
8700,5.000,0.638,3.183,0.007
8900,5.000,0.611,3.053,0.007
9100,5.000,0.617,3.080,0.008
9300,5.000,0.617,3.080,0.008
9500,5.000,0.621,3.103,0.008
9700,5.000,0.617,3.080,0.008
9900,5.000,0.613,3.061,0.008
10100,5.000,0.613,3.061,0.008
10300,5.000,0.631,3.148,0.009
10500,5.000,0.614,3.064,0.009
10700,5.000,0.614,3.064,0.009
10900,5.000,0.615,3.072,0.009
11100,5.000,0.626,3.126,0.009
11300,5.000,0.610,3.042,0.010
11500,5.000,0.618,3.084,0.010
11700,5.000,0.618,3.084,0.010
11900,5.000,0.629,3.141,0.010
12100,5.000,0.615,3.072,0.010
12300,5.000,0.622,3.106,0.010
12500,5.000,0.622,3.106,0.011
12700,5.000,0.620,3.095,0.011
12900,5.000,0.612,3.057,0.011
13100,5.000,0.631,3.152,0.011
13300,5.000,0.631,3.152,0.011
13500,5.000,0.621,3.099,0.011
13700,5.000,0.616,3.076,0.012
13900,5.000,0.616,3.076,0.012
14100,5.000,0.622,3.106,0.012
14300,5.000,0.625,3.122,0.012
14500,5.000,0.610,3.045,0.012
14700,5.000,0.618,3.084,0.013
14900,5.000,0.618,3.084,0.013
15100,5.000,0.623,3.110,0.013
15300,5.000,0.614,3.064,0.013
15500,5.000,0.631,3.152,0.013
15700,5.000,0.631,3.152,0.013
15900,5.000,0.620,3.099,0.014
16100,5.000,0.612,3.057,0.014
16300,5.000,0.612,3.057,0.014
16500,5.000,0.627,3.133,0.014
16700,5.000,0.615,3.072,0.014
16900,5.000,0.612,3.057,0.014
17100,5.000,0.612,3.057,0.015
17300,5.000,0.622,3.106,0.015
17500,5.000,0.621,3.099,0.015
17700,5.000,0.611,3.049,0.015
17900,5.000,0.611,3.049,0.015
18100,5.000,0.629,3.141,0.016
18300,5.000,0.610,3.045,0.016
18500,5.000,0.611,3.053,0.016
18700,5.000,0.630,3.148,0.016
18900,5.000,0.630,3.148,0.016
19100,5.000,0.616,3.076,0.016
19300,5.000,0.612,3.057,0.017
19500,5.000,0.612,3.057,0.017
19700,5.000,0.630,3.145,0.017
19900,5.000,0.614,3.068,0.017
20100,5.000,0.616,3.076,0.017
20300,5.000,0.616,3.076,0.017
20500,5.000,0.636,3.171,0.018
20700,5.000,0.618,3.084,0.018
20900,5.000,0.612,3.057,0.018
21100,5.000,0.612,3.057,0.018
21300,5.000,0.631,3.148,0.018
21500,5.000,0.611,3.049,0.019
21700,5.000,0.614,3.068,0.019
21900,5.000,0.633,3.164,0.019
22100,5.000,0.633,3.164,0.019
22300,5.000,0.617,3.080,0.019
22500,5.000,0.614,3.064,0.019
22700,5.000,0.614,3.064,0.020
22900,5.000,0.632,3.156,0.020
23100,5.000,0.611,3.049,0.020
23300,5.000,0.617,3.080,0.020
23500,5.000,0.617,3.080,0.020
23700,5.000,0.631,3.148,0.020
23900,5.000,0.614,3.064,0.021
24100,5.000,0.610,3.045,0.021
24300,5.000,0.610,3.045,0.021
24500,5.000,0.633,3.160,0.021
24700,5.000,0.611,3.049,0.021
24900,5.000,0.611,3.049,0.021
25100,5.000,0.623,3.114,0.022
25300,5.000,0.623,3.114,0.022
25500,5.000,0.612,3.053,0.022
25700,5.000,0.617,3.080,0.022
25900,5.000,0.617,3.080,0.022
26100,5.000,0.627,3.129,0.023
26300,5.000,0.611,3.049,0.023
26500,5.000,0.621,3.103,0.023
26700,5.000,0.621,3.103,0.023
26900,5.000,0.620,3.091,0.023
27100,5.000,0.616,3.076,0.023
27300,5.000,0.616,3.076,0.024
27500,5.000,0.629,3.137,0.024
27700,5.000,0.622,3.106,0.024
27900,5.000,0.614,3.064,0.024
28100,5.000,0.614,3.064,0.024
28300,5.000,0.624,3.114,0.025
28500,5.000,0.619,3.087,0.025
28700,5.000,0.613,3.061,0.025
28900,5.000,0.627,3.133,0.025
29100,5.000,0.627,3.133,0.025
29300,5.000,0.623,3.106,0.025
29500,5.000,0.617,3.080,0.026
29700,5.000,0.626,3.126,0.026
29900,5.000,0.626,3.126,0.026
30100,5.000,0.614,3.064,0.026
30300,5.000,0.612,3.057,0.026
30500,5.000,0.612,3.057,0.026
30700,5.000,0.639,3.190,0.027
30900,5.000,0.612,3.057,0.027
31100,5.000,0.610,3.045,0.027
31300,5.000,0.610,3.045,0.027
31500,5.000,0.629,3.141,0.027
31700,5.000,0.615,3.072,0.028
31900,5.000,0.612,3.057,0.028
32100,5.000,0.625,3.118,0.028
32300,5.000,0.625,3.118,0.028
32500,5.000,0.615,3.072,0.028
32700,5.000,0.616,3.072,0.028
32900,5.000,0.642,3.206,0.029
33100,5.000,0.642,3.206,0.029
33300,5.000,0.616,3.076,0.029
33500,5.000,0.612,3.053,0.029
33700,5.000,0.612,3.053,0.029
33900,5.000,0.631,3.152,0.029
34100,5.000,0.607,3.030,0.030
34300,5.000,0.615,3.072,0.030
34500,5.000,0.615,3.072,0.030
34700,5.000,0.635,3.168,0.030
34900,5.000,0.640,3.194,0.030
35100,5.000,0.617,3.084,0.031
35300,5.000,0.629,3.141,0.031
35500,5.000,0.629,3.141,0.031
35700,5.000,0.612,3.057,0.031
35900,5.000,0.609,3.042,0.031
36100,5.000,0.609,3.164,0.031
36300,5.000,0.634,3.164,0.032
36500,5.000,0.616,3.076,0.032
36700,5.000,0.615,3.072,0.032
36900,5.000,0.615,3.072,0.032
37100,5.000,0.632,3.156,0.032
37300,5.000,0.609,3.042,0.033
37500,5.000,0.621,3.103,0.033
37700,5.000,0.621,3.103,0.033
37900,5.000,0.626,3.126,0.033
38100,5.000,0.607,3.030,0.033
38300,5.000,0.607,3.030,0.033
38500,5.000,0.615,3.072,0.034
38700,5.000,0.635,3.168,0.034
38900,5.000,0.612,3.053,0.034
39100,5.000,0.615,3.068,0.034
39300,5.000,0.615,3.068,0.034
39500,5.000,0.627,3.129,0.034
39700,5.000,0.613,3.061,0.035
39900,5.000,0.614,3.064,0.035
40100,5.000,0.614,3.064,0.035
40300,5.000,0.630,3.145,0.035
40500,5.000,0.611,3.053,0.035
40700,5.000,0.625,3.118,0.036
40900,5.000,0.625,3.118,0.036
41100,5.000,0.615,3.072,0.036
41300,5.000,0.614,3.064,0.036
41500,5.000,0.614,3.064,0.036
41700,5.000,0.621,3.099,0.036
41900,5.000,0.629,3.141,0.037
42100,5.000,0.617,3.080,0.037
42300,5.000,0.620,3.095,0.037
42500,5.000,0.620,3.095,0.037
42700,5.000,0.621,3.103,0.037
42900,5.000,0.611,3.049,0.037
43100,5.000,0.626,3.126,0.038
43300,5.000,0.626,3.126,0.038
43500,5.000,0.623,3.110,0.038
43700,5.000,0.615,3.068,0.038
43900,5.000,0.628,3.137,0.038
44100,5.000,0.628,3.137,0.039
44300,5.000,0.613,3.061,0.039
44500,5.000,0.614,3.068,0.039
44700,5.000,0.614,3.068,0.039
44900,5.000,0.627,3.133,0.039
45100,5.000,0.615,3.068,0.039
45300,5.000,0.612,3.057,0.040
45500,5.000,0.612,3.057,0.040
45700,5.000,0.631,3.148,0.040
45900,5.000,0.618,3.084,0.040
46100,5.000,0.614,3.064,0.040
46300,5.000,0.627,3.133,0.040
46500,5.000,0.627,3.133,0.041
46700,5.000,0.615,3.068,0.041
46900,5.000,0.607,3.030,0.041
47100,5.000,0.607,3.030,0.041
47300,5.000,0.635,3.171,0.041
47500,5.000,0.612,3.057,0.042
47700,5.000,0.611,3.053,0.042
47900,5.000,0.611,3.053,0.042
48100,5.000,0.627,3.129,0.042
48300,5.000,0.613,3.064,0.042
48500,5.000,0.614,3.064,0.042
48700,5.000,0.614,3.064,0.043
48900,5.000,0.639,3.187,0.043
49100,5.000,0.615,3.068,0.043
49300,5.000,0.609,3.042,0.043
49500,5.000,0.630,3.145,0.043
49700,5.000,0.630,3.145,0.044
49900,5.000,0.610,3.045,0.044
50100,5.000,0.613,3.061,0.044
50300,5.000,0.613,3.061,0.044
50500,5.000,0.637,3.175,0.044
50700,5.000,0.614,3.068,0.044
50900,5.000,0.616,3.072,0.045
51100,5.000,0.616,3.072,0.045
51300,5.000,0.626,3.129,0.045
51500,5.000,0.614,3.064,0.045
51700,5.000,0.616,3.076,0.045
51900,5.000,0.616,3.076,0.045
52100,5.000,0.634,3.168,0.046
52300,5.000,0.614,3.064,0.046
52500,5.000,0.614,3.064,0.046
52700,5.000,0.616,3.076,0.046
52900,5.000,0.630,3.141,0.046
53100,5.000,0.611,3.049,0.047
53300,5.000,0.615,3.068,0.047
53500,5.000,0.615,3.068,0.047
53700,5.000,0.628,3.133,0.047
53900,5.000,0.609,3.038,0.047
54100,5.000,0.622,3.106,0.047
54300,5.000,0.622,3.106,0.048
54500,5.000,0.624,3.114,0.048
54700,5.000,0.611,3.049,0.048
54900,5.000,0.621,3.103,0.048
55100,5.000,0.621,3.103,0.048
55300,5.000,0.621,3.103,0.048
55500,5.000,0.614,3.064,0.049
55700,5.000,0.614,3.064,0.049
55900,5.000,0.621,3.103,0.049
56100,5.000,0.630,3.148,0.049
56300,5.000,0.608,3.038,0.049
56500,5.000,0.622,3.103,0.050
56700,5.000,0.622,3.103,0.050
56900,5.000,0.619,3.091,0.050
57100,5.000,0.613,3.061,0.050
57300,5.000,0.631,3.152,0.050
57500,5.000,0.631,3.152,0.050
57700,5.000,0.622,3.103,0.051
57900,5.000,0.611,3.049,0.051
58100,5.000,0.611,3.049,0.051
58300,5.000,0.631,3.152,0.051
58500,5.000,0.615,3.068,0.051
58700,5.000,0.617,3.080,0.051
58900,5.000,0.617,3.080,0.052
59100,5.000,0.627,3.133,0.052
59300,5.000,0.623,3.110,0.052
59500,5.000,0.614,3.064,0.052
59700,5.000,0.614,3.064,0.052
59900,5.000,0.627,3.129,0.053
60100,5.000,0.613,3.061,0.053
60300,5.000,0.610,3.045,0.053
60500,5.000,0.644,3.213,0.053
60700,5.000,0.644,3.213,0.053
60900,5.000,0.606,3.026,0.053
61100,5.000,0.615,3.068,0.054
61300,5.000,0.615,3.068,0.054
61500,5.000,0.629,3.141,0.054
61700,5.000,0.612,3.057,0.054
61900,5.000,0.615,3.068,0.054
62100,5.000,0.615,3.068,0.054
62300,5.000,0.627,3.133,0.055
62500,5.000,0.615,3.068,0.055
62700,5.000,0.606,3.026,0.055
62900,5.000,0.606,3.026,0.055
63100,5.000,0.635,3.171,0.055
63300,5.000,0.609,3.042,0.056
63500,5.000,0.611,3.053,0.056
63700,5.000,0.631,3.148,0.056
63900,5.000,0.631,3.148,0.056
64100,5.000,0.614,3.064,0.056
64300,5.000,0.615,3.072,0.056
64500,5.000,0.615,3.072,0.057
64700,5.000,0.635,3.171,0.057
64900,5.000,0.611,3.049,0.057
65100,5.000,0.617,3.084,0.057
65300,5.000,0.617,3.084,0.057
65500,5.000,0.630,3.145,0.057
65700,5.000,0.614,3.064,0.058
65900,5.000,0.614,3.068,0.058
66100,5.000,0.614,3.068,0.058
66300,5.000,0.637,3.183,0.058
66500,5.000,0.612,3.053,0.058
66700,5.000,0.612,3.053,0.058
66900,5.000,0.626,3.122,0.059
67100,5.000,0.626,3.122,0.059
67300,5.000,0.606,3.022,0.059
67500,5.000,0.622,3.103,0.059
67700,5.000,0.622,3.103,0.059
67900,5.000,0.624,3.118,0.060
68100,5.000,0.612,3.057,0.060
68300,5.000,0.618,3.087,0.060
68500,5.000,0.618,3.087,0.060
68700,5.000,0.624,3.118,0.060
68900,5.000,0.615,3.072,0.060
69100,5.000,0.615,3.072,0.061
69300,5.000,0.622,3.106,0.061
69500,5.000,0.619,3.091,0.061
69700,5.000,0.610,3.042,0.061
69900,5.000,0.610,3.042,0.061
70100,5.000,0.621,3.099,0.061
70300,5.000,0.621,3.103,0.062
70500,5.000,0.611,3.049,0.062
70700,5.000,0.626,3.122,0.062
70900,5.000,0.626,3.122,0.062
71100,5.000,0.622,3.103,0.062
71300,5.000,0.614,3.064,0.063
71500,5.000,0.628,3.137,0.063
71700,5.000,0.628,3.137,0.063
71900,5.000,0.615,3.068,0.063
72100,5.000,0.610,3.045,0.063
72300,5.000,0.610,3.045,0.063
72500,5.000,0.638,3.187,0.064
72700,5.000,0.615,3.072,0.064
72900,5.000,0.612,3.057,0.064
73100,5.000,0.612,3.057,0.064
73300,5.000,0.622,3.106,0.064
73500,5.000,0.620,3.095,0.064
73700,5.000,0.610,3.042,0.065
73900,5.000,0.628,3.137,0.065
74100,5.000,0.628,3.137,0.065
74300,5.000,0.612,3.057,0.065
74500,5.000,0.615,3.068,0.065
74700,5.000,0.635,3.168,0.066
74900,5.000,0.635,3.168,0.066
75100,5.000,0.612,3.057,0.066
75300,5.000,0.611,3.049,0.066
75500,5.000,0.611,3.049,0.066
75700,5.000,0.631,3.148,0.066
75900,5.000,0.615,3.072,0.067
76100,5.000,0.608,3.034,0.067
76300,5.000,0.608,3.034,0.067
76500,5.000,0.636,3.175,0.067
76700,5.000,0.608,3.038,0.067
76900,5.000,0.614,3.064,0.067
77100,5.000,0.614,3.064,0.068
77300,5.000,0.626,3.126,0.068
77500,5.000,0.614,3.064,0.068
77700,5.000,0.610,3.045,0.068
77900,5.000,0.630,3.148,0.068
78100,5.000,0.630,3.148,0.069
78300,5.000,0.614,3.064,0.069
78500,5.000,0.616,3.076,0.069
78700,5.000,0.616,3.076,0.069
78900,5.000,0.629,3.137,0.069
79100,5.000,0.611,3.053,0.069
79300,5.000,0.621,3.099,0.070
79500,5.000,0.621,3.099,0.070
79700,5.000,0.631,3.148,0.070
79900,5.000,0.614,3.064,0.070
80100,5.000,0.614,3.064,0.070
80300,5.000,0.614,3.064,0.070
80500,5.000,0.634,3.164,0.071
80700,5.000,0.609,3.042,0.071
80900,5.000,0.616,3.076,0.071
81100,5.000,0.616,3.076,0.071
81300,5.000,0.624,3.118,0.071
81500,5.000,0.615,3.068,0.072
81700,5.000,0.621,3.103,0.072
81900,5.000,0.621,3.103,0.072
82100,5.000,0.627,3.133,0.072
82300,5.000,0.609,3.038,0.072
82500,5.000,0.628,3.137,0.072
82700,5.000,0.628,3.137,0.073
82900,5.000,0.622,3.106,0.073
83100,5.000,0.611,3.049,0.073
83300,5.000,0.611,3.049,0.073
83500,5.000,0.618,3.087,0.073
83700,5.000,0.625,3.122,0.073
83900,5.000,0.614,3.064,0.074
84100,5.000,0.614,3.064,0.074
84300,5.000,0.616,3.076,0.074
84500,5.000,0.624,3.114,0.074
84700,5.000,0.612,3.057,0.074
84900,5.000,0.622,3.106,0.075
85100,5.000,0.622,3.106,0.075
85300,5.000,0.622,3.106,0.075
85500,5.000,0.611,3.049,0.075
85700,5.000,0.628,3.137,0.075
85900,5.000,0.628,3.137,0.075
86100,5.000,0.613,3.064,0.076
86300,5.000,0.615,3.072,0.076
86500,5.000,0.615,3.072,0.076
86700,5.000,0.636,3.175,0.076
86900,5.000,0.615,3.072,0.076
87100,5.000,0.615,3.072,0.076
87300,5.000,0.615,3.072,0.077
87500,5.000,0.627,3.129,0.077
87700,5.000,0.613,3.061,0.077
87900,5.000,0.614,3.064,0.077
88100,5.000,0.632,3.156,0.077
88300,5.000,0.632,3.156,0.078
88500,5.000,0.615,3.072,0.078
88700,5.000,0.615,3.072,0.078
88900,5.000,0.633,3.160,0.078
89100,5.000,0.633,3.160,0.078
89300,5.000,0.610,3.045,0.078
89500,5.000,0.612,3.053,0.079
89700,5.000,0.612,3.053,0.079
89900,5.000,0.647,3.229,0.079
90100,5.000,0.615,3.068,0.079
90300,5.000,0.611,3.053,0.079
90500,5.000,0.611,3.053,0.079
90700,5.000,0.632,3.160,0.080
90900,5.000,0.611,3.053,0.080
91100,5.000,0.611,3.053,0.080
91300,5.000,0.631,3.152,0.080
91500,5.000,0.631,3.152,0.080
91700,5.000,0.611,3.053,0.081
91900,5.000,0.607,3.030,0.081
92100,5.000,0.607,3.030,0.081
92300,5.000,0.638,3.183,0.081
92500,5.000,0.612,3.053,0.081
92700,5.000,0.617,3.080,0.081
92900,5.000,0.617,3.080,0.082
93100,5.000,0.622,3.103,0.082
93300,5.000,0.616,3.076,0.082
93500,5.000,0.623,3.110,0.082
93700,5.000,0.623,3.110,0.082
93900,5.000,0.628,3.133,0.082
94100,5.000,0.616,3.076,0.083
94300,5.000,0.616,3.076,0.083
94500,5.000,0.615,3.068,0.083
94700,5.000,0.627,3.129,0.083
94900,5.000,0.613,3.064,0.083
95100,5.000,0.617,3.080,0.084
95300,5.000,0.617,3.080,0.084
95500,5.000,0.630,3.141,0.084
95700,5.000,0.615,3.068,0.084
95900,5.000,0.623,3.110,0.084
96100,5.000,0.623,3.110,0.084
96300,5.000,0.620,3.095,0.085
96500,5.000,0.612,3.057,0.085
96700,5.000,0.630,3.148,0.085
96900,5.000,0.630,3.148,0.085
97100,5.000,0.621,3.103,0.085
97300,5.000,0.612,3.053,0.086
97500,5.000,0.612,3.053,0.086
97700,5.000,0.618,3.087,0.086
97900,5.000,0.629,3.141,0.086
98100,5.000,0.608,3.038,0.086
98300,5.000,0.622,3.103,0.086
98500,5.000,0.622,3.103,0.087
98700,5.000,0.619,3.087,0.087
98900,5.000,0.608,3.034,0.087
99100,5.000,0.629,3.141,0.087
99300,5.000,0.629,3.141,0.087
99500,5.000,0.620,3.095,0.087
99700,5.000,0.609,3.042,0.088
99900,5.000,0.626,3.129,0.088
100100,5.000,0.626,3.129,0.088
100300,5.000,0.615,3.068,0.088
100500,5.000,0.614,3.064,0.088
100700,5.000,0.614,3.064,0.089
100900,5.000,0.627,3.129,0.089
101100,5.000,0.622,3.106,0.089
101300,5.000,0.611,3.049,0.089
101500,5.000,0.611,3.049,0.089
101700,5.000,0.627,3.133,0.089
101900,5.000,0.614,3.068,0.090
102100,5.000,0.613,3.064,0.090
102300,5.000,0.638,3.183,0.090
102500,5.000,0.638,3.183,0.090
102700,5.000,0.614,3.064,0.090
102900,5.000,0.613,3.061,0.090
103100,5.000,0.613,3.061,0.091
103300,5.000,0.628,3.133,0.091
103500,5.000,0.614,3.068,0.091
103700,5.000,0.615,3.068,0.091
103900,5.000,0.615,3.068,0.091
104100,5.000,0.637,3.183,0.092
104300,5.000,0.610,3.045,0.092
104500,5.000,0.615,3.072,0.092
104700,5.000,0.615,3.072,0.092
104900,5.000,0.630,3.145,0.092
105100,5.000,0.609,3.042,0.092
105300,5.000,0.608,3.038,0.093
105500,5.000,0.635,3.171,0.093
105700,5.000,0.635,3.171,0.093
105900,5.000,0.608,3.038,0.093
106100,5.000,0.614,3.068,0.093
106300,5.000,0.614,3.068,0.093
106500,5.000,0.632,3.156,0.094
106700,5.000,0.612,3.053,0.094
106900,5.000,0.616,3.076,0.094
107100,5.000,0.616,3.076,0.094
107300,5.000,0.627,3.129,0.094
107500,5.000,0.616,3.072,0.095
107700,5.000,0.611,3.049,0.095
107900,5.000,0.611,3.049,0.095
108100,5.000,0.636,3.175,0.095
108300,5.000,0.612,3.057,0.095
108500,5.000,0.612,3.057,0.095
108700,5.000,0.615,3.072,0.096
108900,5.000,0.629,3.137,0.096
109100,5.000,0.612,3.057,0.096
109300,5.000,0.624,3.114,0.096
109500,5.000,0.624,3.114,0.096
109700,5.000,0.628,3.137,0.097
109900,5.000,0.612,3.057,0.097
110100,5.000,0.622,3.106,0.097
110300,5.000,0.622,3.106,0.097
110500,5.000,0.620,3.099,0.097
110700,5.000,0.614,3.068,0.097
110900,5.000,0.614,3.126,0.098
111100,5.000,0.626,3.126,0.098
111300,5.000,0.618,3.084,0.098
111500,5.000,0.614,3.064,0.098
111700,5.000,0.614,3.064,0.098
111900,5.000,0.622,3.110,0.098
112100,5.000,0.619,3.091,0.099
112300,5.000,0.609,3.038,0.099
112500,5.000,0.628,3.133,0.099
112700,5.000,0.628,3.133,0.099
112900,5.000,0.616,3.076,0.099
113100,5.000,0.611,3.049,0.100
113300,5.000,0.629,3.137,0.100
113500,5.000,0.629,3.137,0.100
113700,5.000,0.618,3.087,0.100
113900,5.000,0.613,3.061,0.100
114100,5.000,0.613,3.061,0.100
114300,5.000,0.632,3.156,0.101
114500,5.000,0.614,3.064,0.101
114700,5.000,0.612,3.053,0.101
114900,5.000,0.612,3.053,0.101
115100,5.000,0.630,3.145,0.101
115300,5.000,0.617,3.084,0.101
115500,5.000,0.610,3.045,0.102
115700,5.000,0.610,3.045,0.102
115900,5.000,0.636,3.171,0.102
116100,5.000,0.613,3.061,0.102
116300,5.000,0.616,3.076,0.102
116500,5.000,0.635,3.171,0.103
116700,5.000,0.635,3.171,0.103
116900,5.000,0.613,3.061,0.103
117100,5.000,0.610,3.049,0.103
117300,5.000,0.610,3.049,0.103
117500,5.000,0.634,3.164,0.103
117700,5.000,0.615,3.072,0.104
117900,5.000,0.615,3.072,0.104
118100,5.000,0.615,3.072,0.104
118300,5.000,0.630,3.145,0.104
118500,5.000,0.615,3.068,0.104
118700,5.000,0.611,3.049,0.104
118900,5.000,0.611,3.049,0.105
119100,5.000,0.631,3.148,0.105
119300,5.000,0.608,3.038,0.105
119500,5.000,0.616,3.076,0.105
119700,5.000,0.631,3.152,0.105
119900,5.000,0.631,3.152,0.106
120100,5.000,0.612,3.057,0.106
120300,5.000,0.615,3.068,0.106
120500,5.000,0.615,3.068,0.106
120700,5.000,0.626,3.126,0.106
120900,5.000,0.614,3.064,0.106
121100,5.000,0.615,3.068,0.107
121300,5.000,0.615,3.068,0.107
121500,5.000,0.630,3.145,0.107
121700,5.000,0.608,3.038,0.107
121900,5.000,0.608,3.038,0.107
122100,5.000,0.616,3.076,0.107
122300,5.000,0.630,3.145,0.108
122500,5.000,0.611,3.053,0.108
122700,5.000,0.611,3.053,0.108
122900,5.000,0.620,3.095,0.108
123100,5.000,0.629,3.145,0.108
123300,5.000,0.617,3.084,0.109
123500,5.000,0.621,3.103,0.109
123700,5.000,0.621,3.103,0.109
123900,5.000,0.625,3.122,0.109
124100,5.000,0.609,3.042,0.109
124300,5.000,0.631,3.148,0.109
124500,5.000,0.631,3.148,0.110
124700,5.000,0.623,3.106,0.110
124900,5.000,0.614,3.064,0.110
125100,5.000,0.614,3.064,0.110
125300,5.000,0.628,3.133,0.110
125500,5.000,0.616,3.076,0.110
125700,5.000,0.611,3.049,0.111
125900,5.000,0.611,3.049,0.111
126100,5.000,0.623,3.110,0.111
126300,5.000,0.621,3.099,0.111
126500,5.000,0.613,3.061,0.111
126700,5.000,0.625,3.122,0.112
126900,5.000,0.625,3.122,0.112
127100,5.000,0.620,3.095,0.112
127300,5.000,0.613,3.061,0.112
127500,5.000,0.629,3.141,0.112
127700,5.000,0.629,3.141,0.112
127900,5.000,0.615,3.072,0.113
128100,5.000,0.611,3.053,0.113
128300,5.000,0.611,3.053,0.113
128500,5.000,0.634,3.168,0.113
128700,5.000,0.611,3.053,0.113
128900,5.000,0.612,3.053,0.113
129100,5.000,0.612,3.053,0.114
129300,5.000,0.627,3.133,0.114
129500,5.000,0.615,3.072,0.114
129700,5.000,0.613,3.061,0.114
129900,5.000,0.637,3.179,0.114
130100,5.000,0.637,3.179,0.115
130300,5.000,0.617,3.080,0.115
130500,5.000,0.614,3.068,0.115
130700,5.000,0.631,3.152,0.115
130900,5.000,0.631,3.152,0.115
131100,5.000,0.611,3.049,0.115
131300,5.000,0.614,3.064,0.116
131500,5.000,0.614,3.064,0.116
131700,5.000,0.637,3.179,0.116
131900,5.000,0.615,3.072,0.116
132100,5.000,0.612,3.057,0.116
132300,5.000,0.612,3.057,0.116
132500,5.000,0.636,3.175,0.117
132700,5.000,0.611,3.053,0.117
132900,5.000,0.611,3.053,0.117
133100,5.000,0.609,3.042,0.117
133300,5.000,0.634,3.164,0.117
133500,5.000,0.613,3.061,0.118
133700,5.000,0.616,3.072,0.118
133900,5.000,0.616,3.072,0.118
134100,5.000,0.628,3.137,0.118
134300,5.000,0.613,3.061,0.118
134500,5.000,0.614,3.064,0.118
134700,5.000,0.614,3.064,0.119
134900,5.000,0.629,3.141,0.119
135100,5.000,0.608,3.034,0.119
135300,5.000,0.622,3.103,0.119
135500,5.000,0.622,3.103,0.119
135700,5.000,0.621,3.103,0.119
135900,5.000,0.614,3.068,0.120
136100,5.000,0.614,3.068,0.120
136300,5.000,0.614,3.064,0.120
136500,5.000,0.626,3.126,0.120
136700,5.000,0.613,3.061,0.120
136900,5.000,0.623,3.106,0.121
137100,5.000,0.623,3.106,0.121
137300,5.000,0.631,3.148,0.121
137500,5.000,0.614,3.068,0.121
137700,5.000,0.621,3.099,0.121
137900,5.000,0.621,3.099,0.121
138100,5.000,0.619,3.087,0.122
138300,5.000,0.612,3.057,0.122
138500,5.000,0.631,3.152,0.122
138700,5.000,0.631,3.152,0.122
138900,5.000,0.622,3.106,0.122
139100,5.000,0.610,3.045,0.122
139300,5.000,0.610,3.045,0.123
139500,5.000,0.620,3.095,0.123
139700,5.000,0.623,3.110,0.123
139900,5.000,0.610,3.045,0.123
140100,5.000,0.610,3.045,0.123
140300,5.000,0.629,3.141,0.124
140500,5.000,0.620,3.091,0.124
140700,5.000,0.616,3.076,0.124
140900,5.000,0.622,3.106,0.124
141100,5.000,0.622,3.106,0.124
141300,5.000,0.618,3.084,0.124
141500,5.000,0.610,3.045,0.125
141700,5.000,0.637,3.183,0.125
141900,5.000,0.637,3.183,0.125
142100,5.000,0.611,3.049,0.125
142300,5.000,0.614,3.068,0.125
142500,5.000,0.614,3.068,0.125
142700,5.000,0.627,3.129,0.126
142900,5.000,0.612,3.057,0.126
143100,5.000,0.609,3.042,0.126
143300,5.000,0.609,3.042,0.126
143500,5.000,0.630,3.145,0.126
143700,5.000,0.615,3.072,0.127
143900,5.000,0.608,3.034,0.127
144100,5.000,0.638,3.183,0.127
144300,5.000,0.638,3.183,0.127
144500,5.000,0.612,3.057,0.127
144700,5.000,0.611,3.053,0.127
144900,5.000,0.611,3.053,0.128
145100,5.000,0.630,3.145,0.128
145300,5.000,0.615,3.072,0.128
145500,5.000,0.615,3.068,0.128
145700,5.000,0.615,3.068,0.128
145900,5.000,0.632,3.156,0.128
146100,5.000,0.611,3.049,0.129
146300,5.000,0.614,3.064,0.129
146500,5.000,0.614,3.064,0.129
146700,5.000,0.630,3.145,0.129
146900,5.000,0.612,3.057,0.129
147100,5.000,0.612,3.057,0.129
147300,5.000,0.637,3.183,0.130
147500,5.000,0.637,3.183,0.130
147700,5.000,0.615,3.072,0.130
147900,5.000,0.614,3.064,0.130
148100,5.000,0.614,3.064,0.130
148300,5.000,0.630,3.145,0.131
148500,5.000,0.613,3.061,0.131
148700,5.000,0.623,3.110,0.131
148900,5.000,0.623,3.110,0.131
149100,5.000,0.625,3.118,0.131
149300,5.000,0.614,3.068,0.131
149500,5.000,0.630,3.148,0.132
149700,5.000,0.630,3.148,0.132
149900,5.000,0.619,3.091,0.132
150100,5.000,0.611,3.049,0.132
150300,5.000,0.611,3.049,0.132
150500,5.000,0.614,3.064,0.133
150700,5.000,0.629,3.141,0.133
150900,5.000,0.611,3.049,0.133
151100,5.000,0.623,3.110,0.133
151300,5.000,0.623,3.110,0.133
151500,5.000,0.627,3.129,0.133
151700,5.000,0.615,3.068,0.134
151900,5.000,0.620,3.095,0.134
152100,5.000,0.620,3.095,0.134
152300,5.000,0.620,3.095,0.134
152500,5.000,0.615,3.072,0.134
152700,5.000,0.615,3.145,0.134
152900,5.000,0.630,3.145,0.135
153100,5.000,0.616,3.076,0.135
153300,5.000,0.614,3.068,0.135
153500,5.000,0.614,3.068,0.135
153700,5.000,0.621,3.103,0.135
153900,5.000,0.620,3.095,0.136
154100,5.000,0.612,3.057,0.136
154300,5.000,0.630,3.145,0.136
154500,5.000,0.630,3.145,0.136
154700,5.000,0.623,3.110,0.136
154900,5.000,0.614,3.068,0.136
155100,5.000,0.628,3.137,0.137
155300,5.000,0.628,3.137,0.137
155500,5.000,0.612,3.057,0.137
155700,5.000,0.614,3.064,0.137
155900,5.000,0.614,3.064,0.137
156100,5.000,0.633,3.160,0.137
156300,5.000,0.614,3.064,0.138
156500,5.000,0.611,3.049,0.138
156700,5.000,0.611,3.049,0.138
156900,5.000,0.626,3.122,0.138
157100,5.000,0.615,3.072,0.138
157300,5.000,0.608,3.034,0.139
157500,5.000,0.608,3.034,0.139
157700,5.000,0.634,3.168,0.139
157900,5.000,0.604,3.019,0.139
158100,5.000,0.616,3.076,0.139
158300,5.000,0.635,3.168,0.139
158500,5.000,0.635,3.168,0.140
158700,5.000,0.611,3.053,0.140
158900,5.000,0.609,3.042,0.140
159100,5.000,0.609,3.042,0.140
159300,5.000,0.634,3.164,0.140
159500,5.000,0.614,3.064,0.140
159700,5.000,0.615,3.072,0.141
159900,5.000,0.615,3.072,0.141
160100,5.000,0.628,3.137,0.141
160300,5.000,0.615,3.072,0.141
160500,5.000,0.610,3.045,0.141
160700,5.000,0.610,3.045,0.142
160900,5.000,0.630,3.145,0.142
161100,5.000,0.614,3.064,0.142
161300,5.000,0.615,3.072,0.142
161500,5.000,0.636,3.175,0.142
161700,5.000,0.636,3.175,0.142
161900,5.000,0.614,3.064,0.143
162100,5.000,0.615,3.072,0.143
162300,5.000,0.615,3.072,0.143
162500,5.000,0.627,3.133,0.143
162700,5.000,0.613,3.061,0.143
162900,5.000,0.621,3.103,0.143
163100,5.000,0.621,3.103,0.144
163300,5.000,0.631,3.152,0.144
163500,5.000,0.607,3.034,0.144
163700,5.000,0.607,3.034,0.144
163900,5.000,0.612,3.053,0.144
164100,5.000,0.629,3.137,0.145
164300,5.000,0.608,3.034,0.145
164500,5.000,0.608,3.034,0.145
164700,5.000,0.618,3.087,0.145
164900,5.000,0.619,3.091,0.145
165100,5.000,0.616,3.072,0.145
165300,5.000,0.620,3.095,0.146
165500,5.000,0.620,3.095,0.146
165700,5.000,0.628,3.137,0.146
165900,5.000,0.610,3.049,0.146
166100,5.000,0.622,3.106,0.146
166300,5.000,0.622,3.106,0.147
166500,5.000,0.622,3.106,0.147
166700,5.000,0.611,3.049,0.147
166900,5.000,0.611,3.049,0.147
167100,5.000,0.627,3.133,0.147
167300,5.000,0.616,3.076,0.147
167500,5.000,0.612,3.053,0.148
167700,5.000,0.612,3.053,0.148
167900,5.000,0.621,3.103,0.148
168100,5.000,0.620,3.095,0.148
168300,5.000,0.616,3.076,0.148
168500,5.000,0.630,3.145,0.148
168700,5.000,0.630,3.145,0.149
168900,5.000,0.621,3.103,0.149
169100,5.000,0.611,3.053,0.149
169300,5.000,0.628,3.137,0.149
169500,5.000,0.628,3.137,0.149
169700,5.000,0.615,3.072,0.150
169900,5.000,0.615,3.068,0.150
170100,5.000,0.615,3.068,0.150
170300,5.000,0.634,3.164,0.150
170500,5.000,0.609,3.042,0.150
170700,5.000,0.615,3.072,0.150
170900,5.000,0.615,3.072,0.151
171100,5.000,0.625,3.118,0.151
171300,5.000,0.610,3.045,0.151
171500,5.000,0.612,3.057,0.151
171700,5.000,0.629,3.141,0.151
171900,5.000,0.629,3.141,0.151
172100,5.000,0.615,3.072,0.152
172300,5.000,0.614,3.064,0.152
172500,5.000,0.630,3.145,0.152
172700,5.000,0.630,3.145,0.152
172900,5.000,0.610,3.045,0.152
173100,5.000,0.607,3.026,0.153
173300,5.000,0.607,3.026,0.153
173500,5.000,0.636,3.179,0.153
173700,5.000,0.612,3.057,0.153
173900,5.000,0.615,3.072,0.153
174100,5.000,0.615,3.072,0.153
174300,5.000,0.625,3.118,0.154
174500,5.000,0.609,3.042,0.154
174700,5.000,0.609,3.042,0.154
174900,5.000,0.612,3.053,0.154
175100,5.000,0.635,3.171,0.154
175300,5.000,0.616,3.072,0.154
175500,5.000,0.614,3.064,0.155
175700,5.000,0.614,3.064,0.155
175900,5.000,0.635,3.171,0.155
176100,5.000,0.610,3.045,0.155
176300,5.000,0.616,3.076,0.155
176500,5.000,0.616,3.076,0.156
176700,5.000,0.628,3.133,0.156
176900,5.000,0.615,3.072,0.156
177100,5.000,0.623,3.110,0.156
177300,5.000,0.623,3.110,0.156
177500,5.000,0.621,3.099,0.156
177700,5.000,0.613,3.061,0.157
177900,5.000,0.613,3.061,0.157
178100,5.000,0.615,3.068,0.157
178300,5.000,0.622,3.106,0.157
178500,5.000,0.615,3.068,0.157
178700,5.000,0.618,3.084,0.157
178900,5.000,0.618,3.084,0.158
179100,5.000,0.624,3.114,0.158
179300,5.000,0.615,3.068,0.158
179500,5.000,0.622,3.103,0.158
179700,5.000,0.622,3.103,0.158
179900,5.000,0.619,3.091,0.159
180100,5.000,0.608,3.034,0.159
180300,5.000,0.630,3.145,0.159
180500,5.000,0.630,3.145,0.159
180700,5.000,0.620,3.095,0.159
180900,5.000,0.609,3.042,0.159
181100,5.000,0.609,3.042,0.160
181300,5.000,0.615,3.072,0.160
181500,5.000,0.624,3.114,0.160
181700,5.000,0.611,3.053,0.160
181900,5.000,0.611,3.053,0.160
182100,5.000,0.629,3.141,0.160
182300,5.000,0.624,3.114,0.161
182500,5.000,0.614,3.064,0.161
182700,5.000,0.630,3.145,0.161
182900,5.000,0.630,3.145,0.161
183100,5.000,0.617,3.076,0.161
183300,5.000,0.609,3.042,0.162
183500,5.000,0.638,3.183,0.162
183700,5.000,0.638,3.183,0.162
183900,5.000,0.615,3.068,0.162
184100,5.000,0.614,3.064,0.162
184300,5.000,0.614,3.064,0.162
184500,5.000,0.630,3.145,0.163
184700,5.000,0.611,3.049,0.163
184900,5.000,0.609,3.042,0.163
185100,5.000,0.609,3.042,0.163
185300,5.000,0.626,3.126,0.163
185500,5.000,0.616,3.076,0.163
185700,5.000,0.617,3.080,0.164
185900,5.000,0.628,3.133,0.164
186100,5.000,0.628,3.133,0.164
186300,5.000,0.613,3.061,0.164
186500,5.000,0.613,3.061,0.164
186700,5.000,0.613,3.061,0.165
186900,5.000,0.630,3.145,0.165
187100,5.000,0.606,3.022,0.165
187300,5.000,0.614,3.064,0.165
187500,5.000,0.614,3.064,0.165
187700,5.000,0.634,3.164,0.165
187900,5.000,0.611,3.049,0.166
188100,5.000,0.612,3.057,0.166
188300,5.000,0.612,3.057,0.166
188500,5.000,0.628,3.137,0.166
188700,5.000,0.612,3.053,0.166
188900,5.000,0.612,3.053,0.166
189100,5.000,0.638,3.187,0.167
189300,5.000,0.638,3.187,0.167
189500,5.000,0.616,3.076,0.167
189700,5.000,0.610,3.049,0.167
189900,5.000,0.610,3.049,0.167
190100,5.000,0.631,3.152,0.168
190300,5.000,0.610,3.045,0.168
190500,5.000,0.623,3.110,0.168
190700,5.000,0.623,3.110,0.168
190900,5.000,0.630,3.148,0.168
191100,5.000,0.613,3.061,0.168
191300,5.000,0.621,3.103,0.169
191500,5.000,0.621,3.103,0.169
191700,5.000,0.620,3.099,0.169
191900,5.000,0.610,3.045,0.169
192100,5.000,0.610,3.045,0.169
192300,5.000,0.611,3.049,0.169
192500,5.000,0.636,3.175,0.170
192700,5.000,0.615,3.068,0.170
192900,5.000,0.615,3.068,0.170
193100,5.000,0.615,3.068,0.170
193300,5.000,0.629,3.137,0.170
193500,5.000,0.610,3.045,0.171
193700,5.000,0.623,3.110,0.171
193900,5.000,0.623,3.110,0.171
194100,5.000,0.615,3.068,0.171
194300,5.000,0.614,3.064,0.171
194500,5.000,0.628,3.133,0.171
194700,5.000,0.628,3.133,0.172
194900,5.000,0.616,3.076,0.172
195100,5.000,0.616,3.076,0.172
195300,5.000,0.616,3.076,0.172
195500,5.000,0.621,3.099,0.172
195700,5.000,0.619,3.091,0.172
195900,5.000,0.614,3.064,0.173
196100,5.000,0.632,3.156,0.173
196300,5.000,0.632,3.156,0.173
196500,5.000,0.623,3.110,0.173
196700,5.000,0.614,3.068,0.173
196900,5.000,0.626,3.122,0.174
197100,5.000,0.626,3.122,0.174
197300,5.000,0.613,3.061,0.174
197500,5.000,0.615,3.068,0.174
197700,5.000,0.615,3.068,0.174
197900,5.000,0.638,3.183,0.174
198100,5.000,0.613,3.061,0.175
198300,5.000,0.610,3.042,0.175
198500,5.000,0.610,3.042,0.175
198700,5.000,0.628,3.137,0.175
198900,5.000,0.614,3.068,0.175
199100,5.000,0.612,3.057,0.175
199300,5.000,0.612,3.057,0.176
199500,5.000,0.626,3.126,0.176
199700,5.000,0.617,3.080,0.176
199900,5.000,0.608,3.034,0.176
200100,5.000,0.634,3.168,0.176
200300,5.000,0.634,3.168,0.177
200500,5.000,0.610,3.045,0.177
200700,5.000,0.611,3.053,0.177
200900,5.000,0.611,3.053,0.177
201100,5.000,0.627,3.129,0.177
201300,5.000,0.614,3.068,0.177
201500,5.000,0.616,3.072,0.178
201700,5.000,0.616,3.072,0.178
201900,5.000,0.629,3.141,0.178
202100,5.000,0.615,3.072,0.178
202300,5.000,0.610,3.045,0.178
202500,5.000,0.610,3.045,0.178
202700,5.000,0.632,3.160,0.179
202900,5.000,0.605,3.022,0.179
203100,5.000,0.616,3.076,0.179
203300,5.000,0.639,3.190,0.179
203500,5.000,0.639,3.190,0.179
203700,5.000,0.613,3.061,0.180
203900,5.000,0.615,3.068,0.180
204100,5.000,0.615,3.068,0.180
204300,5.000,0.627,3.129,0.180
204500,5.000,0.613,3.061,0.180
204700,5.000,0.624,3.114,0.180
204900,5.000,0.624,3.114,0.181
205100,5.000,0.629,3.141,0.181
205300,5.000,0.610,3.045,0.181
205500,5.000,0.612,3.057,0.181
205700,5.000,0.612,3.057,0.181
205900,5.000,0.629,3.141,0.181
206100,5.000,0.612,3.053,0.182
206300,5.000,0.612,3.053,0.182
206500,5.000,0.619,3.091,0.182
206700,5.000,0.632,3.156,0.182
206900,5.000,0.611,3.049,0.182
207100,5.000,0.624,3.114,0.183
207300,5.000,0.624,3.114,0.183
207500,5.000,0.621,3.099,0.183
207700,5.000,0.614,3.064,0.183
207900,5.000,0.631,3.148,0.183
208100,5.000,0.631,3.148,0.183
208300,5.000,0.623,3.106,0.184
208500,5.000,0.617,3.080,0.184
208700,5.000,0.617,3.080,0.184
208900,5.000,0.617,3.084,0.184
209100,5.000,0.631,3.148,0.184
209300,5.000,0.610,3.049,0.184
209500,5.000,0.610,3.049,0.185
209700,5.000,0.622,3.103,0.185
209900,5.000,0.618,3.087,0.185
210100,5.000,0.613,3.061,0.185
210300,5.000,0.623,3.110,0.185
210500,5.000,0.623,3.110,0.186
210700,5.000,0.622,3.106,0.186
210900,5.000,0.615,3.068,0.186
211100,5.000,0.628,3.133,0.186
211300,5.000,0.628,3.133,0.186
211500,5.000,0.615,3.072,0.186
211700,5.000,0.611,3.049,0.187
211900,5.000,0.611,3.049,0.187
212100,5.000,0.639,3.190,0.187
212300,5.000,0.612,3.057,0.187
212500,5.000,0.613,3.061,0.187
212700,5.000,0.613,3.061,0.187
212900,5.000,0.631,3.152,0.188
213100,5.000,0.621,3.099,0.188
213300,5.000,0.610,3.045,0.188
213500,5.000,0.629,3.137,0.188
213700,5.000,0.629,3.137,0.188
213900,5.000,0.612,3.057,0.189
214100,5.000,0.614,3.064,0.189
214300,5.000,0.636,3.175,0.189
214500,5.000,0.636,3.175,0.189
214700,5.000,0.612,3.057,0.189
214900,5.000,0.611,3.049,0.189
215100,5.000,0.611,3.049,0.190
215300,5.000,0.631,3.148,0.190
215500,5.000,0.617,3.080,0.190
215700,5.000,0.611,3.049,0.190
215900,5.000,0.611,3.049,0.190
216100,5.000,0.638,3.187,0.190
216300,5.000,0.608,3.034,0.191
216500,5.000,0.608,3.068,0.191
216700,5.000,0.625,3.122,0.191
216900,5.000,0.625,3.122,0.191
217100,5.000,0.611,3.049,0.191
217300,5.000,0.609,3.042,0.192
217500,5.000,0.609,3.042,0.192
217700,5.000,0.629,3.141,0.192
217900,5.000,0.615,3.068,0.192
218100,5.000,0.615,3.068,0.192
218300,5.000,0.615,3.068,0.192
218500,5.000,0.628,3.133,0.193
218700,5.000,0.612,3.053,0.193
218900,5.000,0.614,3.064,0.193
219100,5.000,0.614,3.064,0.193
219300,5.000,0.630,3.145,0.193
219500,5.000,0.617,3.084,0.193
219700,5.000,0.617,3.084,0.194
219900,5.000,0.614,3.064,0.194
220100,5.000,0.634,3.164,0.194
220300,5.000,0.609,3.042,0.194
220500,5.000,0.616,3.072,0.194
220700,5.000,0.616,3.072,0.195
220900,5.000,0.626,3.126,0.195
221100,5.000,0.615,3.068,0.195
221300,5.000,0.624,3.114,0.195
221500,5.000,0.624,3.114,0.195
221700,5.000,0.627,3.133,0.195
221900,5.000,0.609,3.042,0.196
222100,5.000,0.629,3.137,0.196
222300,5.000,0.629,3.137,0.196
222500,5.000,0.623,3.110,0.196
222700,5.000,0.612,3.057,0.196
222900,5.000,0.612,3.057,0.196
223100,5.000,0.622,3.106,0.197
223300,5.000,0.626,3.126,0.197
223500,5.000,0.614,3.064,0.197
223700,5.000,0.616,3.076,0.197
223900,5.000,0.616,3.076,0.197
224100,5.000,0.620,3.091,0.198
224300,5.000,0.611,3.053,0.198
224500,5.000,0.622,3.106,0.198
224700,5.000,0.622,3.106,0.198
224900,5.000,0.623,3.110,0.198
225100,5.000,0.609,3.042,0.198
225300,5.000,0.629,3.141,0.199
225500,5.000,0.629,3.141,0.199
225700,5.000,0.613,3.061,0.199
225900,5.000,0.616,3.076,0.199
226100,5.000,0.616,3.076,0.199
226300,5.000,0.629,3.141,0.199
226500,5.000,0.623,3.110,0.200
226700,5.000,0.615,3.072,0.200
226900,5.000,0.615,3.072,0.200
227100,5.000,0.627,3.129,0.200
227300,5.000,0.613,3.061,0.200
227500,5.000,0.614,3.064,0.201
227700,5.000,0.631,3.148,0.201
227900,5.000,0.631,3.148,0.201
228100,5.000,0.615,3.072,0.201
228300,5.000,0.615,3.068,0.201
228500,5.000,0.615,3.068,0.201
228700,5.000,0.632,3.156,0.202
228900,5.000,0.610,3.049,0.202
229100,5.000,0.612,3.057,0.202
229300,5.000,0.612,3.057,0.202
229500,5.000,0.638,3.183,0.202
229700,5.000,0.614,3.064,0.202
229900,5.000,0.614,3.068,0.203
230100,5.000,0.614,3.068,0.203
230300,5.000,0.632,3.156,0.203
230500,5.000,0.612,3.057,0.203
230700,5.000,0.610,3.045,0.203
230900,5.000,0.626,3.129,0.204
231100,5.000,0.626,3.129,0.204
231300,5.000,0.612,3.053,0.204
231500,5.000,0.606,3.022,0.204
231700,5.000,0.606,3.022,0.204
231900,5.000,0.637,3.179,0.204
232100,5.000,0.612,3.053,0.205
232300,5.000,0.617,3.080,0.205
232500,5.000,0.617,3.080,0.205
232700,5.000,0.622,3.106,0.205
232900,5.000,0.616,3.076,0.205
233100,5.000,0.615,3.072,0.205
233300,5.000,0.615,3.072,0.206
233500,5.000,0.638,3.183,0.206
233700,5.000,0.615,3.072,0.206
233900,5.000,0.615,3.072,0.206
234100,5.000,0.616,3.072,0.206
234300,5.000,0.626,3.129,0.207
234500,5.000,0.611,3.049,0.207
234700,5.000,0.618,3.084,0.207
234900,5.000,0.618,3.084,0.207
235100,5.000,0.631,3.148,0.207
235300,5.000,0.615,3.072,0.207
235500,5.000,0.623,3.110,0.208
235700,5.000,0.623,3.110,0.208
235900,5.000,0.618,3.087,0.208
236100,5.000,0.613,3.061,0.208
236300,5.000,0.631,3.152,0.208
236500,5.000,0.631,3.152,0.209
236700,5.000,0.620,3.095,0.209
236900,5.000,0.616,3.072,0.209
237100,5.000,0.616,3.072,0.209
237300,5.000,0.618,3.084,0.209
237500,5.000,0.630,3.141,0.209
237700,5.000,0.608,3.034,0.210
237900,5.000,0.619,3.091,0.210
238100,5.000,0.619,3.091,0.210
238300,5.000,0.614,3.064,0.210
238500,5.000,0.605,3.022,0.210
238700,5.000,0.630,3.148,0.210
238900,5.000,0.630,3.148,0.211
239100,5.000,0.619,3.087,0.211
239300,5.000,0.611,3.049,0.211
239500,5.000,0.611,3.049,0.211
239700,5.000,0.629,3.141,0.211
239900,5.000,0.615,3.068,0.212
240100,5.000,0.615,3.072,0.212
240300,5.000,0.615,3.072,0.212
240500,5.000,0.623,3.110,0.212
240700,5.000,0.620,3.095,0.212
240900,5.000,0.611,3.049,0.212
241100,5.000,0.611,3.049,0.213
241300,5.000,0.629,3.141,0.213
241500,5.000,0.612,3.057,0.213
241700,5.000,0.611,3.049,0.213
241900,5.000,0.640,3.198,0.213
242100,5.000,0.640,3.198,0.213
242300,5.000,0.613,3.061,0.214
242500,5.000,0.612,3.057,0.214
242700,5.000,0.612,3.057,0.214
242900,5.000,0.628,3.137,0.214
243100,5.000,0.615,3.068,0.214
243300,5.000,0.616,3.076,0.215
243500,5.000,0.616,3.076,0.215
243700,5.000,0.635,3.171,0.215
243900,5.000,0.616,3.076,0.215
244100,5.000,0.614,3.064,0.215
244300,5.000,0.614,3.064,0.215
244500,5.000,0.630,3.145,0.216
244700,5.000,0.609,3.038,0.216
244900,5.000,0.608,3.038,0.216
245100,5.000,0.632,3.156,0.216
245300,5.000,0.632,3.156,0.216
245500,5.000,0.608,3.034,0.216
245700,5.000,0.614,3.068,0.217
245900,5.000,0.614,3.068,0.217
246100,5.000,0.631,3.148,0.217
246300,5.000,0.612,3.057,0.217
246500,5.000,0.616,3.076,0.217
246700,5.000,0.616,3.076,0.218
246900,5.000,0.628,3.133,0.218
247100,5.000,0.614,3.068,0.218
247300,5.000,0.608,3.034,0.218
247500,5.000,0.608,3.034,0.218
247700,5.000,0.636,3.171,0.218
247900,5.000,0.612,3.057,0.219
248100,5.000,0.612,3.057,0.219
248300,5.000,0.628,3.137,0.219
248500,5.000,0.628,3.137,0.219
248700,5.000,0.610,3.045,0.219
248900,5.000,0.623,3.110,0.219
249100,5.000,0.623,3.110,0.220
249300,5.000,0.628,3.137,0.220
249500,5.000,0.612,3.057,0.220
249700,5.000,0.623,3.110,0.220
249900,5.000,0.623,3.110,0.220
250100,5.000,0.621,3.103,0.221
250300,5.000,0.615,3.068,0.221
250500,5.000,0.615,3.068,0.221
250700,5.000,0.629,3.141,0.221
250900,5.000,0.621,3.103,0.221
251100,5.000,0.614,3.064,0.221
251300,5.000,0.614,3.064,0.222
251500,5.000,0.623,3.110,0.222
251700,5.000,0.618,3.087,0.222
251900,5.000,0.609,3.038,0.222
252100,5.000,0.624,3.114,0.222
252300,5.000,0.624,3.114,0.223
252500,5.000,0.615,3.072,0.223
252700,5.000,0.613,3.061,0.223
252900,5.000,0.627,3.129,0.223
253100,5.000,0.627,3.129,0.223
253300,5.000,0.616,3.076,0.223
253500,5.000,0.613,3.061,0.224
253700,5.000,0.613,3.061,0.224
253900,5.000,0.632,3.152,0.224
254100,5.000,0.612,3.057,0.224
254300,5.000,0.606,3.026,0.224
254500,5.000,0.606,3.026,0.224
254700,5.000,0.630,3.145,0.225
254900,5.000,0.615,3.072,0.225
255100,5.000,0.609,3.042,0.225
255300,5.000,0.634,3.164,0.225
255500,5.000,0.634,3.164,0.225
255700,5.000,0.613,3.061,0.226
255900,5.000,0.617,3.080,0.226
256100,5.000,0.635,3.168,0.226
256300,5.000,0.635,3.168,0.226
256500,5.000,0.612,3.053,0.226
256700,5.000,0.610,3.049,0.226
256900,5.000,0.610,3.049,0.227
257100,5.000,0.634,3.168,0.227
257300,5.000,0.615,3.072,0.227
257500,5.000,0.614,3.064,0.227
257700,5.000,0.614,3.064,0.227
257900,5.000,0.635,3.168,0.227
258100,5.000,0.613,3.061,0.228
258300,5.000,0.610,3.045,0.228
258500,5.000,0.610,3.045,0.228
258700,5.000,0.630,3.145,0.228
258900,5.000,0.608,3.038,0.228
259100,5.000,0.612,3.057,0.229
259300,5.000,0.612,3.164,0.229
259500,5.000,0.634,3.164,0.229
259700,5.000,0.612,3.057,0.229
259900,5.000,0.615,3.072,0.229
260100,5.000,0.615,3.072,0.229
260300,5.000,0.627,3.129,0.230
260500,5.000,0.615,3.068,0.230
260700,5.000,0.616,3.072,0.230
260900,5.000,0.616,3.072,0.230
261100,5.000,0.628,3.137,0.230
261300,5.000,0.607,3.030,0.230
261500,5.000,0.607,3.030,0.231
261700,5.000,0.614,3.068,0.231
261900,5.000,0.630,3.145,0.231
262100,5.000,0.611,3.049,0.231
262300,5.000,0.621,3.099,0.231
262500,5.000,0.621,3.099,0.232
262700,5.000,0.626,3.126,0.232
262900,5.000,0.618,3.084,0.232
263100,5.000,0.622,3.106,0.232
263300,5.000,0.622,3.106,0.232
263500,5.000,0.625,3.118,0.232
263700,5.000,0.609,3.038,0.233
263900,5.000,0.631,3.148,0.233
264100,5.000,0.631,3.148,0.233
264300,5.000,0.623,3.110,0.233
264500,5.000,0.613,3.061,0.233
264700,5.000,0.613,3.061,0.233
264900,5.000,0.619,3.091,0.234
265100,5.000,0.628,3.137,0.234
265300,5.000,0.611,3.053,0.234
265500,5.000,0.611,3.053,0.234
265700,5.000,0.624,3.118,0.234
265900,5.000,0.621,3.099,0.235
266100,5.000,0.613,3.061,0.235
266300,5.000,0.626,3.126,0.235
266500,5.000,0.626,3.126,0.235
266700,5.000,0.620,3.095,0.235
266900,5.000,0.616,3.076,0.235
267100,5.000,0.626,3.129,0.236
267300,5.000,0.626,3.129,0.236
267500,5.000,0.616,3.072,0.236
267700,5.000,0.605,3.019,0.236
267900,5.000,0.605,3.019,0.236
268100,5.000,0.625,3.122,0.236
268300,5.000,0.617,3.080,0.237
268500,5.000,0.613,3.061,0.237
268700,5.000,0.613,3.061,0.237
268900,5.000,0.630,3.145,0.237
269100,5.000,0.620,3.095,0.237
269300,5.000,0.614,3.068,0.238
269500,5.000,0.626,3.129,0.238
269700,5.000,0.626,3.129,0.238
269900,5.000,0.615,3.072,0.238
270100,5.000,0.614,3.068,0.238
270300,5.000,0.614,3.068,0.238
270500,5.000,0.639,3.187,0.239
270700,5.000,0.612,3.057,0.239
270900,5.000,0.610,3.045,0.239
271100,5.000,0.610,3.045,0.239
271300,5.000,0.632,3.156,0.239
271500,5.000,0.611,3.049,0.239
271700,5.000,0.610,3.049,0.240
271900,5.000,0.610,3.049,0.240
272100,5.000,0.638,3.183,0.240
272300,5.000,0.615,3.072,0.240
272500,5.000,0.612,3.057,0.240
272700,5.000,0.633,3.160,0.241
272900,5.000,0.633,3.160,0.241
273100,5.000,0.610,3.045,0.241
273300,5.000,0.613,3.061,0.241
273500,5.000,0.613,3.061,0.241
273700,5.000,0.628,3.133,0.241
273900,5.000,0.617,3.080,0.242
274100,5.000,0.614,3.064,0.242
274300,5.000,0.614,3.064,0.242
274500,5.000,0.630,3.145,0.242
274700,5.000,0.605,3.019,0.242
274900,5.000,0.615,3.072,0.242
275100,5.000,0.615,3.072,0.243
275300,5.000,0.626,3.126,0.243
275500,5.000,0.614,3.068,0.243
275700,5.000,0.614,3.068,0.243
275900,5.000,0.632,3.156,0.243
276100,5.000,0.632,3.156,0.244
276300,5.000,0.611,3.053,0.244
276500,5.000,0.615,3.072,0.244
276700,5.000,0.615,3.072,0.244
276900,5.000,0.628,3.137,0.244
277100,5.000,0.615,3.068,0.244
277300,5.000,0.624,3.114,0.245
277500,5.000,0.624,3.114,0.245
277700,5.000,0.625,3.122,0.245
277900,5.000,0.611,3.053,0.245
278100,5.000,0.627,3.129,0.245
278300,5.000,0.627,3.129,0.245
278500,5.000,0.618,3.087,0.246
278700,5.000,0.611,3.049,0.246
278900,5.000,0.611,3.049,0.246
279100,5.000,0.622,3.106,0.246
279300,5.000,0.630,3.148,0.246
279500,5.000,0.611,3.053,0.247
