300,5.000,0.343,1.713,0.000
500,5.000,0.331,1.656,0.000
700,5.000,0.331,1.656,0.000
900,5.000,0.331,1.656,0.000
1100,5.000,0.331,1.656,0.000
1300,5.000,0.330,1.652,0.000
1500,5.000,0.330,1.652,0.000
1700,5.000,0.330,1.652,0.000
1900,5.000,0.330,1.652,0.000
2100,5.000,0.331,1.656,0.000
2300,5.000,0.331,1.656,0.001
2500,5.000,0.331,1.660,0.001
2700,5.000,0.330,1.652,0.001
2900,5.000,0.330,1.652,0.001
3100,5.000,0.340,1.702,0.001
3300,5.000,0.346,1.732,0.001
3500,5.000,0.331,1.656,0.001
3700,5.000,0.331,1.656,0.001
3900,5.000,0.331,1.656,0.001
4100,5.000,0.331,1.656,0.001
4300,5.000,0.330,1.652,0.001
4500,5.000,0.330,1.652,0.002
4700,5.000,0.330,1.652,0.002
4900,5.000,0.332,1.660,0.002
5100,5.000,0.331,1.656,0.002
5300,5.000,0.332,1.660,0.002
5500,5.000,0.332,1.660,0.002
5700,5.000,0.330,1.652,0.002
5900,5.000,0.330,1.652,0.002
6100,5.000,0.330,1.652,0.002
6300,5.000,0.330,1.648,0.002
6500,5.000,0.330,1.652,0.003
6700,5.000,0.330,1.652,0.003
6900,5.000,0.330,1.652,0.003
7100,5.000,0.330,1.652,0.003
7300,5.000,0.331,1.656,0.003
7500,5.000,0.331,1.656,0.003
7700,5.000,0.331,1.656,0.003
7900,5.000,0.331,1.656,0.003
8100,5.000,0.330,1.652,0.003
8300,5.000,0.330,1.648,0.003
8500,5.000,0.330,1.648,0.003
8700,5.000,0.330,1.652,0.004
8900,5.000,0.331,1.656,0.004
9100,5.000,0.332,1.660,0.004
9300,5.000,0.332,1.660,0.004
9500,5.000,0.331,1.656,0.004
9700,5.000,0.331,1.656,0.004
9900,5.000,0.330,1.652,0.004
10100,5.000,0.330,1.652,0.004
10300,5.000,0.330,1.652,0.004
10500,5.000,0.330,1.652,0.004
10700,5.000,0.331,1.660,0.005
10900,5.000,0.331,1.656,0.005
11100,5.000,0.331,1.656,0.005
11300,5.000,0.331,1.656,0.005
11500,5.000,0.331,1.656,0.005
11700,5.000,0.331,1.656,0.005
11900,5.000,0.330,1.652,0.005
12100,5.000,0.330,1.652,0.005
12300,5.000,0.330,1.652,0.005
12500,5.000,0.330,1.652,0.005
12700,5.000,0.330,1.652,0.005
12900,5.000,0.331,1.656,0.006
13100,5.000,0.331,1.660,0.006
13300,5.000,0.331,1.660,0.006
13500,5.000,0.330,1.652,0.006
13700,5.000,0.331,1.656,0.006
13900,5.000,0.331,1.656,0.006
14100,5.000,0.330,1.652,0.006
14300,5.000,0.330,1.652,0.006
14500,5.000,0.331,1.652,0.006
14700,5.000,0.332,1.660,0.006
14900,5.000,0.332,1.660,0.007
15100,5.000,0.331,1.656,0.007
15300,5.000,0.331,1.652,0.007
15500,5.000,0.331,1.656,0.007
15700,5.000,0.331,1.656,0.007
15900,5.000,0.330,1.652,0.007
16100,5.000,0.330,1.652,0.007
16300,5.000,0.330,1.652,0.007
16500,5.000,0.330,1.652,0.007
16700,5.000,0.331,1.660,0.007
16900,5.000,0.330,1.652,0.007
17100,5.000,0.330,1.652,0.008
17300,5.000,0.331,1.660,0.008
17500,5.000,0.331,1.656,0.008
17700,5.000,0.331,1.656,0.008
17900,5.000,0.330,1.652,0.008
18100,5.000,0.330,1.652,0.008
18300,5.000,0.330,1.652,0.008
18500,5.000,0.331,1.656,0.008
18700,5.000,0.331,1.656,0.008
18900,5.000,0.331,1.656,0.008
19100,5.000,0.330,1.652,0.008
19300,5.000,0.331,1.656,0.009
19500,5.000,0.331,1.656,0.009
19700,5.000,0.332,1.660,0.009
19900,5.000,0.330,1.652,0.009
20100,5.000,0.330,1.652,0.009
20300,5.000,0.330,1.652,0.009
20500,5.000,0.330,1.652,0.009
20700,5.000,0.330,1.652,0.009
20900,5.000,0.331,1.656,0.009
21100,5.000,0.331,1.656,0.009
21300,5.000,0.331,1.656,0.010
21500,5.000,0.332,1.660,0.010
21700,5.000,0.330,1.652,0.010
21900,5.000,0.330,1.652,0.010
22100,5.000,0.330,1.652,0.010
22300,5.000,0.330,1.652,0.010
22500,5.000,0.330,1.656,0.010
22700,5.000,0.330,1.656,0.010
22900,5.000,0.331,1.656,0.010
23100,5.000,0.331,1.656,0.010
23300,5.000,0.331,1.656,0.010
23500,5.000,0.331,1.656,0.011
23700,5.000,0.330,1.652,0.011
23900,5.000,0.330,1.652,0.011
24100,5.000,0.330,1.648,0.011
24300,5.000,0.330,1.648,0.011
24500,5.000,0.331,1.656,0.011
24700,5.000,0.331,1.656,0.011
24900,5.000,0.331,1.656,0.011
25100,5.000,0.331,1.656,0.011
25300,5.000,0.331,1.656,0.011
25500,5.000,0.331,1.652,0.012
25700,5.000,0.330,1.652,0.012
25900,5.000,0.330,1.652,0.012
26100,5.000,0.330,1.648,0.012
26300,5.000,0.331,1.652,0.012
26500,5.000,0.332,1.660,0.012
26700,5.000,0.332,1.660,0.012
26900,5.000,0.331,1.656,0.012
27100,5.000,0.331,1.656,0.012
27300,5.000,0.332,1.660,0.012
27500,5.000,0.332,1.660,0.012
27700,5.000,0.330,1.652,0.013
27900,5.000,0.331,1.652,0.013
28100,5.000,0.331,1.652,0.013
28300,5.000,0.331,1.656,0.013
28500,5.000,0.330,1.652,0.013
28700,5.000,0.332,1.660,0.013
28900,5.000,0.330,1.652,0.013
29100,5.000,0.330,1.652,0.013
29300,5.000,0.331,1.656,0.013
29500,5.000,0.330,1.652,0.013
29700,5.000,0.331,1.660,0.013
29900,5.000,0.331,1.660,0.014
30100,5.000,0.330,1.652,0.014
30300,5.000,0.331,1.656,0.014
30500,5.000,0.331,1.656,0.014
30700,5.000,0.331,1.656,0.014
30900,5.000,0.332,1.660,0.014
31100,5.000,0.330,1.656,0.014
31300,5.000,0.330,1.656,0.014
31500,5.000,0.331,1.656,0.014
31700,5.000,0.330,1.652,0.014
31900,5.000,0.330,1.652,0.015
32100,5.000,0.332,1.656,0.015
32300,5.000,0.332,1.656,0.015
32500,5.000,0.331,1.656,0.015
32700,5.000,0.331,1.656,0.015
32900,5.000,0.331,1.656,0.015
33100,5.000,0.331,1.656,0.015
33300,5.000,0.331,1.656,0.015
33500,5.000,0.330,1.652,0.015
33700,5.000,0.330,1.652,0.015
33900,5.000,0.330,1.652,0.015
34100,5.000,0.330,1.652,0.016
34300,5.000,0.331,1.656,0.016
34500,5.000,0.331,1.656,0.016
34700,5.000,0.332,1.660,0.016
34900,5.000,0.333,1.664,0.016
35100,5.000,0.332,1.660,0.016
35300,5.000,0.330,1.656,0.016
35500,5.000,0.330,1.656,0.016
35700,5.000,0.330,1.652,0.016
35900,5.000,0.331,1.652,0.016
36100,5.000,0.331,1.656,0.017
36300,5.000,0.331,1.656,0.017
36500,5.000,0.331,1.656,0.017
36700,5.000,0.331,1.656,0.017
36900,5.000,0.331,1.656,0.017
37100,5.000,0.332,1.660,0.017
37300,5.000,0.330,1.652,0.017
37500,5.000,0.330,1.648,0.017
37700,5.000,0.330,1.648,0.017
37900,5.000,0.330,1.652,0.017
38100,5.000,0.331,1.652,0.017
38300,5.000,0.331,1.656,0.018
38500,5.000,0.331,1.656,0.018
38700,5.000,0.331,1.656,0.018
38900,5.000,0.332,1.660,0.018
39100,5.000,0.331,1.660,0.018
39300,5.000,0.331,1.660,0.018
39500,5.000,0.330,1.652,0.018
39700,5.000,0.330,1.648,0.018
39900,5.000,0.331,1.656,0.018
40100,5.000,0.331,1.656,0.018
40300,5.000,0.330,1.652,0.019
40500,5.000,0.331,1.656,0.019
40700,5.000,0.331,1.656,0.019
40900,5.000,0.331,1.656,0.019
41100,5.000,0.331,1.656,0.019
41300,5.000,0.330,1.652,0.019
41500,5.000,0.330,1.652,0.019
41700,5.000,0.330,1.648,0.019
41900,5.000,0.330,1.652,0.019
42100,5.000,0.330,1.652,0.019
42300,5.000,0.331,1.656,0.019
42500,5.000,0.331,1.656,0.020
42700,5.000,0.331,1.660,0.020
42900,5.000,0.332,1.660,0.020
43100,5.000,0.330,1.652,0.020
43300,5.000,0.330,1.652,0.020
43500,5.000,0.330,1.652,0.020
43700,5.000,0.330,1.652,0.020
43900,5.000,0.331,1.656,0.020
44100,5.000,0.331,1.656,0.020
44300,5.000,0.331,1.656,0.020
44500,5.000,0.330,1.652,0.020
44700,5.000,0.330,1.652,0.021
44900,5.000,0.332,1.660,0.021
45100,5.000,0.331,1.656,0.021
45300,5.000,0.329,1.648,0.021
45500,5.000,0.329,1.648,0.021
45700,5.000,0.330,1.652,0.021
45900,5.000,0.331,1.656,0.021
46100,5.000,0.331,1.656,0.021
46300,5.000,0.331,1.656,0.021
46500,5.000,0.331,1.656,0.021
46700,5.000,0.331,1.656,0.022
46900,5.000,0.331,1.656,0.022
47100,5.000,0.331,1.656,0.022
47300,5.000,0.331,1.656,0.022
47500,5.000,0.330,1.652,0.022
47700,5.000,0.331,1.652,0.022
47900,5.000,0.331,1.652,0.022
48100,5.000,0.330,1.652,0.022
48300,5.000,0.331,1.656,0.022
48500,5.000,0.331,1.656,0.022
48700,5.000,0.331,1.656,0.022
48900,5.000,0.330,1.652,0.023
49100,5.000,0.331,1.656,0.023
49300,5.000,0.330,1.652,0.023
49500,5.000,0.331,1.656,0.023
49700,5.000,0.331,1.656,0.023
49900,5.000,0.331,1.656,0.023
50100,5.000,0.330,1.652,0.023
50300,5.000,0.330,1.652,0.023
50500,5.000,0.330,1.652,0.023
50700,5.000,0.332,1.664,0.023
50900,5.000,0.331,1.656,0.024
51100,5.000,0.331,1.656,0.024
51300,5.000,0.331,1.656,0.024
51500,5.000,0.330,1.652,0.024
51700,5.000,0.330,1.652,0.024
51900,5.000,0.330,1.652,0.024
52100,5.000,0.331,1.656,0.024
52300,5.000,0.330,1.656,0.024
52500,5.000,0.330,1.656,0.024
52700,5.000,0.331,1.656,0.024
52900,5.000,0.331,1.656,0.024
53100,5.000,0.330,1.652,0.025
53300,5.000,0.330,1.652,0.025
53500,5.000,0.330,1.652,0.025
53700,5.000,0.330,1.652,0.025
53900,5.000,0.330,1.652,0.025
54100,5.000,0.331,1.656,0.025
54300,5.000,0.331,1.656,0.025
54500,5.000,0.331,1.656,0.025
54700,5.000,0.332,1.664,0.025
54900,5.000,0.330,1.652,0.025
55100,5.000,0.330,1.652,0.025
55300,5.000,0.330,1.648,0.026
55500,5.000,0.331,1.656,0.026
55700,5.000,0.331,1.656,0.026
55900,5.000,0.330,1.648,0.026
56100,5.000,0.330,1.652,0.026
56300,5.000,0.331,1.656,0.026
56500,5.000,0.332,1.660,0.026
56700,5.000,0.332,1.660,0.026
56900,5.000,0.331,1.656,0.026
57100,5.000,0.331,1.652,0.026
57300,5.000,0.330,1.652,0.027
57500,5.000,0.330,1.652,0.027
57700,5.000,0.331,1.656,0.027
57900,5.000,0.330,1.652,0.027
58100,5.000,0.331,1.656,0.027
58300,5.000,0.331,1.656,0.027
58500,5.000,0.331,1.656,0.027
58700,5.000,0.331,1.656,0.027
58900,5.000,0.331,1.656,0.027
59100,5.000,0.331,1.656,0.027
59300,5.000,0.330,1.652,0.027
59500,5.000,0.330,1.652,0.028
59700,5.000,0.332,1.660,0.028
59900,5.000,0.332,1.660,0.028
60100,5.000,0.331,1.656,0.028
60300,5.000,0.331,1.660,0.028
60500,5.000,0.332,1.660,0.028
60700,5.000,0.332,1.660,0.028
60900,5.000,0.330,1.652,0.028
61100,5.000,0.330,1.652,0.028
61300,5.000,0.330,1.713,0.028
61500,5.000,0.343,1.713,0.029
61700,5.000,0.348,1.740,0.029
61900,5.000,0.330,1.652,0.029
62100,5.000,0.330,1.652,0.029
62300,5.000,0.331,1.656,0.029
62500,5.000,0.332,1.660,0.029
62700,5.000,0.331,1.656,0.029
62900,5.000,0.331,1.656,0.029
63100,5.000,0.330,1.648,0.029
63300,5.000,0.331,1.652,0.029
63500,5.000,0.330,1.652,0.030
63700,5.000,0.331,1.656,0.030
63900,5.000,0.331,1.656,0.030
64100,5.000,0.331,1.656,0.030
64300,5.000,0.332,1.660,0.030
64500,5.000,0.332,1.660,0.030
64700,5.000,0.331,1.656,0.030
64900,5.000,0.331,1.656,0.030
65100,5.000,0.330,1.656,0.030
65300,5.000,0.330,1.656,0.030
65500,5.000,0.331,1.656,0.030
65700,5.000,0.330,1.652,0.031
65900,5.000,0.330,1.652,0.031
66100,5.000,0.330,1.652,0.031
66300,5.000,0.332,1.660,0.031
66500,5.000,0.331,1.656,0.031
66700,5.000,0.331,1.656,0.031
66900,5.000,0.330,1.652,0.031
67100,5.000,0.330,1.652,0.031
67300,5.000,0.331,1.656,0.031
67500,5.000,0.330,1.652,0.031
67700,5.000,0.330,1.652,0.031
67900,5.000,0.330,1.652,0.032
68100,5.000,0.331,1.656,0.032
68300,5.000,0.332,1.660,0.032
68500,5.000,0.332,1.660,0.032
68700,5.000,0.330,1.652,0.032
68900,5.000,0.330,1.652,0.032
69100,5.000,0.331,1.656,0.032
69300,5.000,0.331,1.656,0.032
69500,5.000,0.330,1.648,0.032
69700,5.000,0.332,1.660,0.032
69900,5.000,0.332,1.660,0.032
70100,5.000,0.332,1.660,0.033
70300,5.000,0.332,1.660,0.033
70500,5.000,0.331,1.656,0.033
70700,5.000,0.330,1.652,0.033
70900,5.000,0.330,1.652,0.033
71100,5.000,0.331,1.656,0.033
71300,5.000,0.330,1.656,0.033
71500,5.000,0.330,1.648,0.033
71700,5.000,0.330,1.648,0.033
71900,5.000,0.331,1.656,0.033
72100,5.000,0.332,1.660,0.034
72300,5.000,0.331,1.656,0.034
72500,5.000,0.331,1.656,0.034
72700,5.000,0.330,1.652,0.034
72900,5.000,0.330,1.652,0.034
73100,5.000,0.330,1.652,0.034
73300,5.000,0.330,1.652,0.034
73500,5.000,0.330,1.652,0.034
73700,5.000,0.330,1.648,0.034
73900,5.000,0.331,1.656,0.034
74100,5.000,0.331,1.656,0.035
74300,5.000,0.332,1.660,0.035
74500,5.000,0.330,1.652,0.035
74700,5.000,0.331,1.652,0.035
74900,5.000,0.331,1.652,0.035
75100,5.000,0.330,1.652,0.035
75300,5.000,0.330,1.652,0.035
75500,5.000,0.330,1.652,0.035
75700,5.000,0.330,1.652,0.035
75900,5.000,0.331,1.656,0.035
76100,5.000,0.331,1.656,0.035
76300,5.000,0.331,1.656,0.036
76500,5.000,0.330,1.652,0.036
76700,5.000,0.330,1.652,0.036
76900,5.000,0.331,1.656,0.036
77100,5.000,0.330,1.648,0.036
77300,5.000,0.330,1.648,0.036
77500,5.000,0.330,1.652,0.036
77700,5.000,0.331,1.656,0.036
77900,5.000,0.332,1.660,0.036
78100,5.000,0.332,1.660,0.036
78300,5.000,0.331,1.656,0.036
78500,5.000,0.330,1.652,0.037
78700,5.000,0.330,1.652,0.037
78900,5.000,0.330,1.656,0.037
79100,5.000,0.343,1.713,0.037
79300,5.000,0.330,1.652,0.037
79500,5.000,0.330,1.652,0.037
79700,5.000,0.330,1.652,0.037
79900,5.000,0.331,1.656,0.037
80100,5.000,0.330,1.652,0.037
80300,5.000,0.330,1.652,0.037
80500,5.000,0.330,1.652,0.038
80700,5.000,0.331,1.656,0.038
80900,5.000,0.331,1.656,0.038
81100,5.000,0.330,1.652,0.038
81300,5.000,0.330,1.652,0.038
81500,5.000,0.330,1.652,0.038
81700,5.000,0.330,1.656,0.038
81900,5.000,0.330,1.656,0.038
82100,5.000,0.330,1.652,0.038
82300,5.000,0.330,1.652,0.038
82500,5.000,0.332,1.660,0.038
82700,5.000,0.332,1.660,0.039
82900,5.000,0.332,1.660,0.039
83100,5.000,0.330,1.656,0.039
83300,5.000,0.330,1.652,0.039
83500,5.000,0.330,1.652,0.039
83700,5.000,0.330,1.652,0.039
83900,5.000,0.331,1.652,0.039
84100,5.000,0.331,1.652,0.039
84300,5.000,0.331,1.652,0.039
84500,5.000,0.331,1.656,0.039
84700,5.000,0.333,1.664,0.040
84900,5.000,0.331,1.656,0.040
85100,5.000,0.331,1.656,0.040
85300,5.000,0.330,1.652,0.040
85500,5.000,0.330,1.652,0.040
85700,5.000,0.331,1.656,0.040
85900,5.000,0.331,1.656,0.040
86100,5.000,0.331,1.656,0.040
86300,5.000,0.331,1.656,0.040
86500,5.000,0.331,1.656,0.040
86700,5.000,0.332,1.660,0.040
86900,5.000,0.332,1.660,0.041
87100,5.000,0.330,1.652,0.041
87300,5.000,0.330,1.652,0.041
87500,5.000,0.330,1.652,0.041
87700,5.000,0.331,1.656,0.041
87900,5.000,0.330,1.652,0.041
88100,5.000,0.331,1.656,0.041
88300,5.000,0.331,1.656,0.041
88500,5.000,0.331,1.656,0.041
88700,5.000,0.331,1.656,0.041
88900,5.000,0.331,1.656,0.042
89100,5.000,0.331,1.656,0.042
89300,5.000,0.330,1.652,0.042
89500,5.000,0.331,1.656,0.042
89700,5.000,0.331,1.656,0.042
89900,5.000,0.331,1.656,0.042
90100,5.000,0.330,1.656,0.042
90300,5.000,0.331,1.656,0.042
90500,5.000,0.331,1.656,0.042
90700,5.000,0.331,1.656,0.042
90900,5.000,0.331,1.656,0.042
91100,5.000,0.331,1.656,0.043
91300,5.000,0.330,1.652,0.043
91500,5.000,0.330,1.652,0.043
91700,5.000,0.330,1.652,0.043
91900,5.000,0.331,1.652,0.043
92100,5.000,0.331,1.656,0.043
92300,5.000,0.331,1.656,0.043
92500,5.000,0.331,1.660,0.043
92700,5.000,0.330,1.652,0.043
92900,5.000,0.330,1.652,0.043
93100,5.000,0.330,1.656,0.043
93300,5.000,0.330,1.656,0.044
93500,5.000,0.330,1.652,0.044
93700,5.000,0.330,1.652,0.044
93900,5.000,0.331,1.652,0.044
94100,5.000,0.330,1.652,0.044
94300,5.000,0.332,1.660,0.044
94500,5.000,0.332,1.660,0.044
94700,5.000,0.332,1.660,0.044
94900,5.000,0.330,1.652,0.044
95100,5.000,0.330,1.652,0.044
95300,5.000,0.330,1.652,0.045
95500,5.000,0.331,1.656,0.045
95700,5.000,0.330,1.652,0.045
95900,5.000,0.331,1.656,0.045
96100,5.000,0.331,1.656,0.045
96300,5.000,0.331,1.656,0.045
96500,5.000,0.332,1.660,0.045
96700,5.000,0.331,1.656,0.045
96900,5.000,0.331,1.656,0.045
97100,5.000,0.330,1.648,0.045
97300,5.000,0.331,1.656,0.045
97500,5.000,0.331,1.656,0.046
97700,5.000,0.330,1.652,0.046
97900,5.000,0.330,1.652,0.046
98100,5.000,0.331,1.656,0.046
98300,5.000,0.332,1.660,0.046
98500,5.000,0.332,1.660,0.046
98700,5.000,0.331,1.652,0.046
98900,5.000,0.331,1.656,0.046
99100,5.000,0.330,1.652,0.046
99300,5.000,0.330,1.652,0.046
99500,5.000,0.330,1.652,0.047
99700,5.000,0.332,1.660,0.047
99900,5.000,0.331,1.656,0.047
100100,5.000,0.331,1.656,0.047
100300,5.000,0.332,1.660,0.047
100500,5.000,0.330,1.656,0.047
100700,5.000,0.330,1.656,0.047
100900,5.000,0.331,1.656,0.047
101100,5.000,0.330,1.648,0.047
101300,5.000,0.330,1.652,0.047
101500,5.000,0.330,1.652,0.047
101700,5.000,0.330,1.656,0.048
101900,5.000,0.331,1.656,0.048
102100,5.000,0.332,1.660,0.048
102300,5.000,0.331,1.656,0.048
102500,5.000,0.331,1.656,0.048
102700,5.000,0.330,1.652,0.048
102900,5.000,0.330,1.652,0.048
103100,5.000,0.331,1.656,0.048
103300,5.000,0.331,1.656,0.048
103500,5.000,0.330,1.652,0.048
103700,5.000,0.331,1.656,0.048
103900,5.000,0.331,1.656,0.049
104100,5.000,0.331,1.656,0.049
104300,5.000,0.331,1.660,0.049
104500,5.000,0.330,1.656,0.049
104700,5.000,0.330,1.656,0.049
104900,5.000,0.331,1.660,0.049
105100,5.000,0.330,1.652,0.049
105300,5.000,0.330,1.656,0.049
105500,5.000,0.330,1.652,0.049
105700,5.000,0.330,1.652,0.049
105900,5.000,0.331,1.660,0.050
106100,5.000,0.332,1.660,0.050
106300,5.000,0.332,1.660,0.050
106500,5.000,0.330,1.652,0.050
106700,5.000,0.330,1.652,0.050
106900,5.000,0.331,1.656,0.050
107100,5.000,0.331,1.656,0.050
107300,5.000,0.331,1.656,0.050
107500,5.000,0.330,1.652,0.050
107700,5.000,0.331,1.656,0.050
107900,5.000,0.331,1.656,0.050
108100,5.000,0.332,1.660,0.051
108300,5.000,0.340,1.698,0.051
108500,5.000,0.340,1.698,0.051
108700,5.000,0.330,1.652,0.051
108900,5.000,0.330,1.652,0.051
109100,5.000,0.330,1.652,0.051
109300,5.000,0.331,1.656,0.051
109500,5.000,0.331,1.656,0.051
109700,5.000,0.331,1.656,0.051
109900,5.000,0.331,1.656,0.051
110100,5.000,0.331,1.656,0.052
110300,5.000,0.331,1.656,0.052
110500,5.000,0.330,1.652,0.052
110700,5.000,0.330,1.652,0.052
110900,5.000,0.331,1.652,0.052
111100,5.000,0.331,1.652,0.052
111300,5.000,0.330,1.652,0.052
111500,5.000,0.331,1.652,0.052
111700,5.000,0.331,1.652,0.052
111900,5.000,0.331,1.656,0.052
112100,5.000,0.331,1.656,0.053
112300,5.000,0.331,1.652,0.053
112500,5.000,0.330,1.648,0.053
112700,5.000,0.330,1.648,0.053
112900,5.000,0.331,1.656,0.053
113100,5.000,0.330,1.652,0.053
113300,5.000,0.330,1.648,0.053
113500,5.000,0.330,1.648,0.053
113700,5.000,0.331,1.656,0.053
113900,5.000,0.332,1.660,0.053
114100,5.000,0.331,1.656,0.053
114300,5.000,0.331,1.656,0.054
114500,5.000,0.330,1.652,0.054
114700,5.000,0.331,1.656,0.054
114900,5.000,0.331,1.656,0.054
115100,5.000,0.331,1.656,0.054
115300,5.000,0.330,1.652,0.054
115500,5.000,0.330,1.652,0.054
115700,5.000,0.332,1.660,0.054
115900,5.000,0.332,1.660,0.054
116100,5.000,0.331,1.656,0.054
116300,5.000,0.330,1.652,0.054
116500,5.000,0.330,1.652,0.055
116700,5.000,0.330,1.652,0.055
116900,5.000,0.330,1.652,0.055
117100,5.000,0.330,1.648,0.055
117300,5.000,0.330,1.656,0.055
117500,5.000,0.330,1.656,0.055
117700,5.000,0.331,1.656,0.055
117900,5.000,0.331,1.656,0.055
118100,5.000,0.331,1.656,0.055
118300,5.000,0.331,1.652,0.055
118500,5.000,0.330,1.652,0.055
118700,5.000,0.332,1.660,0.056
118900,5.000,0.332,1.660,0.056
119100,5.000,0.330,1.648,0.056
119300,5.000,0.331,1.656,0.056
119500,5.000,0.331,1.656,0.056
119700,5.000,0.344,1.721,0.056
119900,5.000,0.344,1.721,0.056
120100,5.000,0.349,1.744,0.056
120300,5.000,0.330,1.648,0.056
120500,5.000,0.330,1.648,0.056
120700,5.000,0.331,1.656,0.057
120900,5.000,0.331,1.656,0.057
121100,5.000,0.331,1.656,0.057
121300,5.000,0.331,1.656,0.057
121500,5.000,0.331,1.656,0.057
121700,5.000,0.331,1.660,0.057
121900,5.000,0.331,1.652,0.057
122100,5.000,0.331,1.652,0.057
122300,5.000,0.330,1.652,0.057
122500,5.000,0.330,1.652,0.057
122700,5.000,0.330,1.652,0.058
122900,5.000,0.331,1.656,0.058
123100,5.000,0.331,1.656,0.058
123300,5.000,0.331,1.656,0.058
123500,5.000,0.332,1.660,0.058
123700,5.000,0.332,1.660,0.058
123900,5.000,0.331,1.656,0.058
124100,5.000,0.330,1.652,0.058
124300,5.000,0.330,1.652,0.058
124500,5.000,0.330,1.652,0.058
124700,5.000,0.332,1.660,0.058
124900,5.000,0.331,1.660,0.059
125100,5.000,0.331,1.656,0.059
125300,5.000,0.331,1.656,0.059
125500,5.000,0.331,1.656,0.059
125700,5.000,0.331,1.656,0.059
125900,5.000,0.331,1.656,0.059
126100,5.000,0.330,1.652,0.059
126300,5.000,0.330,1.652,0.059
126500,5.000,0.330,1.652,0.059
126700,5.000,0.331,1.656,0.059
126900,5.000,0.331,1.656,0.060
127100,5.000,0.331,1.656,0.060
127300,5.000,0.331,1.656,0.060
127500,5.000,0.331,1.656,0.060
127700,5.000,0.331,1.656,0.060
127900,5.000,0.331,1.656,0.060
128100,5.000,0.330,1.648,0.060
128300,5.000,0.330,1.652,0.060
128500,5.000,0.330,1.652,0.060
128700,5.000,0.330,1.652,0.060
128900,5.000,0.330,1.652,0.060
129100,5.000,0.330,1.652,0.061
129300,5.000,0.330,1.652,0.061
129500,5.000,0.331,1.656,0.061
129700,5.000,0.332,1.660,0.061
129900,5.000,0.331,1.656,0.061
130100,5.000,0.331,1.656,0.061
130300,5.000,0.330,1.652,0.061
130500,5.000,0.330,1.652,0.061
130700,5.000,0.330,1.652,0.061
130900,5.000,0.330,1.652,0.061
131100,5.000,0.330,1.652,0.061
131300,5.000,0.331,1.656,0.062
131500,5.000,0.331,1.656,0.062
131700,5.000,0.331,1.656,0.062
131900,5.000,0.330,1.652,0.062
132100,5.000,0.330,1.652,0.062
132300,5.000,0.330,1.652,0.062
132500,5.000,0.331,1.656,0.062
132700,5.000,0.330,1.648,0.062
132900,5.000,0.330,1.652,0.062
133100,5.000,0.330,1.652,0.062
133300,5.000,0.330,1.652,0.063
133500,5.000,0.331,1.656,0.063
133700,5.000,0.330,1.652,0.063
133900,5.000,0.330,1.652,0.063
134100,5.000,0.330,1.652,0.063
134300,5.000,0.331,1.656,0.063
134500,5.000,0.330,1.648,0.063
134700,5.000,0.330,1.648,0.063
134900,5.000,0.331,1.656,0.063
135100,5.000,0.331,1.660,0.063
135300,5.000,0.331,1.656,0.063
135500,5.000,0.331,1.656,0.064
135700,5.000,0.331,1.656,0.064
135900,5.000,0.331,1.652,0.064
136100,5.000,0.330,1.648,0.064
136300,5.000,0.330,1.648,0.064
136500,5.000,0.330,1.652,0.064
136700,5.000,0.330,1.652,0.064
136900,5.000,0.330,1.652,0.064
137100,5.000,0.331,1.656,0.064
137300,5.000,0.331,1.656,0.064
137500,5.000,0.331,1.656,0.065
137700,5.000,0.331,1.656,0.065
137900,5.000,0.331,1.656,0.065
138100,5.000,0.330,1.652,0.065
138300,5.000,0.330,1.652,0.065
138500,5.000,0.330,1.652,0.065
138700,5.000,0.330,1.652,0.065
138900,5.000,0.330,1.652,0.065
139100,5.000,0.332,1.660,0.065
139300,5.000,0.331,1.656,0.065
139500,5.000,0.331,1.656,0.065
139700,5.000,0.334,1.671,0.066
139900,5.000,0.331,1.656,0.066
140100,5.000,0.331,1.656,0.066
140300,5.000,0.331,1.656,0.066
140500,5.000,0.329,1.648,0.066
140700,5.000,0.330,1.656,0.066
140900,5.000,0.331,1.656,0.066
141100,5.000,0.331,1.656,0.066
141300,5.000,0.331,1.656,0.066
141500,5.000,0.330,1.652,0.066
141700,5.000,0.330,1.652,0.066
141900,5.000,0.330,1.652,0.067
142100,5.000,0.331,1.656,0.067
142300,5.000,0.330,1.652,0.067
142500,5.000,0.330,1.652,0.067
142700,5.000,0.330,1.652,0.067
142900,5.000,0.330,1.652,0.067
143100,5.000,0.331,1.656,0.067
143300,5.000,0.331,1.656,0.067
143500,5.000,0.331,1.652,0.067
143700,5.000,0.331,1.656,0.067
143900,5.000,0.330,1.648,0.068
144100,5.000,0.330,1.656,0.068
144300,5.000,0.330,1.656,0.068
144500,5.000,0.330,1.652,0.068
144700,5.000,0.330,1.652,0.068
144900,5.000,0.331,1.656,0.068
145100,5.000,0.331,1.656,0.068
145300,5.000,0.330,1.652,0.068
145500,5.000,0.331,1.656,0.068
145700,5.000,0.331,1.656,0.068
145900,5.000,0.331,1.660,0.068
146100,5.000,0.331,1.652,0.069
146300,5.000,0.331,1.656,0.069
146500,5.000,0.331,1.656,0.069
146700,5.000,0.330,1.652,0.069
146900,5.000,0.330,1.652,0.069
147100,5.000,0.331,1.656,0.069
147300,5.000,0.330,1.652,0.069
147500,5.000,0.330,1.652,0.069
147700,5.000,0.331,1.660,0.069
147900,5.000,0.331,1.656,0.069
148100,5.000,0.330,1.652,0.070
148300,5.000,0.330,1.652,0.070
148500,5.000,0.330,1.652,0.070
148700,5.000,0.330,1.648,0.070
148900,5.000,0.330,1.648,0.070
149100,5.000,0.330,1.652,0.070
149300,5.000,0.331,1.656,0.070
149500,5.000,0.331,1.656,0.070
149700,5.000,0.331,1.656,0.070
149900,5.000,0.333,1.667,0.070
150100,5.000,0.331,1.656,0.070
150300,5.000,0.330,1.652,0.071
150500,5.000,0.330,1.652,0.071
150700,5.000,0.330,1.652,0.071
150900,5.000,0.330,1.652,0.071
151100,5.000,0.331,1.656,0.071
151300,5.000,0.331,1.656,0.071
151500,5.000,0.330,1.652,0.071
151700,5.000,0.332,1.660,0.071
151900,5.000,0.331,1.656,0.071
152100,5.000,0.331,1.656,0.071
152300,5.000,0.330,1.648,0.071
152500,5.000,0.330,1.652,0.072
152700,5.000,0.330,1.652,0.072
152900,5.000,0.330,1.652,0.072
153100,5.000,0.330,1.652,0.072
153300,5.000,0.331,1.656,0.072
153500,5.000,0.331,1.656,0.072
153700,5.000,0.331,1.656,0.072
153900,5.000,0.331,1.652,0.072
154100,5.000,0.330,1.652,0.072
154300,5.000,0.330,1.648,0.072
154500,5.000,0.330,1.648,0.073
154700,5.000,0.332,1.660,0.073
154900,5.000,0.331,1.656,0.073
155100,5.000,0.330,1.648,0.073
155300,5.000,0.330,1.648,0.073
155500,5.000,0.330,1.652,0.073
155700,5.000,0.331,1.656,0.073
155900,5.000,0.330,1.652,0.073
156100,5.000,0.330,1.652,0.073
156300,5.000,0.330,1.652,0.073
156500,5.000,0.330,1.648,0.073
156700,5.000,0.330,1.648,0.074
156900,5.000,0.331,1.656,0.074
157100,5.000,0.330,1.648,0.074
157300,5.000,0.330,1.652,0.074
157500,5.000,0.331,1.656,0.074
157700,5.000,0.331,1.656,0.074
157900,5.000,0.331,1.656,0.074
158100,5.000,0.330,1.648,0.074
158300,5.000,0.330,1.652,0.074
158500,5.000,0.330,1.652,0.074
158700,5.000,0.330,1.652,0.075
158900,5.000,0.330,1.652,0.075
159100,5.000,0.330,1.652,0.075
159300,5.000,0.330,1.652,0.075
159500,5.000,0.331,1.652,0.075
159700,5.000,0.332,1.660,0.075
159900,5.000,0.332,1.660,0.075
160100,5.000,0.331,1.656,0.075
160300,5.000,0.330,1.652,0.075
160500,5.000,0.330,1.652,0.075
160700,5.000,0.330,1.652,0.075
160900,5.000,0.330,1.648,0.076
161100,5.000,0.330,1.652,0.076
161300,5.000,0.331,1.656,0.076
161500,5.000,0.331,1.656,0.076
161700,5.000,0.331,1.656,0.076
161900,5.000,0.331,1.656,0.076
162100,5.000,0.330,1.652,0.076
162300,5.000,0.330,1.652,0.076
162500,5.000,0.330,1.652,0.076
162700,5.000,0.330,1.652,0.076
162900,5.000,0.330,1.652,0.077
163100,5.000,0.330,1.652,0.077
163300,5.000,0.330,1.652,0.077
163500,5.000,0.332,1.660,0.077
163700,5.000,0.330,1.652,0.077
163900,5.000,0.330,1.652,0.077
164100,5.000,0.330,1.652,0.077
164300,5.000,0.330,1.652,0.077
164500,5.000,0.330,1.648,0.077
164700,5.000,0.331,1.660,0.077
164900,5.000,0.331,1.660,0.077
165100,5.000,0.329,1.648,0.078
165300,5.000,0.332,1.656,0.078
165500,5.000,0.332,1.656,0.078
165700,5.000,0.331,1.656,0.078
165900,5.000,0.330,1.652,0.078
166100,5.000,0.330,1.652,0.078
166300,5.000,0.330,1.652,0.078
166500,5.000,0.330,1.652,0.078
166700,5.000,0.330,1.652,0.078
166900,5.000,0.331,1.656,0.078
167100,5.000,0.331,1.656,0.078
167300,5.000,0.330,1.652,0.079
167500,5.000,0.331,1.656,0.079
167700,5.000,0.331,1.656,0.079
167900,5.000,0.330,1.652,0.079
168100,5.000,0.330,1.648,0.079
168300,5.000,0.330,1.652,0.079
168500,5.000,0.330,1.648,0.079
168700,5.000,0.330,1.648,0.079
168900,5.000,0.330,1.648,0.079
169100,5.000,0.330,1.652,0.079
169300,5.000,0.330,1.652,0.080
169500,5.000,0.330,1.652,0.080
169700,5.000,0.332,1.664,0.080
169900,5.000,0.330,1.656,0.080
170100,5.000,0.330,1.652,0.080
170300,5.000,0.330,1.652,0.080
170500,5.000,0.330,1.652,0.080
170700,5.000,0.330,1.652,0.080
170900,5.000,0.330,1.652,0.080
171100,5.000,0.330,1.652,0.080
171300,5.000,0.330,1.652,0.080
171500,5.000,0.331,1.656,0.081
171700,5.000,0.331,1.656,0.081
171900,5.000,0.331,1.656,0.081
172100,5.000,0.330,1.652,0.081
172300,5.000,0.330,1.648,0.081
172500,5.000,0.330,1.652,0.081
172700,5.000,0.330,1.652,0.081
172900,5.000,0.329,1.648,0.081
173100,5.000,0.330,1.652,0.081
173300,5.000,0.330,1.652,0.081
173500,5.000,0.330,1.652,0.082
173700,5.000,0.331,1.656,0.082
173900,5.000,0.331,1.656,0.082
174100,5.000,0.331,1.656,0.082
174300,5.000,0.331,1.656,0.082
174500,5.000,0.330,1.652,0.082
174700,5.000,0.332,1.660,0.082
174900,5.000,0.332,1.660,0.082
175100,5.000,0.330,1.652,0.082
175300,5.000,0.330,1.652,0.082
175500,5.000,0.331,1.656,0.082
175700,5.000,0.331,1.656,0.083
175900,5.000,0.331,1.656,0.083
176100,5.000,0.330,1.652,0.083
176300,5.000,0.329,1.648,0.083
176500,5.000,0.329,1.648,0.083
176700,5.000,0.330,1.648,0.083
176900,5.000,0.330,1.652,0.083
177100,5.000,0.331,1.656,0.083
177300,5.000,0.331,1.656,0.083
177500,5.000,0.330,1.652,0.083
177700,5.000,0.330,1.652,0.083
177900,5.000,0.331,1.656,0.084
178100,5.000,0.331,1.656,0.084
178300,5.000,0.341,1.706,0.084
178500,5.000,0.346,1.729,0.084
178700,5.000,0.330,1.652,0.084
178900,5.000,0.331,1.656,0.084
179100,5.000,0.331,1.656,0.084
179300,5.000,0.341,1.709,0.084
179500,5.000,0.346,1.729,0.084
179700,5.000,0.346,1.729,0.084
179900,5.000,0.333,1.667,0.085
180100,5.000,0.329,1.648,0.085
180300,5.000,0.330,1.656,0.085
180500,5.000,0.330,1.656,0.085
180700,5.000,0.330,1.652,0.085
180900,5.000,0.331,1.656,0.085
181100,5.000,0.331,1.656,0.085
181300,5.000,0.331,1.656,0.085
181500,5.000,0.330,1.652,0.085
181700,5.000,0.330,1.652,0.085
181900,5.000,0.330,1.652,0.085
182100,5.000,0.330,1.648,0.086
182300,5.000,0.330,1.648,0.086
182500,5.000,0.330,1.652,0.086
182700,5.000,0.331,1.652,0.086
182900,5.000,0.331,1.652,0.086
183100,5.000,0.331,1.656,0.086
183300,5.000,0.330,1.652,0.086
183500,5.000,0.330,1.648,0.086
183700,5.000,0.330,1.648,0.086
183900,5.000,0.330,1.652,0.086
184100,5.000,0.330,1.648,0.087
184300,5.000,0.330,1.652,0.087
184500,5.000,0.330,1.652,0.087
184700,5.000,0.330,1.652,0.087
184900,5.000,0.330,1.652,0.087
185100,5.000,0.330,1.652,0.087
185300,5.000,0.331,1.656,0.087
185500,5.000,0.330,1.652,0.087
185700,5.000,0.330,1.652,0.087
185900,5.000,0.330,1.652,0.087
186100,5.000,0.330,1.652,0.088
186300,5.000,0.330,1.652,0.088
186500,5.000,0.330,1.652,0.088
186700,5.000,0.331,1.656,0.088
186900,5.000,0.331,1.656,0.088
187100,5.000,0.331,1.656,0.088
187300,5.000,0.330,1.652,0.088
187500,5.000,0.330,1.652,0.088
187700,5.000,0.330,1.652,0.088
187900,5.000,0.330,1.652,0.088
188100,5.000,0.330,1.648,0.088
188300,5.000,0.330,1.648,0.089
188500,5.000,0.330,1.652,0.089
188700,5.000,0.330,1.652,0.089
188900,5.000,0.331,1.656,0.089
189100,5.000,0.330,1.652,0.089
189300,5.000,0.330,1.652,0.089
189500,5.000,0.330,1.652,0.089
189700,5.000,0.336,1.679,0.089
189900,5.000,0.337,1.687,0.089
190100,5.000,0.337,1.687,0.089
190300,5.000,0.330,1.652,0.089
190500,5.000,0.330,1.652,0.090
190700,5.000,0.330,1.652,0.090
190900,5.000,0.330,1.656,0.090
191100,5.000,0.331,1.656,0.090
191300,5.000,0.330,1.648,0.090
191500,5.000,0.330,1.648,0.090
191700,5.000,0.331,1.656,0.090
191900,5.000,0.330,1.648,0.090
192100,5.000,0.330,1.648,0.090
192300,5.000,0.330,1.648,0.090
192500,5.000,0.330,1.652,0.091
192700,5.000,0.331,1.656,0.091
192900,5.000,0.330,1.652,0.091
193100,5.000,0.330,1.652,0.091
193300,5.000,0.330,1.652,0.091
193500,5.000,0.330,1.652,0.091
193700,5.000,0.330,1.652,0.091
193900,5.000,0.330,1.652,0.091
194100,5.000,0.330,1.648,0.091
194300,5.000,0.330,1.648,0.091
194500,5.000,0.331,1.652,0.091
194700,5.000,0.331,1.652,0.092
194900,5.000,0.332,1.664,0.092
195100,5.000,0.331,1.656,0.092
195300,5.000,0.331,1.652,0.092
195500,5.000,0.331,1.652,0.092
195700,5.000,0.330,1.652,0.092
195900,5.000,0.330,1.648,0.092
196100,5.000,0.329,1.648,0.092
196300,5.000,0.329,1.648,0.092
196500,5.000,0.330,1.652,0.092
196700,5.000,0.331,1.652,0.093
196900,5.000,0.331,1.656,0.093
197100,5.000,0.331,1.656,0.093
197300,5.000,0.330,1.652,0.093
197500,5.000,0.330,1.652,0.093
197700,5.000,0.330,1.648,0.093
197900,5.000,0.330,1.648,0.093
198100,5.000,0.330,1.652,0.093
198300,5.000,0.330,1.652,0.093
198500,5.000,0.330,1.652,0.093
198700,5.000,0.331,1.656,0.093
198900,5.000,0.331,1.656,0.094
199100,5.000,0.330,1.652,0.094
199300,5.000,0.330,1.652,0.094
199500,5.000,0.330,1.652,0.094
199700,5.000,0.331,1.656,0.094
199900,5.000,0.330,1.648,0.094
200100,5.000,0.330,1.652,0.094
200300,5.000,0.330,1.652,0.094
200500,5.000,0.331,1.652,0.094
200700,5.000,0.331,1.656,0.094
200900,5.000,0.331,1.656,0.094
201100,5.000,0.331,1.656,0.095
201300,5.000,0.330,1.652,0.095
201500,5.000,0.330,1.652,0.095
201700,5.000,0.330,1.652,0.095
201900,5.000,0.330,1.652,0.095
202100,5.000,0.330,1.648,0.095
202300,5.000,0.331,1.656,0.095
202500,5.000,0.331,1.656,0.095
202700,5.000,0.331,1.656,0.095
202900,5.000,0.331,1.656,0.095
203100,5.000,0.330,1.652,0.096
203300,5.000,0.330,1.652,0.096
203500,5.000,0.330,1.652,0.096
203700,5.000,0.330,1.652,0.096
203900,5.000,0.330,1.648,0.096
204100,5.000,0.331,1.656,0.096
204300,5.000,0.331,1.656,0.096
204500,5.000,0.332,1.660,0.096
204700,5.000,0.331,1.656,0.096
204900,5.000,0.331,1.656,0.096
205100,5.000,0.331,1.656,0.096
205300,5.000,0.332,1.660,0.097
205500,5.000,0.330,1.652,0.097
205700,5.000,0.330,1.652,0.097
205900,5.000,0.330,1.656,0.097
206100,5.000,0.330,1.652,0.097
206300,5.000,0.338,1.690,0.097
206500,5.000,0.332,1.664,0.097
206700,5.000,0.332,1.664,0.097
206900,5.000,0.329,1.648,0.097
207100,5.000,0.330,1.648,0.097
207300,5.000,0.330,1.648,0.098
207500,5.000,0.330,1.652,0.098
207700,5.000,0.330,1.652,0.098
207900,5.000,0.330,1.656,0.098
208100,5.000,0.330,1.656,0.098
208300,5.000,0.330,1.652,0.098
208500,5.000,0.331,1.656,0.098
208700,5.000,0.330,1.652,0.098
208900,5.000,0.330,1.652,0.098
209100,5.000,0.329,1.648,0.098
209300,5.000,0.330,1.652,0.098
209500,5.000,0.330,1.652,0.099
209700,5.000,0.330,1.652,0.099
209900,5.000,0.332,1.660,0.099
210100,5.000,0.331,1.656,0.099
210300,5.000,0.331,1.656,0.099
210500,5.000,0.331,1.656,0.099
210700,5.000,0.330,1.648,0.099
210900,5.000,0.330,1.652,0.099
211100,5.000,0.330,1.652,0.099
211300,5.000,0.330,1.652,0.099
211500,5.000,0.330,1.652,0.100
211700,5.000,0.330,1.652,0.100
211900,5.000,0.331,1.656,0.100
212100,5.000,0.331,1.656,0.100
212300,5.000,0.331,1.656,0.100
212500,5.000,0.330,1.648,0.100
212700,5.000,0.330,1.648,0.100
212900,5.000,0.330,1.648,0.100
213100,5.000,0.330,1.652,0.100
213300,5.000,0.329,1.645,0.100
213500,5.000,0.330,1.652,0.100
213700,5.000,0.330,1.652,0.101
213900,5.000,0.330,1.652,0.101
214100,5.000,0.331,1.656,0.101
214300,5.000,0.331,1.656,0.101
214500,5.000,0.331,1.656,0.101
214700,5.000,0.330,1.652,0.101
214900,5.000,0.330,1.652,0.101
215100,5.000,0.330,1.652,0.101
215300,5.000,0.330,1.652,0.101
215500,5.000,0.330,1.648,0.101
215700,5.000,0.331,1.652,0.101
215900,5.000,0.331,1.652,0.102
216100,5.000,0.331,1.656,0.102
216300,5.000,0.330,1.652,0.102
216500,5.000,0.330,1.652,0.102
216700,5.000,0.330,1.652,0.102
216900,5.000,0.329,1.645,0.102
217100,5.000,0.330,1.648,0.102
217300,5.000,0.330,1.648,0.102
217500,5.000,0.330,1.652,0.102
217700,5.000,0.330,1.652,0.102
217900,5.000,0.331,1.656,0.103
218100,5.000,0.331,1.656,0.103
218300,5.000,0.331,1.656,0.103
218500,5.000,0.330,1.652,0.103
218700,5.000,0.330,1.652,0.103
218900,5.000,0.330,1.648,0.103
219100,5.000,0.330,1.648,0.103
219300,5.000,0.330,1.652,0.103
219500,5.000,0.330,1.652,0.103
219700,5.000,0.334,1.671,0.103
219900,5.000,0.334,1.671,0.103
220100,5.000,0.331,1.656,0.104
220300,5.000,0.330,1.652,0.104
220500,5.000,0.330,1.648,0.104
220700,5.000,0.330,1.648,0.104
220900,5.000,0.330,1.648,0.104
221100,5.000,0.329,1.648,0.104
221300,5.000,0.330,1.656,0.104
221500,5.000,0.330,1.656,0.104
221700,5.000,0.331,1.656,0.104
221900,5.000,0.330,1.652,0.104
222100,5.000,0.330,1.652,0.105
222300,5.000,0.330,1.652,0.105
222500,5.000,0.330,1.648,0.105
222700,5.000,0.331,1.652,0.105
222900,5.000,0.330,1.652,0.105
223100,5.000,0.330,1.652,0.105
223300,5.000,0.329,1.648,0.105
223500,5.000,0.331,1.652,0.105
223700,5.000,0.331,1.652,0.105
223900,5.000,0.330,1.652,0.105
224100,5.000,0.330,1.652,0.105
224300,5.000,0.330,1.652,0.106
224500,5.000,0.330,1.648,0.106
224700,5.000,0.330,1.648,0.106
224900,5.000,0.332,1.660,0.106
225100,5.000,0.330,1.652,0.106
225300,5.000,0.330,1.648,0.106
225500,5.000,0.330,1.648,0.106
225700,5.000,0.331,1.660,0.106
225900,5.000,0.330,1.656,0.106
226100,5.000,0.330,1.652,0.106
226300,5.000,0.330,1.652,0.106
226500,5.000,0.330,1.652,0.107
226700,5.000,0.330,1.652,0.107
226900,5.000,0.330,1.652,0.107
227100,5.000,0.330,1.652,0.107
227300,5.000,0.330,1.652,0.107
227500,5.000,0.330,1.652,0.107
227700,5.000,0.331,1.656,0.107
227900,5.000,0.331,1.656,0.107
228100,5.000,0.330,1.648,0.107
228300,5.000,0.330,1.652,0.107
228500,5.000,0.331,1.656,0.108
228700,5.000,0.331,1.656,0.108
228900,5.000,0.329,1.645,0.108
229100,5.000,0.330,1.648,0.108
229300,5.000,0.330,1.648,0.108
229500,5.000,0.330,1.652,0.108
229700,5.000,0.332,1.660,0.108
229900,5.000,0.331,1.656,0.108
230100,5.000,0.331,1.656,0.108
230300,5.000,0.330,1.652,0.108
230500,5.000,0.331,1.656,0.108
230700,5.000,0.330,1.652,0.109
230900,5.000,0.329,1.645,0.109
231100,5.000,0.329,1.645,0.109
231300,5.000,0.330,1.652,0.109
231500,5.000,0.331,1.656,0.109
231700,5.000,0.331,1.656,0.109
231900,5.000,0.331,1.656,0.109
232100,5.000,0.331,1.656,0.109
232300,5.000,0.330,1.648,0.109
232500,5.000,0.330,1.648,0.109
232700,5.000,0.330,1.652,0.110
232900,5.000,0.330,1.648,0.110
233100,5.000,0.330,1.648,0.110
233300,5.000,0.330,1.648,0.110
233500,5.000,0.332,1.656,0.110
233700,5.000,0.331,1.656,0.110
233900,5.000,0.330,1.652,0.110
234100,5.000,0.330,1.652,0.110
234300,5.000,0.330,1.652,0.110
234500,5.000,0.330,1.652,0.110
234700,5.000,0.331,1.656,0.110
234900,5.000,0.330,1.652,0.111
235100,5.000,0.330,1.652,0.111
235300,5.000,0.331,1.656,0.111
235500,5.000,0.332,1.660,0.111
235700,5.000,0.332,1.660,0.111
235900,5.000,0.330,1.652,0.111
236100,5.000,0.330,1.648,0.111
236300,5.000,0.330,1.652,0.111
236500,5.000,0.330,1.652,0.111
236700,5.000,0.342,1.713,0.111
236900,5.000,0.345,1.729,0.111
237100,5.000,0.331,1.656,0.112
237300,5.000,0.331,1.656,0.112
237500,5.000,0.331,1.656,0.112
237700,5.000,0.331,1.656,0.112
237900,5.000,0.330,1.652,0.112
238100,5.000,0.330,1.652,0.112
238300,5.000,0.330,1.652,0.112
238500,5.000,0.330,1.648,0.112
238700,5.000,0.330,1.652,0.112
238900,5.000,0.330,1.652,0.112
239100,5.000,0.330,1.652,0.113
239300,5.000,0.331,1.656,0.113
239500,5.000,0.331,1.656,0.113
239700,5.000,0.331,1.656,0.113
239900,5.000,0.331,1.656,0.113
240100,5.000,0.330,1.652,0.113
240300,5.000,0.330,1.652,0.113
240500,5.000,0.330,1.652,0.113
240700,5.000,0.330,1.652,0.113
240900,5.000,0.331,1.656,0.113
241100,5.000,0.331,1.656,0.113
241300,5.000,0.332,1.660,0.114
241500,5.000,0.331,1.656,0.114
241700,5.000,0.331,1.656,0.114
241900,5.000,0.330,1.652,0.114
242100,5.000,0.330,1.652,0.114
242300,5.000,0.331,1.652,0.114
242500,5.000,0.330,1.652,0.114
242700,5.000,0.331,1.656,0.114
242900,5.000,0.331,1.656,0.114
243100,5.000,0.331,1.656,0.114
243300,5.000,0.331,1.656,0.115
243500,5.000,0.331,1.656,0.115
243700,5.000,0.330,1.652,0.115
243900,5.000,0.330,1.652,0.115
244100,5.000,0.330,1.652,0.115
244300,5.000,0.330,1.652,0.115
244500,5.000,0.331,1.656,0.115
244700,5.000,0.334,1.667,0.115
244900,5.000,0.331,1.656,0.115
245100,5.000,0.331,1.656,0.115
245300,5.000,0.331,1.656,0.115
245500,5.000,0.331,1.656,0.116
245700,5.000,0.330,1.652,0.116
245900,5.000,0.331,1.656,0.116
246100,5.000,0.331,1.656,0.116
246300,5.000,0.331,1.656,0.116
246500,5.000,0.330,1.648,0.116
246700,5.000,0.330,1.648,0.116
246900,5.000,0.330,1.652,0.116
247100,5.000,0.331,1.656,0.116
247300,5.000,0.331,1.656,0.116
247500,5.000,0.331,1.656,0.117
247700,5.000,0.331,1.656,0.117
247900,5.000,0.330,1.652,0.117
248100,5.000,0.338,1.694,0.117
248300,5.000,0.334,1.671,0.117
248500,5.000,0.334,1.671,0.117
248700,5.000,0.330,1.648,0.117
248900,5.000,0.330,1.648,0.117
249100,5.000,0.330,1.652,0.117
249300,5.000,0.330,1.652,0.117
249500,5.000,0.330,1.652,0.117
249700,5.000,0.332,1.660,0.118
249900,5.000,0.332,1.660,0.118
250100,5.000,0.331,1.656,0.118
250300,5.000,0.331,1.656,0.118
250500,5.000,0.330,1.652,0.118
250700,5.000,0.330,1.652,0.118
250900,5.000,0.330,1.652,0.118
251100,5.000,0.330,1.652,0.118
251300,5.000,0.330,1.656,0.118
251500,5.000,0.331,1.656,0.118
251700,5.000,0.331,1.652,0.118
251900,5.000,0.331,1.660,0.119
252100,5.000,0.331,1.656,0.119
252300,5.000,0.331,1.656,0.119
252500,5.000,0.330,1.652,0.119
252700,5.000,0.330,1.652,0.119
252900,5.000,0.330,1.652,0.119
253100,5.000,0.330,1.652,0.119
253300,5.000,0.330,1.656,0.119
253500,5.000,0.331,1.656,0.119
253700,5.000,0.331,1.656,0.119
253900,5.000,0.331,1.656,0.120
254100,5.000,0.331,1.656,0.120
254300,5.000,0.331,1.656,0.120
254500,5.000,0.331,1.656,0.120
254700,5.000,0.330,1.652,0.120
254900,5.000,0.337,1.687,0.120
255100,5.000,0.331,1.656,0.120
255300,5.000,0.331,1.656,0.120
255500,5.000,0.331,1.656,0.120
255700,5.000,0.332,1.660,0.120
255900,5.000,0.331,1.656,0.121
256100,5.000,0.331,1.656,0.121
256300,5.000,0.331,1.656,0.121
256500,5.000,0.330,1.652,0.121
256700,5.000,0.331,1.656,0.121
256900,5.000,0.330,1.652,0.121
257100,5.000,0.330,1.652,0.121
257300,5.000,0.330,1.652,0.121
257500,5.000,0.331,1.656,0.121
257700,5.000,0.331,1.656,0.121
257900,5.000,0.331,1.660,0.121
258100,5.000,0.331,1.652,0.122
258300,5.000,0.331,1.656,0.122
258500,5.000,0.331,1.656,0.122
258700,5.000,0.331,1.656,0.122
258900,5.000,0.330,1.648,0.122
259100,5.000,0.330,1.652,0.122
259300,5.000,0.330,1.656,0.122
259500,5.000,0.330,1.656,0.122
259700,5.000,0.335,1.675,0.122
259900,5.000,0.331,1.656,0.122
260100,5.000,0.331,1.660,0.122
260300,5.000,0.331,1.660,0.123
260500,5.000,0.330,1.652,0.123
260700,5.000,0.330,1.648,0.123
260900,5.000,0.330,1.648,0.123
261100,5.000,0.330,1.652,0.123
261300,5.000,0.331,1.656,0.123
261500,5.000,0.331,1.656,0.123
261700,5.000,0.331,1.656,0.123
261900,5.000,0.331,1.656,0.123
262100,5.000,0.332,1.660,0.123
262300,5.000,0.331,1.652,0.124
262500,5.000,0.331,1.656,0.124
262700,5.000,0.331,1.656,0.124
262900,5.000,0.330,1.648,0.124
263100,5.000,0.330,1.652,0.124
263300,5.000,0.330,1.652,0.124
263500,5.000,0.331,1.656,0.124
263700,5.000,0.331,1.656,0.124
263900,5.000,0.331,1.656,0.124
264100,5.000,0.331,1.656,0.124
264300,5.000,0.331,1.656,0.124
264500,5.000,0.330,1.652,0.125
264700,5.000,0.332,1.660,0.125
264900,5.000,0.332,1.660,0.125
265100,5.000,0.330,1.652,0.125
265300,5.000,0.331,1.656,0.125
265500,5.000,0.331,1.656,0.125
265700,5.000,0.332,1.660,0.125
265900,5.000,0.331,1.656,0.125
266100,5.000,0.331,1.660,0.125
266300,5.000,0.331,1.656,0.125
266500,5.000,0.331,1.656,0.126
266700,5.000,0.330,1.652,0.126
266900,5.000,0.330,1.656,0.126
267100,5.000,0.330,1.652,0.126
267300,5.000,0.330,1.652,0.126
267500,5.000,0.331,1.656,0.126
267700,5.000,0.330,1.656,0.126
267900,5.000,0.331,1.656,0.126
268100,5.000,0.331,1.656,0.126
268300,5.000,0.331,1.656,0.126
268500,5.000,0.330,1.652,0.126
268700,5.000,0.330,1.652,0.127
268900,5.000,0.330,1.652,0.127
269100,5.000,0.330,1.652,0.127
269300,5.000,0.331,1.656,0.127
269500,5.000,0.331,1.656,0.127
269700,5.000,0.331,1.656,0.127
269900,5.000,0.332,1.660,0.127
270100,5.000,0.330,1.648,0.127
270300,5.000,0.332,1.660,0.127
270500,5.000,0.332,1.660,0.127
270700,5.000,0.330,1.652,0.128
270900,5.000,0.330,1.652,0.128
271100,5.000,0.330,1.652,0.128
271300,5.000,0.330,1.652,0.128
271500,5.000,0.331,1.656,0.128
271700,5.000,0.331,1.660,0.128
271900,5.000,0.331,1.660,0.128
272100,5.000,0.331,1.656,0.128
272300,5.000,0.331,1.656,0.128
272500,5.000,0.330,1.652,0.128
272700,5.000,0.330,1.652,0.128
272900,5.000,0.330,1.648,0.129
273100,5.000,0.330,1.652,0.129
273300,5.000,0.331,1.656,0.129
273500,5.000,0.331,1.656,0.129
273700,5.000,0.331,1.656,0.129
273900,5.000,0.331,1.656,0.129
274100,5.000,0.331,1.656,0.129
274300,5.000,0.331,1.656,0.129
274500,5.000,0.331,1.656,0.129
274700,5.000,0.331,1.656,0.129
274900,5.000,0.330,1.648,0.129
275100,5.000,0.330,1.648,0.130
275300,5.000,0.331,1.656,0.130
275500,5.000,0.331,1.656,0.130
275700,5.000,0.330,1.656,0.130
275900,5.000,0.330,1.656,0.130
276100,5.000,0.331,1.656,0.130
276300,5.000,0.331,1.656,0.130
276500,5.000,0.330,1.652,0.130
276700,5.000,0.331,1.656,0.130
276900,5.000,0.331,1.656,0.130
277100,5.000,0.330,1.648,0.131
277300,5.000,0.331,1.656,0.131
277500,5.000,0.331,1.656,0.131
277700,5.000,0.332,1.660,0.131
277900,5.000,0.330,1.656,0.131
278100,5.000,0.331,1.656,0.131
278300,5.000,0.331,1.656,0.131
278500,5.000,0.330,1.652,0.131
278700,5.000,0.330,1.656,0.131
278900,5.000,0.330,1.652,0.131
279100,5.000,0.330,1.652,0.131
279300,5.000,0.331,1.656,0.132
279500,5.000,0.331,1.660,0.132
279700,5.000,0.331,1.660,0.132
279900,5.000,0.330,1.652,0.132
280100,5.000,0.330,1.652,0.132
280300,5.000,0.330,1.652,0.132
280500,5.000,0.330,1.648,0.132
280700,5.000,0.330,1.648,0.132
280900,5.000,0.330,1.652,0.132
281100,5.000,0.331,1.656,0.132
281300,5.000,0.331,1.656,0.133
281500,5.000,0.331,1.656,0.133
281700,5.000,0.331,1.660,0.133
281900,5.000,0.330,1.652,0.133
282100,5.000,0.331,1.656,0.133
282300,5.000,0.331,1.656,0.133
282500,5.000,0.330,1.652,0.133
282700,5.000,0.330,1.648,0.133
282900,5.000,0.330,1.648,0.133
283100,5.000,0.330,1.652,0.133
283300,5.000,0.332,1.660,0.133
283500,5.000,0.330,1.652,0.134
283700,5.000,0.331,1.652,0.134
283900,5.000,0.331,1.652,0.134
284100,5.000,0.331,1.656,0.134
284300,5.000,0.330,1.648,0.134
284500,5.000,0.331,1.656,0.134
284700,5.000,0.331,1.656,0.134
284900,5.000,0.331,1.656,0.134
285100,5.000,0.331,1.656,0.134
285300,5.000,0.331,1.656,0.134
285500,5.000,0.331,1.656,0.134
285700,5.000,0.331,1.652,0.135
285900,5.000,0.331,1.656,0.135
286100,5.000,0.331,1.656,0.135
286300,5.000,0.330,1.652,0.135
286500,5.000,0.330,1.652,0.135
286700,5.000,0.331,1.656,0.135
286900,5.000,0.330,1.652,0.135
287100,5.000,0.330,1.652,0.135
287300,5.000,0.331,1.656,0.135
287500,5.000,0.330,1.656,0.135
287700,5.000,0.331,1.652,0.136
287900,5.000,0.331,1.652,0.136
288100,5.000,0.331,1.656,0.136
288300,5.000,0.330,1.652,0.136
288500,5.000,0.330,1.652,0.136
288700,5.000,0.330,1.648,0.136
288900,5.000,0.331,1.656,0.136
289100,5.000,0.331,1.656,0.136
289300,5.000,0.331,1.656,0.136
289500,5.000,0.331,1.656,0.136
289700,5.000,0.333,1.664,0.136
289900,5.000,0.330,1.652,0.137
290100,5.000,0.330,1.652,0.137
290300,5.000,0.331,1.656,0.137
290500,5.000,0.330,1.648,0.137
290700,5.000,0.331,1.656,0.137
290900,5.000,0.332,1.656,0.137
291100,5.000,0.332,1.656,0.137
291300,5.000,0.331,1.656,0.137
291500,5.000,0.331,1.660,0.137
291700,5.000,0.331,1.660,0.137
291900,5.000,0.331,1.656,0.138
292100,5.000,0.330,1.648,0.138
292300,5.000,0.330,1.648,0.138
292500,5.000,0.330,1.648,0.138
292700,5.000,0.330,1.652,0.138
292900,5.000,0.331,1.652,0.138
293100,5.000,0.331,1.660,0.138
293300,5.000,0.331,1.660,0.138
293500,5.000,0.331,1.656,0.138
293700,5.000,0.332,1.664,0.138
293900,5.000,0.330,1.652,0.138
294100,5.000,0.330,1.652,0.139
294300,5.000,0.330,1.652,0.139
294500,5.000,0.330,1.652,0.139
294700,5.000,0.333,1.664,0.139
294900,5.000,0.333,1.664,0.139
295100,5.000,0.346,1.732,0.139
295300,5.000,0.348,1.740,0.139
295500,5.000,0.331,1.656,0.139
295700,5.000,0.331,1.656,0.139
295900,5.000,0.331,1.656,0.139
296100,5.000,0.330,1.652,0.140
296300,5.000,0.330,1.652,0.140
296500,5.000,0.330,1.652,0.140
296700,5.000,0.330,1.652,0.140
296900,5.000,0.331,1.656,0.140
297100,5.000,0.331,1.656,0.140
297300,5.000,0.332,1.660,0.140
297500,5.000,0.331,1.656,0.140
297700,5.000,0.330,1.652,0.140
297900,5.000,0.330,1.652,0.140
298100,5.000,0.330,1.652,0.140
298300,5.000,0.330,1.652,0.141
298500,5.000,0.331,1.652,0.141
298700,5.000,0.331,1.656,0.141
298900,5.000,0.331,1.656,0.141
299100,5.000,0.330,1.652,0.141
299300,5.000,0.331,1.656,0.141
299500,5.000,0.331,1.656,0.141
299700,5.000,0.331,1.656,0.141
299900,5.000,0.332,1.664,0.141
300100,5.000,0.330,1.652,0.141
300300,5.000,0.330,1.652,0.141
300500,5.000,0.330,1.652,0.142
300700,5.000,0.331,1.656,0.142
300900,5.000,0.331,1.656,0.142
301100,5.000,0.331,1.656,0.142
301300,5.000,0.331,1.656,0.142
301500,5.000,0.332,1.660,0.142
301700,5.000,0.330,1.652,0.142
301900,5.000,0.330,1.652,0.142
302100,5.000,0.330,1.652,0.142
302300,5.000,0.330,1.652,0.142
302500,5.000,0.330,1.656,0.143
302700,5.000,0.330,1.656,0.143
302900,5.000,0.330,1.652,0.143
303100,5.000,0.331,1.656,0.143
303300,5.000,0.331,1.656,0.143
303500,5.000,0.331,1.656,0.143
303700,5.000,0.330,1.652,0.143
303900,5.000,0.331,1.656,0.143
304100,5.000,0.330,1.652,0.143
304300,5.000,0.331,1.656,0.143
304500,5.000,0.331,1.656,0.144
304700,5.000,0.330,1.652,0.144
304900,5.000,0.330,1.652,0.144
305100,5.000,0.330,1.652,0.144
305300,5.000,0.330,1.652,0.144
305500,5.000,0.331,1.656,0.144
305700,5.000,0.331,1.656,0.144
305900,5.000,0.331,1.656,0.144
306100,5.000,0.330,1.652,0.144
306300,5.000,0.330,1.648,0.144
306500,5.000,0.330,1.652,0.144
306700,5.000,0.330,1.652,0.145
306900,5.000,0.330,1.652,0.145
307100,5.000,0.330,1.652,0.145
307300,5.000,0.330,1.652,0.145
307500,5.000,0.332,1.660,0.145
307700,5.000,0.330,1.652,0.145
307900,5.000,0.331,1.656,0.145
308100,5.000,0.330,1.652,0.145
308300,5.000,0.330,1.652,0.145
308500,5.000,0.330,1.648,0.145
308700,5.000,0.330,1.652,0.145
308900,5.000,0.330,1.652,0.146
309100,5.000,0.330,1.652,0.146
309300,5.000,0.332,1.660,0.146
309500,5.000,0.332,1.660,0.146
309700,5.000,0.332,1.660,0.146
309900,5.000,0.332,1.660,0.146
310100,5.000,0.331,1.656,0.146
310300,5.000,0.331,1.656,0.146
310500,5.000,0.331,1.656,0.146
310700,5.000,0.330,1.648,0.146
310900,5.000,0.331,1.652,0.147
311100,5.000,0.331,1.656,0.147
311300,5.000,0.331,1.656,0.147
311500,5.000,0.331,1.656,0.147
311700,5.000,0.331,1.656,0.147
311900,5.000,0.331,1.656,0.147
312100,5.000,0.331,1.656,0.147
312300,5.000,0.331,1.656,0.147
312500,5.000,0.330,1.652,0.147
312700,5.000,0.330,1.652,0.147
312900,5.000,0.331,1.656,0.147
313100,5.000,0.331,1.656,0.148
313300,5.000,0.330,1.652,0.148
313500,5.000,0.331,1.656,0.148
313700,5.000,0.331,1.656,0.148
313900,5.000,0.331,1.652,0.148
314100,5.000,0.331,1.656,0.148
314300,5.000,0.330,1.652,0.148
314500,5.000,0.330,1.652,0.148
314700,5.000,0.330,1.652,0.148
314900,5.000,0.332,1.660,0.148
315100,5.000,0.331,1.656,0.149
315300,5.000,0.330,1.652,0.149
315500,5.000,0.330,1.652,0.149
315700,5.000,0.331,1.656,0.149
315900,5.000,0.331,1.656,0.149
316100,5.000,0.331,1.656,0.149
316300,5.000,0.331,1.656,0.149
316500,5.000,0.331,1.656,0.149
316700,5.000,0.330,1.648,0.149
316900,5.000,0.330,1.648,0.149
317100,5.000,0.330,1.652,0.149
317300,5.000,0.330,1.652,0.150
317500,5.000,0.331,1.656,0.150
317700,5.000,0.331,1.656,0.150
317900,5.000,0.331,1.656,0.150
318100,5.000,0.332,1.660,0.150
318300,5.000,0.330,1.652,0.150
318500,5.000,0.330,1.652,0.150
318700,5.000,0.330,1.652,0.150
318900,5.000,0.330,1.652,0.150
319100,5.000,0.330,1.652,0.150
319300,5.000,0.330,1.652,0.151
319500,5.000,0.330,1.652,0.151
319700,5.000,0.331,1.656,0.151
319900,5.000,0.332,1.664,0.151
320100,5.000,0.332,1.664,0.151
320300,5.000,0.330,1.652,0.151
320500,5.000,0.330,1.652,0.151
320700,5.000,0.330,1.652,0.151
320900,5.000,0.330,1.652,0.151
321100,5.000,0.330,1.652,0.151
321300,5.000,0.330,1.652,0.151
321500,5.000,0.330,1.652,0.152
321700,5.000,0.331,1.656,0.152
321900,5.000,0.331,1.656,0.152
322100,5.000,0.332,1.660,0.152
322300,5.000,0.331,1.660,0.152
322500,5.000,0.331,1.660,0.152
322700,5.000,0.330,1.652,0.152
322900,5.000,0.330,1.652,0.152
323100,5.000,0.331,1.656,0.152
323300,5.000,0.331,1.656,0.152
323500,5.000,0.331,1.656,0.152
323700,5.000,0.331,1.656,0.153
323900,5.000,0.332,1.660,0.153
324100,5.000,0.332,1.660,0.153
324300,5.000,0.331,1.656,0.153
324500,5.000,0.330,1.652,0.153
324700,5.000,0.330,1.652,0.153
324900,5.000,0.334,1.671,0.153
325100,5.000,0.330,1.652,0.153
325300,5.000,0.330,1.652,0.153
325500,5.000,0.331,1.656,0.153
325700,5.000,0.331,1.656,0.154
325900,5.000,0.330,1.652,0.154
326100,5.000,0.331,1.656,0.154
326300,5.000,0.331,1.656,0.154
326500,5.000,0.331,1.656,0.154
326700,5.000,0.330,1.656,0.154
326900,5.000,0.330,1.652,0.154
327100,5.000,0.331,1.656,0.154
327300,5.000,0.331,1.656,0.154
327500,5.000,0.331,1.656,0.154
327700,5.000,0.331,1.656,0.154
327900,5.000,0.331,1.656,0.155
328100,5.000,0.332,1.656,0.155
328300,5.000,0.331,1.656,0.155
328500,5.000,0.331,1.656,0.155
328700,5.000,0.330,1.652,0.155
328900,5.000,0.330,1.652,0.155
329100,5.000,0.331,1.656,0.155
329300,5.000,0.331,1.656,0.155
329500,5.000,0.331,1.656,0.155
329700,5.000,0.331,1.656,0.155
329900,5.000,0.333,1.667,0.156
330100,5.000,0.332,1.660,0.156
330300,5.000,0.332,1.660,0.156
330500,5.000,0.331,1.656,0.156
330700,5.000,0.331,1.656,0.156
330900,5.000,0.329,1.645,0.156
331100,5.000,0.329,1.645,0.156
331300,5.000,0.330,1.652,0.156
331500,5.000,0.330,1.652,0.156
331700,5.000,0.332,1.660,0.156
331900,5.000,0.332,1.660,0.156
332100,5.000,0.331,1.656,0.157
332300,5.000,0.331,1.656,0.157
332500,5.000,0.331,1.656,0.157
332700,5.000,0.330,1.652,0.157
332900,5.000,0.330,1.652,0.157
333100,5.000,0.330,1.648,0.157
333300,5.000,0.330,1.652,0.157
333500,5.000,0.330,1.652,0.157
333700,5.000,0.331,1.660,0.157
333900,5.000,0.331,1.656,0.157
334100,5.000,0.331,1.656,0.157
334300,5.000,0.331,1.656,0.158
334500,5.000,0.330,1.652,0.158
334700,5.000,0.332,1.660,0.158
334900,5.000,0.330,1.652,0.158
335100,5.000,0.330,1.652,0.158
335300,5.000,0.330,1.648,0.158
335500,5.000,0.331,1.656,0.158
335700,5.000,0.331,1.656,0.158
335900,5.000,0.331,1.656,0.158
336100,5.000,0.331,1.656,0.158
336300,5.000,0.331,1.656,0.159
336500,5.000,0.330,1.652,0.159
336700,5.000,0.330,1.652,0.159
336900,5.000,0.330,1.652,0.159
337100,5.000,0.330,1.652,0.159
337300,5.000,0.331,1.656,0.159
337500,5.000,0.331,1.656,0.159
337700,5.000,0.331,1.656,0.159
337900,5.000,0.330,1.652,0.159
338100,5.000,0.331,1.656,0.159
338300,5.000,0.331,1.656,0.159
338500,5.000,0.331,1.656,0.160
338700,5.000,0.330,1.652,0.160
338900,5.000,0.330,1.652,0.160
339100,5.000,0.330,1.652,0.160
339300,5.000,0.330,1.652,0.160
339500,5.000,0.331,1.656,0.160
339700,5.000,0.332,1.660,0.160
339900,5.000,0.332,1.660,0.160
340100,5.000,0.331,1.652,0.160
340300,5.000,0.331,1.652,0.160
340500,5.000,0.331,1.656,0.161
340700,5.000,0.331,1.656,0.161
340900,5.000,0.330,1.652,0.161
341100,5.000,0.330,1.652,0.161
341300,5.000,0.330,1.652,0.161
341500,5.000,0.331,1.656,0.161
341700,5.000,0.330,1.652,0.161
341900,5.000,0.331,1.656,0.161
342100,5.000,0.331,1.656,0.161
342300,5.000,0.331,1.656,0.161
342500,5.000,0.331,1.656,0.161
342700,5.000,0.331,1.656,0.162
342900,5.000,0.330,1.652,0.162
343100,5.000,0.330,1.652,0.162
343300,5.000,0.331,1.656,0.162
343500,5.000,0.330,1.652,0.162
343700,5.000,0.330,1.652,0.162
343900,5.000,0.330,1.652,0.162
344100,5.000,0.331,1.656,0.162
344300,5.000,0.331,1.656,0.162
344500,5.000,0.331,1.656,0.162
344700,5.000,0.330,1.652,0.163
344900,5.000,0.331,1.656,0.163
345100,5.000,0.330,1.648,0.163
345300,5.000,0.330,1.648,0.163
345500,5.000,0.330,1.652,0.163
345700,5.000,0.330,1.652,0.163
345900,5.000,0.331,1.656,0.163
346100,5.000,0.331,1.656,0.163
346300,5.000,0.331,1.660,0.163
346500,5.000,0.330,1.652,0.163
346700,5.000,0.331,1.656,0.163
346900,5.000,0.331,1.652,0.164
347100,5.000,0.331,1.652,0.164
347300,5.000,0.330,1.652,0.164
347500,5.000,0.331,1.656,0.164
347700,5.000,0.331,1.656,0.164
347900,5.000,0.331,1.656,0.164
348100,5.000,0.332,1.660,0.164
348300,5.000,0.331,1.656,0.164
348500,5.000,0.331,1.656,0.164
348700,5.000,0.331,1.656,0.164
348900,5.000,0.332,1.660,0.164
349100,5.000,0.330,1.656,0.165
349300,5.000,0.330,1.656,0.165
349500,5.000,0.331,1.656,0.165
349700,5.000,0.338,1.690,0.165
349900,5.000,0.332,1.660,0.165
350100,5.000,0.332,1.660,0.165
350300,5.000,0.332,1.660,0.165
350500,5.000,0.331,1.656,0.165
350700,5.000,0.330,1.652,0.165
350900,5.000,0.330,1.652,0.165
351100,5.000,0.331,1.656,0.166
351300,5.000,0.330,1.652,0.166
351500,5.000,0.330,1.648,0.166
351700,5.000,0.330,1.648,0.166
351900,5.000,0.331,1.656,0.166
352100,5.000,0.331,1.656,0.166
352300,5.000,0.331,1.656,0.166
352500,5.000,0.334,1.675,0.166
352700,5.000,0.358,1.790,0.166
352900,5.000,0.331,1.656,0.166
353100,5.000,0.331,1.656,0.166
353300,5.000,0.332,1.660,0.167
353500,5.000,0.331,1.656,0.167
353700,5.000,0.330,1.652,0.167
353900,5.000,0.331,1.656,0.167
354100,5.000,0.331,1.656,0.167
354300,5.000,0.331,1.656,0.167
354500,5.000,0.331,1.656,0.167
354700,5.000,0.331,1.656,0.167
354900,5.000,0.331,1.656,0.167
355100,5.000,0.330,1.652,0.167
355300,5.000,0.330,1.652,0.168
355500,5.000,0.330,1.652,0.168
355700,5.000,0.330,1.652,0.168
355900,5.000,0.331,1.656,0.168
356100,5.000,0.331,1.656,0.168
356300,5.000,0.331,1.656,0.168
356500,5.000,0.331,1.656,0.168
356700,5.000,0.330,1.652,0.168
356900,5.000,0.331,1.656,0.168
357100,5.000,0.330,1.652,0.168
357300,5.000,0.330,1.652,0.168
357500,5.000,0.330,1.652,0.169
357700,5.000,0.330,1.652,0.169
357900,5.000,0.332,1.660,0.169
358100,5.000,0.332,1.660,0.169
358300,5.000,0.331,1.656,0.169
358500,5.000,0.330,1.652,0.169
358700,5.000,0.330,1.652,0.169
358900,5.000,0.330,1.652,0.169
359100,5.000,0.330,1.652,0.169
359300,5.000,0.330,1.648,0.169
359500,5.000,0.330,1.648,0.170
359700,5.000,0.330,1.652,0.170
359900,5.000,0.333,1.664,0.170
360100,5.000,0.331,1.656,0.170
360300,5.000,0.331,1.656,0.170
360500,5.000,0.331,1.656,0.170
360700,5.000,0.330,1.652,0.170
360900,5.000,0.330,1.648,0.170
361100,5.000,0.330,1.652,0.170
361300,5.000,0.330,1.652,0.170
361500,5.000,0.330,1.652,0.170
361700,5.000,0.331,1.656,0.171
361900,5.000,0.331,1.656,0.171
362100,5.000,0.331,1.656,0.171
362300,5.000,0.330,1.652,0.171
362500,5.000,0.330,1.652,0.171
362700,5.000,0.330,1.652,0.171
362900,5.000,0.330,1.652,0.171
363100,5.000,0.330,1.652,0.171
363300,5.000,0.330,1.652,0.171
363500,5.000,0.330,1.652,0.171
363700,5.000,0.331,1.652,0.172
363900,5.000,0.331,1.656,0.172
364100,5.000,0.331,1.656,0.172
364300,5.000,0.331,1.656,0.172
364500,5.000,0.330,1.652,0.172
364700,5.000,0.332,1.664,0.172
364900,5.000,0.330,1.652,0.172
365100,5.000,0.330,1.652,0.172
365300,5.000,0.330,1.652,0.172
365500,5.000,0.331,1.652,0.172
365700,5.000,0.331,1.656,0.172
365900,5.000,0.331,1.656,0.173
366100,5.000,0.331,1.656,0.173
366300,5.000,0.330,1.652,0.173
366500,5.000,0.330,1.652,0.173
366700,5.000,0.331,1.656,0.173
366900,5.000,0.330,1.652,0.173
367100,5.000,0.330,1.648,0.173
367300,5.000,0.330,1.652,0.173
367500,5.000,0.330,1.652,0.173
367700,5.000,0.331,1.660,0.173
367900,5.000,0.330,1.656,0.174
368100,5.000,0.330,1.656,0.174
368300,5.000,0.330,1.656,0.174
368500,5.000,0.330,1.652,0.174
368700,5.000,0.330,1.652,0.174
368900,5.000,0.331,1.656,0.174
369100,5.000,0.331,1.656,0.174
369300,5.000,0.329,1.648,0.174
369500,5.000,0.331,1.656,0.174
369700,5.000,0.331,1.656,0.174
369900,5.000,0.332,1.664,0.174
370100,5.000,0.331,1.656,0.175
370300,5.000,0.331,1.656,0.175
370500,5.000,0.331,1.656,0.175
370700,5.000,0.331,1.656,0.175
370900,5.000,0.331,1.656,0.175
371100,5.000,0.331,1.652,0.175
371300,5.000,0.330,1.652,0.175
371500,5.000,0.330,1.652,0.175
371700,5.000,0.330,1.652,0.175
371900,5.000,0.331,1.656,0.175
372100,5.000,0.331,1.652,0.175
372300,5.000,0.331,1.652,0.176
372500,5.000,0.331,1.656,0.176
372700,5.000,0.330,1.648,0.176
372900,5.000,0.330,1.648,0.176
373100,5.000,0.330,1.652,0.176
373300,5.000,0.330,1.652,0.176
373500,5.000,0.330,1.652,0.176
373700,5.000,0.330,1.652,0.176
373900,5.000,0.331,1.656,0.176
374100,5.000,0.331,1.656,0.176
374300,5.000,0.331,1.656,0.177
374500,5.000,0.330,1.652,0.177
374700,5.000,0.330,1.652,0.177
374900,5.000,0.331,1.656,0.177
375100,5.000,0.330,1.648,0.177
375300,5.000,0.330,1.648,0.177
375500,5.000,0.330,1.652,0.177
375700,5.000,0.330,1.652,0.177
375900,5.000,0.332,1.660,0.177
376100,5.000,0.332,1.660,0.177
376300,5.000,0.330,1.652,0.177
376500,5.000,0.330,1.652,0.178
376700,5.000,0.330,1.652,0.178
376900,5.000,0.330,1.652,0.178
377100,5.000,0.330,1.652,0.178
377300,5.000,0.330,1.652,0.178
377500,5.000,0.330,1.652,0.178
377700,5.000,0.331,1.656,0.178
377900,5.000,0.331,1.656,0.178
378100,5.000,0.332,1.660,0.178
378300,5.000,0.331,1.656,0.178
378500,5.000,0.331,1.656,0.179
378700,5.000,0.330,1.648,0.179
378900,5.000,0.330,1.652,0.179
379100,5.000,0.330,1.652,0.179
379300,5.000,0.330,1.652,0.179
379500,5.000,0.330,1.652,0.179
379700,5.000,0.332,1.660,0.179
379900,5.000,0.330,1.652,0.179
380100,5.000,0.330,1.652,0.179
380300,5.000,0.331,1.656,0.179
380500,5.000,0.331,1.656,0.179
380700,5.000,0.331,1.656,0.180
380900,5.000,0.330,1.648,0.180
381100,5.000,0.330,1.652,0.180
381300,5.000,0.331,1.652,0.180
381500,5.000,0.330,1.652,0.180
381700,5.000,0.330,1.652,0.180
381900,5.000,0.330,1.652,0.180
382100,5.000,0.331,1.656,0.180
382300,5.000,0.330,1.652,0.180
382500,5.000,0.330,1.652,0.180
382700,5.000,0.330,1.652,0.180
382900,5.000,0.330,1.652,0.181
383100,5.000,0.331,1.656,0.181
383300,5.000,0.331,1.656,0.181
383500,5.000,0.330,1.652,0.181
383700,5.000,0.331,1.652,0.181
383900,5.000,0.331,1.652,0.181
384100,5.000,0.331,1.656,0.181
384300,5.000,0.331,1.656,0.181
384500,5.000,0.331,1.656,0.181
384700,5.000,0.331,1.656,0.181
384900,5.000,0.331,1.656,0.182
385100,5.000,0.331,1.660,0.182
385300,5.000,0.330,1.652,0.182
385500,5.000,0.330,1.652,0.182
385700,5.000,0.330,1.652,0.182
385900,5.000,0.331,1.656,0.182
386100,5.000,0.331,1.656,0.182
386300,5.000,0.331,1.656,0.182
386500,5.000,0.331,1.656,0.182
