300,5.000,0.349,1.748,0.000
500,5.000,0.341,1.706,0.000
700,5.000,0.329,1.645,0.000
900,5.000,0.329,1.645,0.000
1100,5.000,0.341,1.706,0.000
1300,5.000,0.341,1.706,0.000
1500,5.000,0.329,1.648,0.000
1700,5.000,0.334,1.667,0.000
1900,5.000,0.334,1.667,0.000
2100,5.000,0.343,1.713,0.000
2300,5.000,0.332,1.660,0.001
2500,5.000,0.330,1.648,0.001
2700,5.000,0.330,1.648,0.001
2900,5.000,0.341,1.706,0.001
3100,5.000,0.337,1.687,0.001
3300,5.000,0.328,1.641,0.001
3500,5.000,0.328,1.641,0.001
3700,5.000,0.338,1.690,0.001
3900,5.000,0.339,1.698,0.001
4100,5.000,0.339,1.698,0.001
4300,5.000,0.328,1.641,0.001
4500,5.000,0.333,1.667,0.002
4700,5.000,0.342,1.713,0.002
4900,5.000,0.332,1.660,0.002
5100,5.000,0.332,1.660,0.002
5300,5.000,0.330,1.648,0.002
5500,5.000,0.342,1.709,0.002
5700,5.000,0.335,1.679,0.002
5900,5.000,0.335,1.679,0.002
6100,5.000,0.328,1.641,0.002
6300,5.000,0.341,1.706,0.002
6500,5.000,0.339,1.698,0.003
6700,5.000,0.339,1.698,0.003
6900,5.000,0.328,1.641,0.003
7100,5.000,0.335,1.675,0.003
7300,5.000,0.335,1.675,0.003
7500,5.000,0.341,1.709,0.003
7700,5.000,0.332,1.660,0.003
7900,5.000,0.330,1.652,0.003
8100,5.000,0.342,1.709,0.003
8300,5.000,0.342,1.709,0.003
8500,5.000,0.335,1.675,0.004
8700,5.000,0.330,1.648,0.004
8900,5.000,0.340,1.702,0.004
9100,5.000,0.340,1.702,0.004
9300,5.000,0.337,1.687,0.004
9500,5.000,0.327,1.637,0.004
9700,5.000,0.338,1.690,0.004
9900,5.000,0.338,1.690,0.004
10100,5.000,0.341,1.706,0.004
10300,5.000,0.328,1.641,0.004
10500,5.000,0.328,1.641,0.004
10700,5.000,0.336,1.683,0.005
10900,5.000,0.342,1.709,0.005
11100,5.000,0.330,1.652,0.005
11300,5.000,0.330,1.652,0.005
11500,5.000,0.331,1.656,0.005
11700,5.000,0.342,1.713,0.005
11900,5.000,0.334,1.667,0.005
12100,5.000,0.329,1.648,0.005
12300,5.000,0.329,1.648,0.005
12500,5.000,0.341,1.706,0.005
12700,5.000,0.338,1.690,0.006
12900,5.000,0.338,1.690,0.006
13100,5.000,0.327,1.641,0.006
13300,5.000,0.336,1.683,0.006
13500,5.000,0.341,1.706,0.006
13700,5.000,0.341,1.706,0.006
13900,5.000,0.330,1.648,0.006
14100,5.000,0.332,1.660,0.006
14300,5.000,0.343,1.713,0.006
14500,5.000,0.343,1.713,0.006
14700,5.000,0.335,1.679,0.006
14900,5.000,0.328,1.645,0.007
15100,5.000,0.340,1.702,0.007
15300,5.000,0.339,1.698,0.007
15500,5.000,0.339,1.698,0.007
15700,5.000,0.329,1.645,0.007
15900,5.000,0.335,1.679,0.007
16100,5.000,0.335,1.679,0.007
16300,5.000,0.342,1.709,0.007
16500,5.000,0.331,1.652,0.007
16700,5.000,0.332,1.660,0.007
16900,5.000,0.332,1.660,0.008
17100,5.000,0.342,1.713,0.008
17300,5.000,0.336,1.683,0.008
17500,5.000,0.329,1.645,0.008
17700,5.000,0.329,1.645,0.008
17900,5.000,0.339,1.698,0.008
18100,5.000,0.340,1.698,0.008
18300,5.000,0.340,1.698,0.008
18500,5.000,0.328,1.645,0.008
18700,5.000,0.334,1.671,0.008
18900,5.000,0.342,1.713,0.008
19100,5.000,0.332,1.660,0.009
19300,5.000,0.332,1.660,0.009
19500,5.000,0.330,1.652,0.009
19700,5.000,0.343,1.713,0.009
19900,5.000,0.334,1.671,0.009
20100,5.000,0.334,1.671,0.009
20300,5.000,0.328,1.641,0.009
20500,5.000,0.339,1.698,0.009
20700,5.000,0.339,1.694,0.009
20900,5.000,0.339,1.694,0.009
21100,5.000,0.328,1.641,0.010
21300,5.000,0.336,1.683,0.010
21500,5.000,0.336,1.683,0.010
21700,5.000,0.341,1.706,0.010
21900,5.000,0.330,1.648,0.010
22100,5.000,0.332,1.660,0.010
22300,5.000,0.342,1.709,0.010
22500,5.000,0.342,1.709,0.010
22700,5.000,0.334,1.667,0.010
22900,5.000,0.329,1.645,0.010
23100,5.000,0.341,1.706,0.010
23300,5.000,0.341,1.706,0.011
23500,5.000,0.338,1.687,0.011
23700,5.000,0.327,1.641,0.011
23900,5.000,0.327,1.641,0.011
24100,5.000,0.337,1.687,0.011
24300,5.000,0.342,1.709,0.011
24500,5.000,0.330,1.652,0.011
24700,5.000,0.330,1.652,0.011
24900,5.000,0.333,1.664,0.011
25100,5.000,0.342,1.713,0.011
25300,5.000,0.333,1.667,0.012
25500,5.000,0.333,1.667,0.012
25700,5.000,0.329,1.648,0.012
25900,5.000,0.340,1.698,0.012
26100,5.000,0.338,1.690,0.012
26300,5.000,0.328,1.641,0.012
26500,5.000,0.328,1.641,0.012
26700,5.000,0.336,1.679,0.012
26900,5.000,0.341,1.706,0.012
27100,5.000,0.341,1.706,0.012
27300,5.000,0.330,1.648,0.012
27500,5.000,0.332,1.660,0.013
27700,5.000,0.342,1.713,0.013
27900,5.000,0.342,1.713,0.013
28100,5.000,0.334,1.667,0.013
28300,5.000,0.329,1.645,0.013
28500,5.000,0.339,1.698,0.013
28700,5.000,0.339,1.698,0.013
28900,5.000,0.339,1.694,0.013
29100,5.000,0.329,1.648,0.013
29300,5.000,0.333,1.667,0.013
29500,5.000,0.342,1.713,0.014
29700,5.000,0.342,1.713,0.014
29900,5.000,0.335,1.675,0.014
30100,5.000,0.329,1.648,0.014
30300,5.000,0.329,1.648,0.014
30500,5.000,0.341,1.706,0.014
30700,5.000,0.337,1.687,0.014
30900,5.000,0.329,1.645,0.014
31100,5.000,0.329,1.645,0.014
31300,5.000,0.336,1.679,0.014
31500,5.000,0.341,1.706,0.015
31700,5.000,0.330,1.652,0.015
31900,5.000,0.330,1.652,0.015
32100,5.000,0.330,1.652,0.015
32300,5.000,0.341,1.709,0.015
32500,5.000,0.341,1.709,0.015
32700,5.000,0.328,1.645,0.015
32900,5.000,0.328,1.645,0.015
33100,5.000,0.339,1.694,0.015
33300,5.000,0.340,1.702,0.015
33500,5.000,0.340,1.702,0.015
33700,5.000,0.328,1.641,0.016
33900,5.000,0.334,1.671,0.016
34100,5.000,0.342,1.709,0.016
34300,5.000,0.342,1.709,0.016
34500,5.000,0.332,1.660,0.016
34700,5.000,0.332,1.660,0.016
34900,5.000,0.332,1.660,0.016
35100,5.000,0.342,1.709,0.016
35300,5.000,0.336,1.679,0.016
35500,5.000,0.329,1.645,0.016
35700,5.000,0.329,1.645,0.017
35900,5.000,0.339,1.698,0.017
36100,5.000,0.340,1.702,0.017
36300,5.000,0.329,1.645,0.017
36500,5.000,0.335,1.675,0.017
36700,5.000,0.335,1.675,0.017
36900,5.000,0.343,1.713,0.017
37100,5.000,0.330,1.648,0.017
37300,5.000,0.331,1.656,0.017
37500,5.000,0.331,1.656,0.017
37700,5.000,0.342,1.709,0.017
37900,5.000,0.333,1.667,0.018
38100,5.000,0.333,1.667,0.018
38300,5.000,0.330,1.648,0.018
38500,5.000,0.341,1.706,0.018
38700,5.000,0.337,1.687,0.018
38900,5.000,0.337,1.687,0.018
39100,5.000,0.329,1.645,0.018
39300,5.000,0.338,1.694,0.018
39500,5.000,0.340,1.702,0.018
39700,5.000,0.330,1.652,0.018
39900,5.000,0.330,1.652,0.019
40100,5.000,0.334,1.675,0.019
40300,5.000,0.343,1.713,0.019
40500,5.000,0.331,1.660,0.019
40700,5.000,0.331,1.660,0.019
40900,5.000,0.330,1.648,0.019
41100,5.000,0.342,1.709,0.019
41300,5.000,0.342,1.709,0.019
41500,5.000,0.334,1.671,0.019
41700,5.000,0.329,1.645,0.019
41900,5.000,0.340,1.702,0.019
42100,5.000,0.340,1.702,0.020
42300,5.000,0.338,1.690,0.020
42500,5.000,0.329,1.645,0.020
42700,5.000,0.336,1.683,0.020
42900,5.000,0.336,1.683,0.020
43100,5.000,0.345,1.725,0.020
43300,5.000,0.354,1.771,0.020
43500,5.000,0.332,1.664,0.020
43700,5.000,0.343,1.713,0.020
43900,5.000,0.343,1.713,0.020
44100,5.000,0.333,1.667,0.021
44300,5.000,0.329,1.645,0.021
44500,5.000,0.329,1.645,0.021
44700,5.000,0.342,1.713,0.021
44900,5.000,0.338,1.690,0.021
45100,5.000,0.328,1.641,0.021
45300,5.000,0.328,1.641,0.021
45500,5.000,0.337,1.683,0.021
45700,5.000,0.341,1.706,0.021
45900,5.000,0.341,1.706,0.021
46100,5.000,0.330,1.648,0.022
46300,5.000,0.331,1.660,0.022
46500,5.000,0.342,1.709,0.022
46700,5.000,0.334,1.671,0.022
46900,5.000,0.334,1.671,0.022
47100,5.000,0.329,1.645,0.022
47300,5.000,0.339,1.694,0.022
47500,5.000,0.340,1.702,0.022
47700,5.000,0.340,1.702,0.022
47900,5.000,0.328,1.641,0.022
48100,5.000,0.334,1.671,0.022
48300,5.000,0.343,1.717,0.023
48500,5.000,0.343,1.717,0.023
48700,5.000,0.332,1.664,0.023
48900,5.000,0.342,1.713,0.023
49100,5.000,0.342,1.713,0.023
49300,5.000,0.342,1.713,0.023
49500,5.000,0.336,1.679,0.023
49700,5.000,0.330,1.652,0.023
49900,5.000,0.330,1.652,0.023
50100,5.000,0.340,1.702,0.023
50300,5.000,0.339,1.698,0.024
50500,5.000,0.329,1.648,0.024
50700,5.000,0.337,1.687,0.024
50900,5.000,0.337,1.687,0.024
51100,5.000,0.341,1.709,0.024
51300,5.000,0.329,1.648,0.024
51500,5.000,0.334,1.667,0.024
51700,5.000,0.334,1.667,0.024
51900,5.000,0.342,1.713,0.024
52100,5.000,0.331,1.656,0.024
52300,5.000,0.331,1.656,0.024
52500,5.000,0.330,1.652,0.025
52700,5.000,0.341,1.709,0.025
52900,5.000,0.336,1.679,0.025
53100,5.000,0.336,1.679,0.025
53300,5.000,0.328,1.641,0.025
53500,5.000,0.339,1.694,0.025
53700,5.000,0.340,1.702,0.025
53900,5.000,0.329,1.645,0.025
54100,5.000,0.329,1.645,0.025
54300,5.000,0.334,1.675,0.025
54500,5.000,0.342,1.713,0.026
54700,5.000,0.332,1.664,0.026
54900,5.000,0.332,1.664,0.026
55100,5.000,0.330,1.652,0.026
55300,5.000,0.342,1.713,0.026
55500,5.000,0.342,1.713,0.026
55700,5.000,0.336,1.679,0.026
55900,5.000,0.328,1.641,0.026
56100,5.000,0.338,1.694,0.026
56300,5.000,0.338,1.694,0.026
56500,5.000,0.341,1.702,0.026
56700,5.000,0.330,1.652,0.027
56900,5.000,0.330,1.652,0.027
57100,5.000,0.343,1.717,0.027
57300,5.000,0.343,1.717,0.027
57500,5.000,0.334,1.671,0.027
57700,5.000,0.329,1.648,0.027
57900,5.000,0.329,1.648,0.027
58100,5.000,0.341,1.706,0.027
58300,5.000,0.339,1.698,0.027
58500,5.000,0.328,1.641,0.027
58700,5.000,0.328,1.641,0.028
58900,5.000,0.337,1.683,0.028
59100,5.000,0.343,1.713,0.028
59300,5.000,0.330,1.652,0.028
59500,5.000,0.330,1.652,0.028
59700,5.000,0.332,1.660,0.028
59900,5.000,0.341,1.709,0.028
60100,5.000,0.341,1.709,0.028
60300,5.000,0.336,1.679,0.028
60500,5.000,0.328,1.641,0.028
60700,5.000,0.339,1.694,0.029
60900,5.000,0.340,1.698,0.029
61100,5.000,0.340,1.698,0.029
61300,5.000,0.329,1.648,0.029
61500,5.000,0.335,1.679,0.029
61700,5.000,0.341,1.706,0.029
61900,5.000,0.341,1.706,0.029
62100,5.000,0.330,1.652,0.029
62300,5.000,0.331,1.656,0.029
62500,5.000,0.343,1.713,0.029
62700,5.000,0.343,1.713,0.029
62900,5.000,0.334,1.671,0.030
63100,5.000,0.329,1.645,0.030
63300,5.000,0.329,1.645,0.030
63500,5.000,0.340,1.702,0.030
63700,5.000,0.339,1.694,0.030
63900,5.000,0.329,1.645,0.030
64100,5.000,0.336,1.679,0.030
64300,5.000,0.336,1.679,0.030
64500,5.000,0.343,1.713,0.030
64700,5.000,0.333,1.667,0.030
64900,5.000,0.331,1.656,0.031
65100,5.000,0.331,1.656,0.031
65300,5.000,0.342,1.709,0.031
65500,5.000,0.335,1.675,0.031
65700,5.000,0.329,1.645,0.031
65900,5.000,0.329,1.645,0.031
66100,5.000,0.341,1.702,0.031
66300,5.000,0.339,1.694,0.031
66500,5.000,0.339,1.694,0.031
66700,5.000,0.328,1.645,0.031
66900,5.000,0.336,1.679,0.031
67100,5.000,0.342,1.713,0.032
67300,5.000,0.342,1.713,0.032
67500,5.000,0.330,1.652,0.032
67700,5.000,0.331,1.656,0.032
67900,5.000,0.343,1.713,0.032
68100,5.000,0.332,1.660,0.032
68300,5.000,0.332,1.660,0.032
68500,5.000,0.332,1.660,0.032
68700,5.000,0.342,1.709,0.032
68900,5.000,0.342,1.709,0.032
69100,5.000,0.334,1.671,0.033
69300,5.000,0.329,1.648,0.033
69500,5.000,0.341,1.706,0.033
69700,5.000,0.341,1.706,0.033
69900,5.000,0.340,1.698,0.033
70100,5.000,0.328,1.645,0.033
70300,5.000,0.336,1.679,0.033
70500,5.000,0.336,1.679,0.033
70700,5.000,0.341,1.706,0.033
70900,5.000,0.330,1.652,0.033
71100,5.000,0.331,1.656,0.034
71300,5.000,0.342,1.713,0.034
71500,5.000,0.342,1.713,0.034
71700,5.000,0.334,1.671,0.034
71900,5.000,0.329,1.645,0.034
72100,5.000,0.329,1.645,0.034
72300,5.000,0.339,1.694,0.034
72500,5.000,0.339,1.698,0.034
72700,5.000,0.329,1.648,0.034
72900,5.000,0.329,1.648,0.034
73100,5.000,0.334,1.667,0.034
73300,5.000,0.342,1.709,0.035
73500,5.000,0.331,1.656,0.035
73700,5.000,0.331,1.656,0.035
73900,5.000,0.330,1.652,0.035
74100,5.000,0.341,1.706,0.035
74300,5.000,0.341,1.706,0.035
74500,5.000,0.336,1.679,0.035
74700,5.000,0.329,1.645,0.035
74900,5.000,0.340,1.702,0.035
75100,5.000,0.340,1.702,0.035
75300,5.000,0.340,1.702,0.036
75500,5.000,0.328,1.641,0.036
75700,5.000,0.336,1.683,0.036
75900,5.000,0.342,1.709,0.036
76100,5.000,0.342,1.709,0.036
76300,5.000,0.330,1.652,0.036
76500,5.000,0.332,1.660,0.036
76700,5.000,0.343,1.713,0.036
76900,5.000,0.343,1.713,0.036
77100,5.000,0.333,1.664,0.036
77300,5.000,0.329,1.648,0.036
77500,5.000,0.329,1.648,0.037
77700,5.000,0.339,1.694,0.037
77900,5.000,0.339,1.694,0.037
78100,5.000,0.328,1.641,0.037
78300,5.000,0.334,1.671,0.037
78500,5.000,0.334,1.671,0.037
78700,5.000,0.343,1.713,0.037
78900,5.000,0.330,1.652,0.037
79100,5.000,0.331,1.656,0.037
79300,5.000,0.331,1.656,0.037
79500,5.000,0.342,1.713,0.038
79700,5.000,0.335,1.675,0.038
79900,5.000,0.335,1.675,0.038
80100,5.000,0.329,1.645,0.038
80300,5.000,0.341,1.702,0.038
80500,5.000,0.339,1.698,0.038
80700,5.000,0.339,1.698,0.038
80900,5.000,0.329,1.645,0.038
81100,5.000,0.335,1.679,0.038
81300,5.000,0.342,1.709,0.038
81500,5.000,0.342,1.709,0.038
81700,5.000,0.332,1.664,0.039
81900,5.000,0.330,1.648,0.039
82100,5.000,0.341,1.709,0.039
82300,5.000,0.338,1.687,0.039
82500,5.000,0.338,1.687,0.039
82700,5.000,0.328,1.641,0.039
82900,5.000,0.338,1.690,0.039
83100,5.000,0.338,1.690,0.039
83300,5.000,0.341,1.702,0.039
83500,5.000,0.330,1.652,0.039
83700,5.000,0.332,1.660,0.040
83900,5.000,0.332,1.660,0.040
84100,5.000,0.342,1.709,0.040
84300,5.000,0.335,1.675,0.040
84500,5.000,0.329,1.645,0.040
84700,5.000,0.329,1.645,0.040
84900,5.000,0.342,1.713,0.040
85100,5.000,0.340,1.702,0.040
85300,5.000,0.329,1.645,0.040
85500,5.000,0.336,1.679,0.040
85700,5.000,0.336,1.679,0.041
85900,5.000,0.342,1.713,0.041
86100,5.000,0.331,1.656,0.041
86300,5.000,0.331,1.656,0.041
86500,5.000,0.330,1.652,0.041
86700,5.000,0.341,1.709,0.041
86900,5.000,0.337,1.687,0.041
87100,5.000,0.337,1.687,0.041
87300,5.000,0.328,1.641,0.041
87500,5.000,0.339,1.694,0.041
87700,5.000,0.340,1.702,0.041
87900,5.000,0.340,1.702,0.042
88100,5.000,0.329,1.645,0.042
88300,5.000,0.334,1.671,0.042
88500,5.000,0.334,1.671,0.042
88700,5.000,0.333,1.664,0.042
88900,5.000,0.333,1.664,0.042
89100,5.000,0.330,1.652,0.042
89300,5.000,0.341,1.709,0.042
89500,5.000,0.341,1.709,0.042
89700,5.000,0.339,1.694,0.042
89900,5.000,0.328,1.641,0.043
90100,5.000,0.337,1.683,0.043
90300,5.000,0.337,1.683,0.043
90500,5.000,0.342,1.709,0.043
90700,5.000,0.331,1.656,0.043
90900,5.000,0.331,1.656,0.043
91100,5.000,0.331,1.656,0.043
91300,5.000,0.342,1.713,0.043
91500,5.000,0.336,1.679,0.043
91700,5.000,0.336,1.679,0.043
91900,5.000,0.328,1.645,0.043
92100,5.000,0.339,1.698,0.044
92300,5.000,0.341,1.706,0.044
92500,5.000,0.329,1.648,0.044
92700,5.000,0.329,1.648,0.044
92900,5.000,0.334,1.671,0.044
93100,5.000,0.343,1.717,0.044
93300,5.000,0.333,1.664,0.044
93500,5.000,0.333,1.664,0.044
93700,5.000,0.330,1.652,0.044
93900,5.000,0.341,1.706,0.044
94100,5.000,0.341,1.706,0.045
94300,5.000,0.338,1.690,0.045
94500,5.000,0.328,1.641,0.045
94700,5.000,0.337,1.687,0.045
94900,5.000,0.337,1.687,0.045
95100,5.000,0.342,1.713,0.045
95300,5.000,0.330,1.652,0.045
95500,5.000,0.331,1.656,0.045
95700,5.000,0.342,1.713,0.045
95900,5.000,0.342,1.713,0.045
96100,5.000,0.336,1.679,0.046
96300,5.000,0.329,1.645,0.046
96500,5.000,0.340,1.698,0.046
96700,5.000,0.340,1.698,0.046
96900,5.000,0.338,1.690,0.046
97100,5.000,0.329,1.648,0.046
97300,5.000,0.329,1.648,0.046
97500,5.000,0.336,1.679,0.046
97700,5.000,0.341,1.706,0.046
97900,5.000,0.330,1.648,0.046
98100,5.000,0.330,1.648,0.046
98300,5.000,0.331,1.656,0.047
98500,5.000,0.343,1.713,0.047
98700,5.000,0.334,1.671,0.047
98900,5.000,0.334,1.671,0.047
99100,5.000,0.329,1.645,0.047
99300,5.000,0.339,1.698,0.047
99500,5.000,0.340,1.702,0.047
99700,5.000,0.330,1.652,0.047
99900,5.000,0.330,1.652,0.047
100100,5.000,0.334,1.671,0.047
100300,5.000,0.341,1.709,0.048
100500,5.000,0.341,1.709,0.048
100700,5.000,0.332,1.660,0.048
100900,5.000,0.330,1.652,0.048
101100,5.000,0.343,1.717,0.048
101300,5.000,0.343,1.717,0.048
101500,5.000,0.341,1.702,0.048
101700,5.000,0.355,1.774,0.048
101900,5.000,0.355,1.774,0.048
102100,5.000,0.342,1.713,0.048
102300,5.000,0.336,1.679,0.048
102500,5.000,0.328,1.641,0.049
102700,5.000,0.339,1.694,0.049
102900,5.000,0.339,1.694,0.049
103100,5.000,0.341,1.706,0.049
103300,5.000,0.329,1.645,0.049
103500,5.000,0.334,1.667,0.049
103700,5.000,0.334,1.667,0.049
103900,5.000,0.342,1.713,0.049
104100,5.000,0.332,1.664,0.049
104300,5.000,0.331,1.656,0.049
104500,5.000,0.331,1.656,0.050
104700,5.000,0.343,1.717,0.050
104900,5.000,0.337,1.683,0.050
105100,5.000,0.337,1.683,0.050
105300,5.000,0.329,1.645,0.050
105500,5.000,0.339,1.698,0.050
105700,5.000,0.339,1.698,0.050
105900,5.000,0.339,1.698,0.050
106100,5.000,0.329,1.645,0.050
106300,5.000,0.337,1.683,0.050
106500,5.000,0.341,1.706,0.051
106700,5.000,0.330,1.652,0.051
106900,5.000,0.330,1.652,0.051
107100,5.000,0.333,1.667,0.051
107300,5.000,0.342,1.713,0.051
107500,5.000,0.332,1.664,0.051
107700,5.000,0.332,1.664,0.051
107900,5.000,0.331,1.656,0.051
108100,5.000,0.341,1.709,0.051
108300,5.000,0.341,1.709,0.051
108500,5.000,0.336,1.683,0.051
108700,5.000,0.329,1.645,0.052
108900,5.000,0.339,1.698,0.052
109100,5.000,0.339,1.698,0.052
109300,5.000,0.339,1.694,0.052
109500,5.000,0.328,1.641,0.052
109700,5.000,0.337,1.687,0.052
109900,5.000,0.341,1.706,0.052
110100,5.000,0.341,1.706,0.052
110300,5.000,0.330,1.648,0.052
110500,5.000,0.333,1.664,0.052
110700,5.000,0.343,1.713,0.053
110900,5.000,0.343,1.713,0.053
111100,5.000,0.333,1.664,0.053
111300,5.000,0.330,1.652,0.053
111500,5.000,0.330,1.652,0.053
111700,5.000,0.342,1.709,0.053
111900,5.000,0.337,1.687,0.053
112100,5.000,0.328,1.645,0.053
112300,5.000,0.328,1.645,0.053
112500,5.000,0.338,1.690,0.053
112700,5.000,0.341,1.709,0.053
112900,5.000,0.341,1.709,0.054
113100,5.000,0.333,1.667,0.054
113300,5.000,0.333,1.667,0.054
113500,5.000,0.342,1.713,0.054
113700,5.000,0.332,1.664,0.054
113900,5.000,0.332,1.664,0.054
114100,5.000,0.330,1.652,0.054
114300,5.000,0.341,1.709,0.054
114500,5.000,0.336,1.679,0.054
114700,5.000,0.336,1.679,0.054
114900,5.000,0.330,1.648,0.055
115100,5.000,0.339,1.694,0.055
115300,5.000,0.339,1.698,0.055
115500,5.000,0.339,1.698,0.055
115700,5.000,0.329,1.648,0.055
115900,5.000,0.334,1.671,0.055
116100,5.000,0.334,1.671,0.055
116300,5.000,0.342,1.713,0.055
116500,5.000,0.332,1.660,0.055
116700,5.000,0.331,1.656,0.055
116900,5.000,0.343,1.713,0.056
117100,5.000,0.343,1.713,0.056
117300,5.000,0.335,1.675,0.056
117500,5.000,0.330,1.652,0.056
117700,5.000,0.340,1.702,0.056
117900,5.000,0.340,1.702,0.056
118100,5.000,0.338,1.690,0.056
118300,5.000,0.328,1.641,0.056
118500,5.000,0.337,1.687,0.056
118700,5.000,0.337,1.687,0.056
118900,5.000,0.341,1.702,0.056
119100,5.000,0.329,1.648,0.057
119300,5.000,0.329,1.648,0.057
119500,5.000,0.332,1.660,0.057
119700,5.000,0.344,1.721,0.057
119900,5.000,0.333,1.667,0.057
120100,5.000,0.329,1.645,0.057
120300,5.000,0.329,1.645,0.057
120500,5.000,0.341,1.706,0.057
120700,5.000,0.339,1.694,0.057
120900,5.000,0.329,1.645,0.057
121100,5.000,0.329,1.645,0.058
121300,5.000,0.336,1.679,0.058
121500,5.000,0.342,1.709,0.058
121700,5.000,0.331,1.656,0.058
121900,5.000,0.331,1.656,0.058
122100,5.000,0.333,1.667,0.058
122300,5.000,0.343,1.713,0.058
122500,5.000,0.343,1.713,0.058
122700,5.000,0.333,1.667,0.058
122900,5.000,0.330,1.648,0.058
123100,5.000,0.341,1.702,0.058
123300,5.000,0.341,1.702,0.059
123500,5.000,0.339,1.694,0.059
123700,5.000,0.328,1.641,0.059
123900,5.000,0.337,1.683,0.059
124100,5.000,0.342,1.709,0.059
124300,5.000,0.342,1.709,0.059
124500,5.000,0.330,1.652,0.059
124700,5.000,0.333,1.667,0.059
124900,5.000,0.333,1.667,0.059
125100,5.000,0.342,1.709,0.059
125300,5.000,0.333,1.667,0.060
125500,5.000,0.330,1.652,0.060
125700,5.000,0.330,1.652,0.060
125900,5.000,0.341,1.706,0.060
126100,5.000,0.336,1.679,0.060
126300,5.000,0.329,1.645,0.060
126500,5.000,0.329,1.645,0.060
126700,5.000,0.339,1.698,0.060
126900,5.000,0.339,1.698,0.060
127100,5.000,0.328,1.641,0.060
127300,5.000,0.336,1.683,0.060
127500,5.000,0.336,1.683,0.061
127700,5.000,0.341,1.709,0.061
127900,5.000,0.329,1.648,0.061
128100,5.000,0.329,1.648,0.061
128300,5.000,0.333,1.667,0.061
128500,5.000,0.343,1.713,0.061
128700,5.000,0.332,1.660,0.061
128900,5.000,0.332,1.660,0.061
129100,5.000,0.331,1.656,0.061
129300,5.000,0.342,1.713,0.061
129500,5.000,0.335,1.675,0.062
129700,5.000,0.335,1.675,0.062
129900,5.000,0.330,1.648,0.062
130100,5.000,0.340,1.698,0.062
130300,5.000,0.340,1.698,0.062
130500,5.000,0.352,1.759,0.062
130700,5.000,0.334,1.675,0.062
130900,5.000,0.336,1.679,0.062
131100,5.000,0.343,1.713,0.062
131300,5.000,0.343,1.713,0.062
131500,5.000,0.330,1.652,0.062
131700,5.000,0.331,1.656,0.063
131900,5.000,0.342,1.713,0.063
132100,5.000,0.342,1.713,0.063
132300,5.000,0.334,1.671,0.063
132500,5.000,0.329,1.648,0.063
132700,5.000,0.341,1.706,0.063
132900,5.000,0.341,1.706,0.063
133100,5.000,0.339,1.694,0.063
133300,5.000,0.329,1.645,0.063
133500,5.000,0.329,1.645,0.063
133700,5.000,0.336,1.679,0.064
133900,5.000,0.341,1.709,0.064
134100,5.000,0.331,1.656,0.064
134300,5.000,0.332,1.660,0.064
134500,5.000,0.332,1.660,0.064
134700,5.000,0.344,1.725,0.064
134900,5.000,0.335,1.675,0.064
135100,5.000,0.329,1.645,0.064
135300,5.000,0.329,1.645,0.064
135500,5.000,0.340,1.702,0.064
135700,5.000,0.339,1.698,0.065
135900,5.000,0.339,1.698,0.065
136100,5.000,0.330,1.648,0.065
136300,5.000,0.336,1.679,0.065
136500,5.000,0.341,1.709,0.065
136700,5.000,0.341,1.709,0.065
136900,5.000,0.331,1.656,0.065
137100,5.000,0.331,1.656,0.065
137300,5.000,0.341,1.706,0.065
137500,5.000,0.341,1.706,0.065
137700,5.000,0.338,1.690,0.065
137900,5.000,0.328,1.641,0.066
138100,5.000,0.338,1.690,0.066
138300,5.000,0.341,1.709,0.066
138500,5.000,0.341,1.709,0.066
138700,5.000,0.329,1.645,0.066
138900,5.000,0.332,1.664,0.066
139100,5.000,0.332,1.664,0.066
139300,5.000,0.342,1.713,0.066
139500,5.000,0.333,1.667,0.066
139700,5.000,0.333,1.667,0.066
139900,5.000,0.333,1.667,0.067
140100,5.000,0.341,1.706,0.067
140300,5.000,0.339,1.694,0.067
140500,5.000,0.328,1.641,0.067
140700,5.000,0.328,1.641,0.067
140900,5.000,0.337,1.683,0.067
141100,5.000,0.341,1.706,0.067
141300,5.000,0.330,1.652,0.067
141500,5.000,0.332,1.660,0.067
141700,5.000,0.332,1.660,0.067
141900,5.000,0.342,1.709,0.067
142100,5.000,0.334,1.671,0.068
142300,5.000,0.334,1.671,0.068
142500,5.000,0.329,1.645,0.068
142700,5.000,0.339,1.698,0.068
142900,5.000,0.339,1.694,0.068
143100,5.000,0.339,1.694,0.068
143300,5.000,0.328,1.645,0.068
143500,5.000,0.334,1.671,0.068
143700,5.000,0.342,1.713,0.068
143900,5.000,0.342,1.713,0.068
144100,5.000,0.331,1.656,0.069
144300,5.000,0.330,1.652,0.069
144500,5.000,0.330,1.652,0.069
144700,5.000,0.335,1.675,0.069
144900,5.000,0.335,1.675,0.069
145100,5.000,0.329,1.645,0.069
145300,5.000,0.341,1.702,0.069
145500,5.000,0.341,1.702,0.069
145700,5.000,0.339,1.698,0.069
145900,5.000,0.328,1.645,0.069
146100,5.000,0.335,1.679,0.069
146300,5.000,0.335,1.679,0.070
146500,5.000,0.342,1.709,0.070
146700,5.000,0.332,1.660,0.070
146900,5.000,0.332,1.660,0.070
147100,5.000,0.330,1.652,0.070
147300,5.000,0.341,1.709,0.070
147500,5.000,0.336,1.679,0.070
147700,5.000,0.336,1.679,0.070
147900,5.000,0.328,1.641,0.070
148100,5.000,0.339,1.698,0.070
148300,5.000,0.340,1.702,0.071
148500,5.000,0.329,1.648,0.071
148700,5.000,0.329,1.648,0.071
148900,5.000,0.335,1.675,0.071
149100,5.000,0.342,1.709,0.071
149300,5.000,0.330,1.656,0.071
149500,5.000,0.330,1.656,0.071
149700,5.000,0.332,1.664,0.071
149900,5.000,0.341,1.709,0.071
150100,5.000,0.341,1.709,0.071
150300,5.000,0.334,1.671,0.071
150500,5.000,0.328,1.641,0.072
150700,5.000,0.339,1.698,0.072
150900,5.000,0.339,1.698,0.072
151100,5.000,0.338,1.690,0.072
151300,5.000,0.328,1.637,0.072
151500,5.000,0.336,1.683,0.072
151700,5.000,0.341,1.709,0.072
151900,5.000,0.341,1.709,0.072
152100,5.000,0.330,1.648,0.072
152300,5.000,0.331,1.656,0.072
152500,5.000,0.342,1.709,0.073
152700,5.000,0.342,1.709,0.073
152900,5.000,0.334,1.671,0.073
153100,5.000,0.328,1.645,0.073
153300,5.000,0.328,1.645,0.073
153500,5.000,0.339,1.698,0.073
153700,5.000,0.340,1.698,0.073
153900,5.000,0.328,1.641,0.073
154100,5.000,0.328,1.641,0.073
154300,5.000,0.335,1.675,0.073
154500,5.000,0.342,1.709,0.074
154700,5.000,0.332,1.660,0.074
154900,5.000,0.332,1.660,0.074
155100,5.000,0.330,1.652,0.074
155300,5.000,0.341,1.709,0.074
155500,5.000,0.337,1.687,0.074
155700,5.000,0.329,1.645,0.074
155900,5.000,0.329,1.645,0.074
156100,5.000,0.339,1.694,0.074
156300,5.000,0.340,1.702,0.074
156500,5.000,0.340,1.702,0.074
156700,5.000,0.329,1.645,0.075
156900,5.000,0.334,1.671,0.075
157100,5.000,0.342,1.713,0.075
157300,5.000,0.342,1.713,0.075
157500,5.000,0.332,1.660,0.075
157700,5.000,0.330,1.648,0.075
157900,5.000,0.330,1.648,0.075
158100,5.000,0.341,1.706,0.075
158300,5.000,0.335,1.675,0.075
158500,5.000,0.328,1.641,0.075
158700,5.000,0.339,1.694,0.076
158900,5.000,0.339,1.694,0.076
159100,5.000,0.339,1.698,0.076
159300,5.000,0.329,1.645,0.076
159500,5.000,0.345,1.725,0.076
159700,5.000,0.345,1.725,0.076
159900,5.000,0.349,1.748,0.076
160100,5.000,0.358,1.793,0.076
160300,5.000,0.337,1.687,0.076
160500,5.000,0.337,1.687,0.076
160700,5.000,0.329,1.645,0.076
160900,5.000,0.338,1.690,0.077
161100,5.000,0.338,1.690,0.077
161300,5.000,0.340,1.698,0.077
161500,5.000,0.329,1.645,0.077
161700,5.000,0.334,1.675,0.077
161900,5.000,0.334,1.675,0.077
162100,5.000,0.341,1.706,0.077
162300,5.000,0.331,1.656,0.077
162500,5.000,0.330,1.652,0.077
162700,5.000,0.342,1.709,0.077
162900,5.000,0.342,1.709,0.078
163100,5.000,0.336,1.679,0.078
163300,5.000,0.328,1.641,0.078
163500,5.000,0.340,1.702,0.078
163700,5.000,0.340,1.702,0.078
163900,5.000,0.340,1.702,0.078
164100,5.000,0.329,1.645,0.078
164300,5.000,0.329,1.645,0.078
164500,5.000,0.336,1.679,0.078
164700,5.000,0.343,1.713,0.078
164900,5.000,0.330,1.648,0.079
165100,5.000,0.330,1.648,0.079
165300,5.000,0.331,1.660,0.079
165500,5.000,0.341,1.709,0.079
165700,5.000,0.334,1.671,0.079
165900,5.000,0.329,1.645,0.079
166100,5.000,0.329,1.645,0.079
166300,5.000,0.340,1.702,0.079
166500,5.000,0.338,1.694,0.079
166700,5.000,0.327,1.641,0.079
166900,5.000,0.327,1.641,0.079
167100,5.000,0.336,1.679,0.080
167300,5.000,0.341,1.706,0.080
167500,5.000,0.341,1.706,0.080
167700,5.000,0.330,1.648,0.080
167900,5.000,0.332,1.660,0.080
168100,5.000,0.343,1.713,0.080
168300,5.000,0.343,1.713,0.080
168500,5.000,0.334,1.671,0.080
168700,5.000,0.329,1.648,0.080
168900,5.000,0.329,1.648,0.080
169100,5.000,0.338,1.690,0.081
169300,5.000,0.338,1.690,0.081
169500,5.000,0.328,1.645,0.081
169700,5.000,0.338,1.694,0.081
169900,5.000,0.338,1.694,0.081
170100,5.000,0.341,1.706,0.081
170300,5.000,0.328,1.641,0.081
170500,5.000,0.333,1.664,0.081
170700,5.000,0.333,1.664,0.081
170900,5.000,0.343,1.713,0.081
171100,5.000,0.332,1.660,0.081
171300,5.000,0.330,1.648,0.082
171500,5.000,0.330,1.648,0.082
171700,5.000,0.342,1.713,0.082
171900,5.000,0.336,1.679,0.082
172100,5.000,0.336,1.679,0.082
172300,5.000,0.328,1.645,0.082
172500,5.000,0.339,1.698,0.082
172700,5.000,0.339,1.698,0.082
172900,5.000,0.330,1.648,0.082
173100,5.000,0.330,1.648,0.082
173300,5.000,0.336,1.679,0.083
173500,5.000,0.342,1.713,0.083
173700,5.000,0.332,1.660,0.083
173900,5.000,0.332,1.660,0.083
174100,5.000,0.330,1.652,0.083
174300,5.000,0.342,1.709,0.083
174500,5.000,0.336,1.679,0.083
174700,5.000,0.336,1.679,0.083
174900,5.000,0.328,1.641,0.083
175100,5.000,0.339,1.698,0.083
175300,5.000,0.339,1.698,0.083
175500,5.000,0.339,1.698,0.084
175700,5.000,0.328,1.641,0.084
175900,5.000,0.335,1.679,0.084
176100,5.000,0.341,1.709,0.084
176300,5.000,0.341,1.709,0.084
176500,5.000,0.331,1.656,0.084
176700,5.000,0.330,1.652,0.084
176900,5.000,0.342,1.709,0.084
177100,5.000,0.342,1.709,0.084
177300,5.000,0.334,1.667,0.084
177500,5.000,0.328,1.641,0.085
177700,5.000,0.339,1.698,0.085
177900,5.000,0.339,1.698,0.085
178100,5.000,0.339,1.694,0.085
178300,5.000,0.328,1.641,0.085
178500,5.000,0.328,1.641,0.085
178700,5.000,0.336,1.683,0.085
178900,5.000,0.342,1.709,0.085
179100,5.000,0.329,1.648,0.085
179300,5.000,0.329,1.648,0.085
179500,5.000,0.332,1.660,0.085
179700,5.000,0.343,1.717,0.086
179900,5.000,0.334,1.667,0.086
180100,5.000,0.329,1.648,0.086
180300,5.000,0.329,1.648,0.086
180500,5.000,0.340,1.702,0.086
180700,5.000,0.338,1.690,0.086
180900,5.000,0.338,1.690,0.086
181100,5.000,0.327,1.637,0.086
181300,5.000,0.338,1.690,0.086
181500,5.000,0.340,1.702,0.086
181700,5.000,0.340,1.702,0.087
181900,5.000,0.328,1.641,0.087
182100,5.000,0.334,1.671,0.087
182300,5.000,0.342,1.709,0.087
182500,5.000,0.342,1.709,0.087
182700,5.000,0.331,1.656,0.087
182900,5.000,0.330,1.652,0.087
183100,5.000,0.341,1.709,0.087
183300,5.000,0.335,1.679,0.087
183500,5.000,0.335,1.679,0.087
183700,5.000,0.329,1.648,0.088
183900,5.000,0.339,1.698,0.088
184100,5.000,0.339,1.698,0.088
184300,5.000,0.340,1.698,0.088
184500,5.000,0.329,1.645,0.088
184700,5.000,0.336,1.679,0.088
184900,5.000,0.336,1.679,0.088
185100,5.000,0.342,1.713,0.088
185300,5.000,0.331,1.656,0.088
185500,5.000,0.331,1.656,0.088
185700,5.000,0.331,1.656,0.088
185900,5.000,0.342,1.709,0.089
186100,5.000,0.333,1.667,0.089
186300,5.000,0.333,1.667,0.089
186500,5.000,0.328,1.641,0.089
186700,5.000,0.339,1.694,0.089
186900,5.000,0.340,1.698,0.089
187100,5.000,0.329,1.641,0.089
187300,5.000,0.329,1.641,0.089
187500,5.000,0.335,1.675,0.089
187700,5.000,0.341,1.706,0.089
187900,5.000,0.330,1.652,0.090
188100,5.000,0.330,1.652,0.090
188300,5.000,0.331,1.652,0.090
188500,5.000,0.343,1.717,0.090
188700,5.000,0.334,1.671,0.090
188900,5.000,0.334,1.671,0.090
189100,5.000,0.329,1.645,0.090
189300,5.000,0.341,1.706,0.090
189500,5.000,0.341,1.706,0.090
189700,5.000,0.339,1.694,0.090
189900,5.000,0.329,1.645,0.090
190100,5.000,0.337,1.687,0.091
190300,5.000,0.341,1.706,0.091
190500,5.000,0.341,1.706,0.091
190700,5.000,0.329,1.648,0.091
190900,5.000,0.333,1.667,0.091
191100,5.000,0.342,1.713,0.091
191300,5.000,0.342,1.713,0.091
191500,5.000,0.331,1.660,0.091
191700,5.000,0.330,1.648,0.091
191900,5.000,0.330,1.648,0.091
192100,5.000,0.342,1.713,0.092
192300,5.000,0.336,1.679,0.092
192500,5.000,0.329,1.645,0.092
192700,5.000,0.329,1.645,0.092
192900,5.000,0.339,1.698,0.092
193100,5.000,0.339,1.698,0.092
193300,5.000,0.329,1.645,0.092
193500,5.000,0.329,1.645,0.092
193700,5.000,0.335,1.675,0.092
193900,5.000,0.342,1.709,0.092
194100,5.000,0.331,1.656,0.093
194300,5.000,0.331,1.656,0.093
194500,5.000,0.331,1.656,0.093
194700,5.000,0.343,1.717,0.093
194900,5.000,0.335,1.675,0.093
195100,5.000,0.335,1.675,0.093
195300,5.000,0.329,1.645,0.093
195500,5.000,0.339,1.698,0.093
195700,5.000,0.340,1.698,0.093
195900,5.000,0.340,1.698,0.093
196100,5.000,0.328,1.641,0.093
196300,5.000,0.334,1.671,0.094
196500,5.000,0.342,1.709,0.094
196700,5.000,0.342,1.709,0.094
196900,5.000,0.330,1.652,0.094
197100,5.000,0.330,1.652,0.094
197300,5.000,0.342,1.713,0.094
197500,5.000,0.334,1.671,0.094
197700,5.000,0.334,1.671,0.094
197900,5.000,0.329,1.645,0.094
198100,5.000,0.339,1.698,0.094
198300,5.000,0.339,1.698,0.095
198500,5.000,0.338,1.694,0.095
198700,5.000,0.328,1.641,0.095
198900,5.000,0.338,1.687,0.095
199100,5.000,0.338,1.687,0.095
199300,5.000,0.341,1.706,0.095
199500,5.000,0.330,1.648,0.095
199700,5.000,0.333,1.667,0.095
199900,5.000,0.333,1.667,0.095
200100,5.000,0.342,1.709,0.095
200300,5.000,0.332,1.660,0.095
200500,5.000,0.332,1.660,0.096
200700,5.000,0.342,1.709,0.096
200900,5.000,0.342,1.709,0.096
201100,5.000,0.335,1.675,0.096
201300,5.000,0.329,1.645,0.096
201500,5.000,0.329,1.645,0.096
201700,5.000,0.339,1.698,0.096
201900,5.000,0.338,1.694,0.096
202100,5.000,0.328,1.641,0.096
202300,5.000,0.328,1.641,0.096
202500,5.000,0.337,1.687,0.097
202700,5.000,0.341,1.706,0.097
202900,5.000,0.341,1.706,0.097
203100,5.000,0.329,1.645,0.097
203300,5.000,0.333,1.664,0.097
203500,5.000,0.342,1.713,0.097
203700,5.000,0.342,1.713,0.097
203900,5.000,0.331,1.656,0.097
204100,5.000,0.329,1.648,0.097
204300,5.000,0.342,1.709,0.097
204500,5.000,0.337,1.683,0.098
204700,5.000,0.337,1.683,0.098
204900,5.000,0.329,1.645,0.098
205100,5.000,0.339,1.698,0.098
205300,5.000,0.339,1.698,0.098
205500,5.000,0.339,1.698,0.098
205700,5.000,0.329,1.645,0.098
205900,5.000,0.336,1.679,0.098
206100,5.000,0.336,1.679,0.098
206300,5.000,0.342,1.709,0.098
206500,5.000,0.330,1.652,0.098
206700,5.000,0.331,1.656,0.099
206900,5.000,0.331,1.656,0.099
207100,5.000,0.343,1.713,0.099
207300,5.000,0.334,1.667,0.099
207500,5.000,0.329,1.645,0.099
207700,5.000,0.340,1.698,0.099
207900,5.000,0.340,1.698,0.099
208100,5.000,0.339,1.698,0.099
208300,5.000,0.329,1.645,0.099
208500,5.000,0.336,1.679,0.099
208700,5.000,0.336,1.679,0.100
208900,5.000,0.341,1.706,0.100
209100,5.000,0.330,1.648,0.100
209300,5.000,0.330,1.648,0.100
209500,5.000,0.333,1.664,0.100
209700,5.000,0.343,1.713,0.100
209900,5.000,0.333,1.664,0.100
210100,5.000,0.333,1.664,0.100
210300,5.000,0.330,1.652,0.100
210500,5.000,0.341,1.709,0.100
210700,5.000,0.336,1.679,0.100
210900,5.000,0.336,1.679,0.101
211100,5.000,0.328,1.641,0.101
211300,5.000,0.339,1.694,0.101
211500,5.000,0.339,1.698,0.101
211700,5.000,0.329,1.645,0.101
211900,5.000,0.329,1.645,0.101
212100,5.000,0.334,1.675,0.101
212300,5.000,0.341,1.706,0.101
212500,5.000,0.341,1.706,0.101
212700,5.000,0.331,1.652,0.101
212900,5.000,0.331,1.656,0.102
213100,5.000,0.342,1.709,0.102
213300,5.000,0.342,1.709,0.102
213500,5.000,0.335,1.675,0.102
213700,5.000,0.329,1.645,0.102
213900,5.000,0.329,1.645,0.102
214100,5.000,0.340,1.702,0.102
214300,5.000,0.338,1.690,0.102
214500,5.000,0.328,1.641,0.102
214700,5.000,0.339,1.694,0.102
214900,5.000,0.339,1.694,0.102
215100,5.000,0.340,1.702,0.103
215300,5.000,0.329,1.645,0.103
215500,5.000,0.335,1.675,0.103
215700,5.000,0.335,1.675,0.103
215900,5.000,0.342,1.709,0.103
216100,5.000,0.330,1.652,0.103
216300,5.000,0.332,1.660,0.103
216500,5.000,0.332,1.660,0.103
216700,5.000,0.342,1.713,0.103
216900,5.000,0.334,1.671,0.103
217100,5.000,0.334,1.671,0.104
217300,5.000,0.329,1.645,0.104
217500,5.000,0.340,1.702,0.104
217700,5.000,0.339,1.694,0.104
217900,5.000,0.339,1.694,0.104
218100,5.000,0.328,1.637,0.104
218300,5.000,0.344,1.721,0.104
218500,5.000,0.354,1.771,0.104
218700,5.000,0.329,1.648,0.104
218900,5.000,0.329,1.648,0.104
219100,5.000,0.334,1.671,0.104
219300,5.000,0.341,1.709,0.105
219500,5.000,0.332,1.660,0.105
219700,5.000,0.332,1.660,0.105
219900,5.000,0.334,1.667,0.105
220100,5.000,0.341,1.706,0.105
220300,5.000,0.341,1.706,0.105
220500,5.000,0.337,1.690,0.105
220700,5.000,0.328,1.645,0.105
220900,5.000,0.336,1.679,0.105
221100,5.000,0.336,1.679,0.105
221300,5.000,0.341,1.706,0.106
221500,5.000,0.330,1.652,0.106
221700,5.000,0.332,1.660,0.106
221900,5.000,0.343,1.713,0.106
222100,5.000,0.343,1.713,0.106
222300,5.000,0.333,1.667,0.106
222500,5.000,0.330,1.648,0.106
222700,5.000,0.340,1.702,0.106
222900,5.000,0.340,1.702,0.106
223100,5.000,0.339,1.694,0.106
223300,5.000,0.329,1.648,0.107
223500,5.000,0.329,1.648,0.107
223700,5.000,0.336,1.679,0.107
223900,5.000,0.342,1.709,0.107
224100,5.000,0.332,1.660,0.107
224300,5.000,0.332,1.660,0.107
224500,5.000,0.330,1.648,0.107
224700,5.000,0.341,1.706,0.107
224900,5.000,0.341,1.706,0.107
225100,5.000,0.328,1.641,0.107
225300,5.000,0.328,1.641,0.107
225500,5.000,0.336,1.679,0.108
225700,5.000,0.342,1.713,0.108
225900,5.000,0.342,1.713,0.108
226100,5.000,0.330,1.652,0.108
226300,5.000,0.331,1.660,0.108
226500,5.000,0.342,1.713,0.108
226700,5.000,0.342,1.713,0.108
226900,5.000,0.334,1.671,0.108
227100,5.000,0.329,1.645,0.108
227300,5.000,0.341,1.706,0.108
227500,5.000,0.341,1.706,0.109
227700,5.000,0.339,1.698,0.109
227900,5.000,0.328,1.641,0.109
228100,5.000,0.328,1.641,0.109
228300,5.000,0.334,1.675,0.109
228500,5.000,0.342,1.713,0.109
228700,5.000,0.332,1.660,0.109
228900,5.000,0.331,1.656,0.109
229100,5.000,0.331,1.656,0.109
229300,5.000,0.342,1.713,0.109
229500,5.000,0.337,1.683,0.109
229700,5.000,0.330,1.648,0.110
229900,5.000,0.330,1.648,0.110
230100,5.000,0.339,1.694,0.110
230300,5.000,0.341,1.706,0.110
230500,5.000,0.329,1.648,0.110
230700,5.000,0.329,1.648,0.110
230900,5.000,0.334,1.667,0.110
231100,5.000,0.342,1.713,0.110
231300,5.000,0.342,1.713,0.110
231500,5.000,0.333,1.667,0.110
231700,5.000,0.329,1.648,0.111
231900,5.000,0.341,1.706,0.111
232100,5.000,0.339,1.694,0.111
232300,5.000,0.339,1.694,0.111
232500,5.000,0.329,1.645,0.111
232700,5.000,0.337,1.683,0.111
232900,5.000,0.341,1.709,0.111
233100,5.000,0.341,1.709,0.111
233300,5.000,0.330,1.652,0.111
233500,5.000,0.332,1.660,0.111
233700,5.000,0.343,1.713,0.111
233900,5.000,0.343,1.713,0.112
234100,5.000,0.335,1.679,0.112
234300,5.000,0.329,1.645,0.112
234500,5.000,0.329,1.645,0.112
234700,5.000,0.340,1.698,0.112
234900,5.000,0.341,1.706,0.112
235100,5.000,0.329,1.645,0.112
235300,5.000,0.329,1.645,0.112
235500,5.000,0.334,1.671,0.112
235700,5.000,0.342,1.713,0.112
235900,5.000,0.334,1.671,0.113
236100,5.000,0.330,1.648,0.113
236300,5.000,0.330,1.648,0.113
236500,5.000,0.341,1.702,0.113
236700,5.000,0.339,1.698,0.113
236900,5.000,0.339,1.698,0.113
237100,5.000,0.328,1.641,0.113
237300,5.000,0.336,1.683,0.113
237500,5.000,0.342,1.713,0.113
237700,5.000,0.342,1.713,0.113
237900,5.000,0.330,1.652,0.113
238100,5.000,0.331,1.656,0.114
238300,5.000,0.342,1.709,0.114
238500,5.000,0.342,1.709,0.114
238700,5.000,0.335,1.675,0.114
238900,5.000,0.329,1.645,0.114
239100,5.000,0.339,1.698,0.114
239300,5.000,0.340,1.702,0.114
239500,5.000,0.340,1.702,0.114
239700,5.000,0.330,1.648,0.114
239900,5.000,0.334,1.671,0.114
240100,5.000,0.334,1.671,0.115
240300,5.000,0.342,1.713,0.115
240500,5.000,0.331,1.656,0.115
240700,5.000,0.330,1.652,0.115
240900,5.000,0.330,1.652,0.115
241100,5.000,0.341,1.709,0.115
241300,5.000,0.335,1.679,0.115
241500,5.000,0.328,1.641,0.115
241700,5.000,0.328,1.641,0.115
241900,5.000,0.339,1.698,0.115
242100,5.000,0.339,1.694,0.115
242300,5.000,0.339,1.694,0.116
242500,5.000,0.328,1.641,0.116
242700,5.000,0.337,1.687,0.116
242900,5.000,0.342,1.709,0.116
243100,5.000,0.330,1.652,0.116
243300,5.000,0.330,1.652,0.116
243500,5.000,0.333,1.664,0.116
243700,5.000,0.342,1.713,0.116
243900,5.000,0.334,1.671,0.116
244100,5.000,0.334,1.671,0.116
244300,5.000,0.329,1.648,0.117
244500,5.000,0.341,1.706,0.117
244700,5.000,0.338,1.690,0.117
244900,5.000,0.338,1.690,0.117
245100,5.000,0.328,1.641,0.117
245300,5.000,0.338,1.690,0.117
245500,5.000,0.338,1.690,0.117
245700,5.000,0.341,1.706,0.117
245900,5.000,0.329,1.648,0.117
246100,5.000,0.332,1.664,0.117
246300,5.000,0.343,1.717,0.118
246500,5.000,0.343,1.717,0.118
246700,5.000,0.334,1.671,0.118
246900,5.000,0.329,1.648,0.118
247100,5.000,0.340,1.702,0.118
247300,5.000,0.340,1.702,0.118
247500,5.000,0.339,1.698,0.118
247700,5.000,0.329,1.645,0.118
247900,5.000,0.329,1.645,0.118
248100,5.000,0.334,1.671,0.118
248300,5.000,0.343,1.713,0.118
248500,5.000,0.331,1.656,0.119
248700,5.000,0.331,1.656,0.119
248900,5.000,0.330,1.648,0.119
249100,5.000,0.341,1.706,0.119
249300,5.000,0.337,1.687,0.119
249500,5.000,0.337,1.687,0.119
249700,5.000,0.329,1.645,0.119
249900,5.000,0.337,1.683,0.119
250100,5.000,0.341,1.709,0.119
250300,5.000,0.330,1.652,0.119
250500,5.000,0.330,1.652,0.120
250700,5.000,0.331,1.656,0.120
250900,5.000,0.342,1.709,0.120
251100,5.000,0.342,1.709,0.120
251300,5.000,0.336,1.679,0.120
251500,5.000,0.329,1.648,0.120
251700,5.000,0.339,1.694,0.120
251900,5.000,0.339,1.694,0.120
252100,5.000,0.341,1.702,0.120
252300,5.000,0.329,1.648,0.120
252500,5.000,0.333,1.667,0.120
252700,5.000,0.333,1.667,0.121
252900,5.000,0.342,1.713,0.121
253100,5.000,0.334,1.671,0.121
253300,5.000,0.330,1.652,0.121
253500,5.000,0.341,1.706,0.121
253700,5.000,0.341,1.706,0.121
253900,5.000,0.339,1.694,0.121
254100,5.000,0.328,1.641,0.121
254300,5.000,0.328,1.641,0.121
254500,5.000,0.336,1.683,0.121
254700,5.000,0.342,1.713,0.122
254900,5.000,0.329,1.645,0.122
255100,5.000,0.329,1.645,0.122
255300,5.000,0.332,1.664,0.122
255500,5.000,0.342,1.713,0.122
255700,5.000,0.334,1.667,0.122
255900,5.000,0.334,1.667,0.122
256100,5.000,0.329,1.645,0.122
256300,5.000,0.340,1.702,0.122
256500,5.000,0.340,1.702,0.122
256700,5.000,0.339,1.645,0.123
256900,5.000,0.329,1.645,0.123
257100,5.000,0.336,1.679,0.123
257300,5.000,0.342,1.709,0.123
257500,5.000,0.342,1.709,0.123
257700,5.000,0.331,1.656,0.123
257900,5.000,0.330,1.652,0.123
258100,5.000,0.342,1.713,0.123
258300,5.000,0.342,1.713,0.123
258500,5.000,0.336,1.683,0.123
258700,5.000,0.328,1.645,0.123
258900,5.000,0.328,1.645,0.124
259100,5.000,0.338,1.690,0.124
259300,5.000,0.341,1.706,0.124
259500,5.000,0.330,1.648,0.124
259700,5.000,0.330,1.648,0.124
259900,5.000,0.332,1.664,0.124
260100,5.000,0.343,1.713,0.124
260300,5.000,0.334,1.675,0.124
260500,5.000,0.329,1.645,0.124
260700,5.000,0.329,1.645,0.124
260900,5.000,0.340,1.702,0.125
261100,5.000,0.339,1.694,0.125
261300,5.000,0.329,1.645,0.125
261500,5.000,0.329,1.645,0.125
261700,5.000,0.335,1.675,0.125
261900,5.000,0.341,1.709,0.125
262100,5.000,0.341,1.709,0.125
262300,5.000,0.332,1.660,0.125
262500,5.000,0.329,1.645,0.125
262700,5.000,0.341,1.702,0.125
262900,5.000,0.341,1.702,0.125
263100,5.000,0.337,1.687,0.126
263300,5.000,0.328,1.641,0.126
263500,5.000,0.337,1.683,0.126
263700,5.000,0.341,1.709,0.126
263900,5.000,0.341,1.709,0.126
264100,5.000,0.329,1.648,0.126
264300,5.000,0.331,1.656,0.126
264500,5.000,0.341,1.709,0.126
264700,5.000,0.341,1.709,0.126
264900,5.000,0.336,1.679,0.126
265100,5.000,0.329,1.645,0.127
265300,5.000,0.329,1.645,0.127
265500,5.000,0.339,1.698,0.127
265700,5.000,0.339,1.694,0.127
265900,5.000,0.328,1.641,0.127
266100,5.000,0.328,1.641,0.127
266300,5.000,0.334,1.671,0.127
266500,5.000,0.341,1.709,0.127
266700,5.000,0.330,1.652,0.127
266900,5.000,0.330,1.652,0.127
267100,5.000,0.330,1.652,0.128
267300,5.000,0.342,1.713,0.128
267500,5.000,0.335,1.675,0.128
267700,5.000,0.328,1.641,0.128
267900,5.000,0.328,1.641,0.128
268100,5.000,0.339,1.698,0.128
268300,5.000,0.339,1.698,0.128
268500,5.000,0.339,1.698,0.128
268700,5.000,0.328,1.645,0.128
268900,5.000,0.334,1.675,0.128
269100,5.000,0.343,1.713,0.128
269300,5.000,0.343,1.713,0.129
269500,5.000,0.331,1.656,0.129
269700,5.000,0.330,1.652,0.129
269900,5.000,0.330,1.652,0.129
270100,5.000,0.341,1.706,0.129
270300,5.000,0.336,1.683,0.129
270500,5.000,0.327,1.637,0.129
270700,5.000,0.338,1.690,0.129
270900,5.000,0.338,1.690,0.129
271100,5.000,0.341,1.706,0.129
271300,5.000,0.330,1.648,0.130
271500,5.000,0.333,1.667,0.130
271700,5.000,0.333,1.667,0.130
271900,5.000,0.342,1.713,0.130
272100,5.000,0.331,1.656,0.130
272300,5.000,0.330,1.652,0.130
272500,5.000,0.330,1.652,0.130
272700,5.000,0.341,1.706,0.130
272900,5.000,0.335,1.675,0.130
273100,5.000,0.335,1.675,0.130
273300,5.000,0.328,1.641,0.130
273500,5.000,0.337,1.687,0.131
273700,5.000,0.339,1.698,0.131
273900,5.000,0.339,1.698,0.131
274100,5.000,0.329,1.645,0.131
274300,5.000,0.332,1.664,0.131
274500,5.000,0.342,1.709,0.131
274700,5.000,0.332,1.664,0.131
274900,5.000,0.332,1.664,0.131
275100,5.000,0.330,1.648,0.131
275300,5.000,0.340,1.702,0.131
275500,5.000,0.338,1.694,0.132
275700,5.000,0.338,1.694,0.132
275900,5.000,0.328,1.641,0.132
276100,5.000,0.337,1.687,0.132
276300,5.000,0.337,1.687,0.132
276500,5.000,0.341,1.706,0.132
276700,5.000,0.339,1.698,0.132
276900,5.000,0.353,1.767,0.132
277100,5.000,0.353,1.767,0.132
277300,5.000,0.343,1.713,0.132
277500,5.000,0.333,1.667,0.132
277700,5.000,0.329,1.645,0.133
277900,5.000,0.341,1.706,0.133
278100,5.000,0.341,1.706,0.133
278300,5.000,0.336,1.683,0.133
278500,5.000,0.328,1.641,0.133
278700,5.000,0.337,1.683,0.133
278900,5.000,0.337,1.683,0.133
279100,5.000,0.339,1.698,0.133
279300,5.000,0.329,1.645,0.133
279500,5.000,0.329,1.645,0.133
279700,5.000,0.332,1.664,0.134
279900,5.000,0.342,1.713,0.134
280100,5.000,0.331,1.656,0.134
280300,5.000,0.331,1.656,0.134
280500,5.000,0.329,1.648,0.134
280700,5.000,0.341,1.706,0.134
280900,5.000,0.341,1.706,0.134
281100,5.000,0.328,1.641,0.134
281300,5.000,0.328,1.641,0.134
281500,5.000,0.339,1.694,0.134
281700,5.000,0.340,1.702,0.135
281900,5.000,0.340,1.702,0.135
282100,5.000,0.328,1.641,0.135
282300,5.000,0.334,1.671,0.135
282500,5.000,0.341,1.709,0.135
282700,5.000,0.341,1.709,0.135
282900,5.000,0.332,1.660,0.135
283100,5.000,0.330,1.652,0.135
283300,5.000,0.341,1.706,0.135
283500,5.000,0.341,1.706,0.135
283700,5.000,0.335,1.675,0.135
283900,5.000,0.328,1.641,0.136
284100,5.000,0.328,1.641,0.136
284300,5.000,0.339,1.694,0.136
284500,5.000,0.339,1.694,0.136
284700,5.000,0.329,1.645,0.136
284900,5.000,0.336,1.679,0.136
285100,5.000,0.336,1.679,0.136
285300,5.000,0.341,1.706,0.136
285500,5.000,0.329,1.648,0.136
285700,5.000,0.332,1.660,0.136
285900,5.000,0.332,1.660,0.137
286100,5.000,0.342,1.709,0.137
286300,5.000,0.334,1.667,0.137
286500,5.000,0.329,1.645,0.137
286700,5.000,0.329,1.645,0.137
286900,5.000,0.340,1.702,0.137
287100,5.000,0.337,1.687,0.137
287300,5.000,0.337,1.687,0.137
287500,5.000,0.327,1.637,0.137
287700,5.000,0.337,1.687,0.137
287900,5.000,0.340,1.702,0.137
288100,5.000,0.328,1.641,0.138
288300,5.000,0.328,1.641,0.138
288500,5.000,0.333,1.667,0.138
288700,5.000,0.342,1.709,0.138
288900,5.000,0.330,1.652,0.138
289100,5.000,0.330,1.652,0.138
289300,5.000,0.330,1.648,0.138
289500,5.000,0.341,1.709,0.138
289700,5.000,0.335,1.675,0.138
289900,5.000,0.335,1.675,0.138
290100,5.000,0.329,1.645,0.139
290300,5.000,0.340,1.698,0.139
290500,5.000,0.340,1.698,0.139
290700,5.000,0.339,1.694,0.139
290900,5.000,0.328,1.637,0.139
291100,5.000,0.336,1.679,0.139
291300,5.000,0.336,1.679,0.139
291500,5.000,0.341,1.706,0.139
291700,5.000,0.330,1.648,0.139
291900,5.000,0.333,1.664,0.139
292100,5.000,0.342,1.713,0.139
292300,5.000,0.342,1.713,0.140
292500,5.000,0.331,1.656,0.140
292700,5.000,0.330,1.652,0.140
292900,5.000,0.330,1.652,0.140
293100,5.000,0.341,1.706,0.140
293300,5.000,0.335,1.679,0.140
293500,5.000,0.329,1.645,0.140
293700,5.000,0.329,1.645,0.140
293900,5.000,0.338,1.690,0.140
294100,5.000,0.339,1.698,0.140
294300,5.000,0.328,1.641,0.141
294500,5.000,0.328,1.641,0.141
294700,5.000,0.335,1.675,0.141
294900,5.000,0.341,1.709,0.141
295100,5.000,0.331,1.656,0.141
295300,5.000,0.331,1.656,0.141
295500,5.000,0.331,1.656,0.141
295700,5.000,0.342,1.709,0.141
295900,5.000,0.334,1.667,0.141
296100,5.000,0.334,1.667,0.141
296300,5.000,0.328,1.641,0.141
296500,5.000,0.340,1.702,0.142
296700,5.000,0.337,1.687,0.142
296900,5.000,0.337,1.687,0.142
297100,5.000,0.328,1.641,0.142
297300,5.000,0.337,1.687,0.142
297500,5.000,0.341,1.706,0.142
297700,5.000,0.341,1.706,0.142
297900,5.000,0.329,1.645,0.142
298100,5.000,0.333,1.664,0.142
298300,5.000,0.333,1.664,0.142
298500,5.000,0.341,1.709,0.143
298700,5.000,0.332,1.660,0.143
298900,5.000,0.330,1.648,0.143
299100,5.000,0.341,1.709,0.143
299300,5.000,0.341,1.709,0.143
299500,5.000,0.336,1.679,0.143
299700,5.000,0.330,1.648,0.143
299900,5.000,0.338,1.690,0.143
300100,5.000,0.338,1.690,0.143
300300,5.000,0.339,1.694,0.143
300500,5.000,0.328,1.641,0.143
300700,5.000,0.335,1.675,0.144
300900,5.000,0.335,1.675,0.144
301100,5.000,0.341,1.706,0.144
301300,5.000,0.330,1.652,0.144
301500,5.000,0.330,1.652,0.144
301700,5.000,0.331,1.656,0.144
301900,5.000,0.341,1.709,0.144
302100,5.000,0.334,1.675,0.144
302300,5.000,0.328,1.641,0.144
302500,5.000,0.328,1.641,0.144
302700,5.000,0.340,1.698,0.145
302900,5.000,0.337,1.687,0.145
303100,5.000,0.328,1.641,0.145
303300,5.000,0.328,1.641,0.145
303500,5.000,0.337,1.687,0.145
303700,5.000,0.339,1.694,0.145
303900,5.000,0.339,1.694,0.145
304100,5.000,0.329,1.645,0.145
304300,5.000,0.334,1.667,0.145
304500,5.000,0.341,1.706,0.145
304700,5.000,0.341,1.706,0.145
304900,5.000,0.331,1.656,0.146
305100,5.000,0.331,1.656,0.146
305300,5.000,0.341,1.706,0.146
305500,5.000,0.341,1.706,0.146
305700,5.000,0.335,1.675,0.146
305900,5.000,0.328,1.641,0.146
306100,5.000,0.340,1.702,0.146
306300,5.000,0.338,1.690,0.146
306500,5.000,0.338,1.690,0.146
306700,5.000,0.327,1.637,0.146
306900,5.000,0.336,1.683,0.147
307100,5.000,0.336,1.683,0.147
307300,5.000,0.340,1.702,0.147
307500,5.000,0.329,1.645,0.147
307700,5.000,0.332,1.664,0.147
307900,5.000,0.332,1.664,0.147
308100,5.000,0.342,1.709,0.147
308300,5.000,0.331,1.660,0.147
308500,5.000,0.329,1.645,0.147
308700,5.000,0.329,1.645,0.147
308900,5.000,0.340,1.702,0.147
309100,5.000,0.337,1.687,0.148
309300,5.000,0.327,1.637,0.148
309500,5.000,0.337,1.687,0.148
309700,5.000,0.337,1.687,0.148
309900,5.000,0.341,1.706,0.148
310100,5.000,0.329,1.645,0.148
310300,5.000,0.329,1.645,0.148
310500,5.000,0.334,1.671,0.148
310700,5.000,0.341,1.709,0.148
310900,5.000,0.331,1.656,0.148
311100,5.000,0.331,1.656,0.149
311300,5.000,0.331,1.656,0.149
311500,5.000,0.341,1.706,0.149
311700,5.000,0.333,1.667,0.149
311900,5.000,0.333,1.667,0.149
312100,5.000,0.329,1.645,0.149
312300,5.000,0.339,1.694,0.149
312500,5.000,0.339,1.694,0.149
312700,5.000,0.338,1.641,0.149
312900,5.000,0.328,1.641,0.149
313100,5.000,0.336,1.683,0.150
313300,5.000,0.341,1.706,0.150
313500,5.000,0.341,1.706,0.150
313700,5.000,0.329,1.648,0.150
313900,5.000,0.332,1.660,0.150
314100,5.000,0.342,1.713,0.150
314300,5.000,0.342,1.713,0.150
314500,5.000,0.332,1.664,0.150
314700,5.000,0.330,1.652,0.150
314900,5.000,0.330,1.652,0.150
315100,5.000,0.341,1.706,0.150
315300,5.000,0.336,1.683,0.151
315500,5.000,0.328,1.637,0.151
315700,5.000,0.328,1.637,0.151
315900,5.000,0.337,1.687,0.151
316100,5.000,0.340,1.702,0.151
316300,5.000,0.328,1.645,0.151
316500,5.000,0.333,1.664,0.151
316700,5.000,0.333,1.664,0.151
316900,5.000,0.342,1.713,0.151
317100,5.000,0.330,1.652,0.151
317300,5.000,0.330,1.652,0.152
317500,5.000,0.330,1.652,0.152
317700,5.000,0.342,1.709,0.152
317900,5.000,0.334,1.671,0.152
318100,5.000,0.334,1.671,0.152
318300,5.000,0.329,1.645,0.152
318500,5.000,0.340,1.702,0.152
318700,5.000,0.337,1.687,0.152
318900,5.000,0.337,1.687,0.152
319100,5.000,0.328,1.641,0.152
319300,5.000,0.337,1.683,0.152
319500,5.000,0.340,1.702,0.153
319700,5.000,0.330,1.652,0.153
319900,5.000,0.330,1.652,0.153
320100,5.000,0.332,1.660,0.153
320300,5.000,0.342,1.709,0.153
320500,5.000,0.332,1.660,0.153
320700,5.000,0.332,1.660,0.153
320900,5.000,0.329,1.645,0.153
321100,5.000,0.340,1.702,0.153
321300,5.000,0.340,1.702,0.153
321500,5.000,0.338,1.690,0.154
321700,5.000,0.328,1.641,0.154
321900,5.000,0.336,1.679,0.154
322100,5.000,0.336,1.679,0.154
322300,5.000,0.340,1.702,0.154
322500,5.000,0.329,1.648,0.154
322700,5.000,0.333,1.664,0.154
322900,5.000,0.333,1.664,0.154
323100,5.000,0.342,1.709,0.154
323300,5.000,0.332,1.660,0.154
323500,5.000,0.330,1.652,0.155
323700,5.000,0.341,1.709,0.155
323900,5.000,0.341,1.709,0.155
324100,5.000,0.335,1.675,0.155
324300,5.000,0.327,1.637,0.155
324500,5.000,0.327,1.637,0.155
324700,5.000,0.340,1.698,0.155
324900,5.000,0.339,1.694,0.155
325100,5.000,0.328,1.641,0.155
325300,5.000,0.328,1.641,0.155
325500,5.000,0.335,1.675,0.155
325700,5.000,0.341,1.706,0.156
325900,5.000,0.341,1.706,0.156
326100,5.000,0.330,1.652,0.156
326300,5.000,0.331,1.652,0.156
326500,5.000,0.342,1.709,0.156
326700,5.000,0.334,1.671,0.156
326900,5.000,0.334,1.671,0.156
327100,5.000,0.329,1.645,0.156
327300,5.000,0.341,1.702,0.156
327500,5.000,0.339,1.694,0.156
327700,5.000,0.339,1.694,0.157
327900,5.000,0.327,1.637,0.157
328100,5.000,0.337,1.683,0.157
328300,5.000,0.341,1.706,0.157
328500,5.000,0.341,1.706,0.157
328700,5.000,0.329,1.648,0.157
328900,5.000,0.333,1.664,0.157
329100,5.000,0.333,1.664,0.157
329300,5.000,0.342,1.709,0.157
329500,5.000,0.331,1.656,0.157
329700,5.000,0.330,1.652,0.157
329900,5.000,0.330,1.652,0.158
330100,5.000,0.341,1.706,0.158
330300,5.000,0.335,1.679,0.158
330500,5.000,0.329,1.645,0.158
330700,5.000,0.339,1.698,0.158
330900,5.000,0.339,1.698,0.158
331100,5.000,0.339,1.698,0.158
331300,5.000,0.328,1.641,0.158
331500,5.000,0.336,1.683,0.158
331700,5.000,0.336,1.683,0.158
331900,5.000,0.341,1.706,0.159
332100,5.000,0.329,1.645,0.159
332300,5.000,0.329,1.645,0.159
332500,5.000,0.333,1.664,0.159
332700,5.000,0.342,1.709,0.159
332900,5.000,0.331,1.656,0.159
333100,5.000,0.331,1.656,0.159
333300,5.000,0.329,1.648,0.159
333500,5.000,0.341,1.709,0.159
333700,5.000,0.336,1.679,0.159
333900,5.000,0.329,1.645,0.160
334100,5.000,0.329,1.645,0.160
334300,5.000,0.339,1.698,0.160
334500,5.000,0.340,1.702,0.160
334700,5.000,0.340,1.648,0.160
334900,5.000,0.329,1.648,0.160
335100,5.000,0.343,1.717,0.160
335300,5.000,0.352,1.763,0.160
335500,5.000,0.352,1.763,0.160
335700,5.000,0.328,1.637,0.160
335900,5.000,0.337,1.687,0.160
336100,5.000,0.342,1.709,0.161
336300,5.000,0.342,1.709,0.161
336500,5.000,0.330,1.648,0.161
336700,5.000,0.332,1.660,0.161
336900,5.000,0.332,1.660,0.161
337100,5.000,0.333,1.664,0.161
337300,5.000,0.333,1.664,0.161
337500,5.000,0.330,1.648,0.161
337700,5.000,0.340,1.702,0.161
337900,5.000,0.340,1.702,0.161
338100,5.000,0.337,1.687,0.162
338300,5.000,0.328,1.641,0.162
338500,5.000,0.336,1.683,0.162
338700,5.000,0.336,1.683,0.162
338900,5.000,0.341,1.702,0.162
339100,5.000,0.329,1.648,0.162
339300,5.000,0.331,1.652,0.162
339500,5.000,0.331,1.652,0.162
339700,5.000,0.342,1.713,0.162
339900,5.000,0.334,1.671,0.162
340100,5.000,0.334,1.671,0.162
340300,5.000,0.329,1.645,0.163
340500,5.000,0.339,1.694,0.163
340700,5.000,0.339,1.694,0.163
340900,5.000,0.329,1.645,0.163
341100,5.000,0.329,1.645,0.163
