300,5.000,0.543,2.709,0.000
500,5.000,0.543,2.709,0.000
700,5.000,0.541,2.702,0.000
900,5.000,0.554,2.771,0.000
1100,5.000,0.557,2.782,0.000
1300,5.000,0.557,2.771,0.000
1500,5.000,0.555,2.771,0.001
1700,5.000,0.554,2.767,0.001
1900,5.000,0.552,2.755,0.001
2100,5.000,0.552,2.755,0.001
2300,5.000,0.555,2.774,0.001
2500,5.000,0.554,2.767,0.001
2700,5.000,0.556,2.778,0.001
2900,5.000,0.556,2.778,0.002
3100,5.000,0.554,2.767,0.002
3300,5.000,0.556,2.778,0.002
3500,5.000,0.556,2.778,0.002
3700,5.000,0.554,2.771,0.002
3900,5.000,0.554,2.767,0.002
4100,5.000,0.557,2.782,0.003
4300,5.000,0.554,2.771,0.003
4500,5.000,0.554,2.771,0.003
4700,5.000,0.556,2.774,0.003
4900,5.000,0.557,2.782,0.003
5100,5.000,0.555,2.771,0.003
5300,5.000,0.555,2.771,0.004
5500,5.000,0.557,2.782,0.004
5700,5.000,0.558,2.786,0.004
5900,5.000,0.550,2.748,0.004
6100,5.000,0.550,2.748,0.004
6300,5.000,0.553,2.767,0.004
6500,5.000,0.555,2.774,0.004
6700,5.000,0.555,2.774,0.005
6900,5.000,0.548,2.736,0.005
7100,5.000,0.551,2.755,0.005
7300,5.000,0.552,2.759,0.005
7500,5.000,0.552,2.759,0.005
7700,5.000,0.552,2.755,0.005
7900,5.000,0.553,2.759,0.006
8100,5.000,0.556,2.774,0.006
8300,5.000,0.550,2.748,0.006
8500,5.000,0.550,2.748,0.006
8700,5.000,0.552,2.759,0.006
8900,5.000,0.550,2.748,0.006
9100,5.000,0.551,2.751,0.007
9300,5.000,0.551,2.751,0.007
9500,5.000,0.553,2.759,0.007
9700,5.000,0.552,2.755,0.007
9900,5.000,0.552,2.755,0.007
10100,5.000,0.548,2.736,0.007
10300,5.000,0.551,2.751,0.007
10500,5.000,0.555,2.771,0.008
10700,5.000,0.555,2.771,0.008
10900,5.000,0.551,2.751,0.008
11100,5.000,0.552,2.755,0.008
11300,5.000,0.553,2.763,0.008
11500,5.000,0.551,2.755,0.008
11700,5.000,0.551,2.755,0.009
11900,5.000,0.553,2.763,0.009
12100,5.000,0.549,2.744,0.009
12300,5.000,0.549,2.744,0.009
12500,5.000,0.550,2.748,0.009
12700,5.000,0.553,2.763,0.009
12900,5.000,0.552,2.759,0.010
13100,5.000,0.552,2.759,0.010
13300,5.000,0.552,2.759,0.010
13500,5.000,0.549,2.740,0.010
13700,5.000,0.551,2.751,0.010
13900,5.000,0.551,2.751,0.010
14100,5.000,0.550,2.744,0.010
14300,5.000,0.553,2.759,0.011
14500,5.000,0.553,2.759,0.011
14700,5.000,0.554,2.767,0.011
14900,5.000,0.554,2.767,0.011
15100,5.000,0.554,2.767,0.011
15300,5.000,0.551,2.751,0.011
15500,5.000,0.551,2.751,0.012
15700,5.000,0.552,2.755,0.012
15900,5.000,0.552,2.759,0.012
16100,5.000,0.551,2.755,0.012
16300,5.000,0.551,2.755,0.012
16500,5.000,0.550,2.748,0.012
16700,5.000,0.556,2.774,0.013
16900,5.000,0.552,2.755,0.013
17100,5.000,0.552,2.755,0.013
17300,5.000,0.550,2.748,0.013
17500,5.000,0.551,2.755,0.013
17700,5.000,0.551,2.755,0.013
17900,5.000,0.552,2.759,0.013
18100,5.000,0.551,2.748,0.014
18300,5.000,0.556,2.778,0.014
18500,5.000,0.551,2.751,0.014
18700,5.000,0.551,2.751,0.014
18900,5.000,0.552,2.759,0.014
19100,5.000,0.552,2.759,0.014
19300,5.000,0.550,2.744,0.015
19500,5.000,0.550,2.744,0.015
19700,5.000,0.552,2.755,0.015
19900,5.000,0.555,2.774,0.015
20100,5.000,0.551,2.751,0.015
20300,5.000,0.551,2.751,0.015
20500,5.000,0.549,2.744,0.016
20700,5.000,0.554,2.771,0.016
20900,5.000,0.554,2.771,0.016
21100,5.000,0.546,2.725,0.016
21300,5.000,0.551,2.755,0.016
21500,5.000,0.552,2.755,0.016
21700,5.000,0.552,2.755,0.017
21900,5.000,0.552,2.755,0.017
22100,5.000,0.554,2.767,0.017
22300,5.000,0.556,2.778,0.017
22500,5.000,0.554,2.771,0.017
22700,5.000,0.554,2.771,0.017
22900,5.000,0.556,2.778,0.017
23100,5.000,0.556,2.774,0.018
23300,5.000,0.556,2.774,0.018
23500,5.000,0.551,2.751,0.018
23700,5.000,0.555,2.771,0.018
23900,5.000,0.549,2.740,0.018
24100,5.000,0.549,2.740,0.018
24300,5.000,0.550,2.744,0.019
24500,5.000,0.552,2.755,0.019
24700,5.000,0.555,2.774,0.019
24900,5.000,0.555,2.774,0.019
25100,5.000,0.553,2.763,0.019
25300,5.000,0.553,2.763,0.019
25500,5.000,0.553,2.763,0.020
25700,5.000,0.551,2.751,0.020
25900,5.000,0.551,2.751,0.020
26100,5.000,0.551,2.751,0.020
26300,5.000,0.549,2.740,0.020
26500,5.000,0.549,2.740,0.020
26700,5.000,0.552,2.755,0.020
26900,5.000,0.554,2.771,0.021
27100,5.000,0.552,2.755,0.021
27300,5.000,0.552,2.755,0.021
27500,5.000,0.549,2.744,0.021
27700,5.000,0.554,2.763,0.021
27900,5.000,0.549,2.740,0.021
28100,5.000,0.549,2.740,0.021
28300,5.000,0.551,2.755,0.022
28500,5.000,0.552,2.755,0.022
28700,5.000,0.552,2.755,0.022
28900,5.000,0.552,2.755,0.022
29100,5.000,0.552,2.755,0.022
29300,5.000,0.555,2.771,0.022
29500,5.000,0.551,2.751,0.023
29700,5.000,0.551,2.751,0.023
29900,5.000,0.551,2.751,0.023
30100,5.000,0.553,2.763,0.023
30300,5.000,0.553,2.759,0.023
30500,5.000,0.553,2.759,0.023
30700,5.000,0.551,2.751,0.024
30900,5.000,0.551,2.751,0.024
31100,5.000,0.547,2.736,0.024
31300,5.000,0.547,2.736,0.024
31500,5.000,0.555,2.774,0.024
31700,5.000,0.546,2.729,0.024
31900,5.000,0.546,2.729,0.024
32100,5.000,0.554,2.767,0.025
32300,5.000,0.553,2.763,0.025
32500,5.000,0.555,2.774,0.025
32700,5.000,0.551,2.755,0.025
32900,5.000,0.551,2.755,0.025
33100,5.000,0.551,2.751,0.025
33300,5.000,0.552,2.755,0.026
33500,5.000,0.551,2.751,0.026
33700,5.000,0.551,2.751,0.026
33900,5.000,0.553,2.759,0.026
34100,5.000,0.556,2.778,0.026
34300,5.000,0.556,2.778,0.026
34500,5.000,0.547,2.732,0.027
34700,5.000,0.553,2.763,0.027
34900,5.000,0.546,2.729,0.027
35100,5.000,0.546,2.729,0.027
35300,5.000,0.551,2.755,0.027
35500,5.000,0.552,2.755,0.027
35700,5.000,0.558,2.786,0.028
35900,5.000,0.549,2.740,0.028
36100,5.000,0.549,2.740,0.028
36300,5.000,0.554,2.767,0.028
36500,5.000,0.553,2.763,0.028
36700,5.000,0.550,2.748,0.028
36900,5.000,0.550,2.748,0.028
37100,5.000,0.555,2.771,0.029
37300,5.000,0.553,2.759,0.029
37500,5.000,0.553,2.759,0.029
37700,5.000,0.553,2.763,0.029
37900,5.000,0.549,2.740,0.029
38100,5.000,0.551,2.751,0.029
38300,5.000,0.551,2.751,0.030
38500,5.000,0.548,2.736,0.030
38700,5.000,0.551,2.751,0.030
38900,5.000,0.553,2.759,0.030
39100,5.000,0.553,2.759,0.030
39300,5.000,0.553,2.763,0.030
39500,5.000,0.555,2.774,0.031
39700,5.000,0.551,2.751,0.031
39900,5.000,0.551,2.748,0.031
40100,5.000,0.551,2.748,0.031
40300,5.000,0.552,2.755,0.031
40500,5.000,0.551,2.751,0.031
40700,5.000,0.551,2.751,0.031
40900,5.000,0.553,2.763,0.032
41100,5.000,0.556,2.774,0.032
41300,5.000,0.549,2.744,0.032
41500,5.000,0.549,2.744,0.032
41700,5.000,0.551,2.755,0.032
41900,5.000,0.549,2.740,0.032
42100,5.000,0.551,2.755,0.033
42300,5.000,0.551,2.755,0.033
42500,5.000,0.551,2.751,0.033
42700,5.000,0.556,2.782,0.033
42900,5.000,0.551,2.751,0.033
43100,5.000,0.554,2.767,0.033
43300,5.000,0.554,2.767,0.034
43500,5.000,0.553,2.763,0.034
43700,5.000,0.552,2.759,0.034
43900,5.000,0.552,2.759,0.034
44100,5.000,0.551,2.755,0.034
44300,5.000,0.554,2.767,0.034
44500,5.000,0.548,2.740,0.034
44700,5.000,0.548,2.740,0.035
44900,5.000,0.550,2.748,0.035
45100,5.000,0.553,2.763,0.035
45300,5.000,0.553,2.763,0.035
45500,5.000,0.544,2.721,0.035
45700,5.000,0.557,2.782,0.035
45900,5.000,0.553,2.759,0.036
46100,5.000,0.553,2.759,0.036
46300,5.000,0.554,2.767,0.036
46500,5.000,0.552,2.759,0.036
46700,5.000,0.556,2.778,0.036
46900,5.000,0.549,2.740,0.036
47100,5.000,0.549,2.740,0.037
47300,5.000,0.551,2.755,0.037
47500,5.000,0.554,2.767,0.037
47700,5.000,0.551,2.751,0.037
47900,5.000,0.551,2.751,0.037
48100,5.000,0.552,2.759,0.037
48300,5.000,0.551,2.751,0.037
48500,5.000,0.551,2.751,0.038
48700,5.000,0.552,2.755,0.038
48900,5.000,0.548,2.740,0.038
49100,5.000,0.555,2.771,0.038
49300,5.000,0.555,2.771,0.038
49500,5.000,0.550,2.748,0.038
49700,5.000,0.551,2.751,0.039
49900,5.000,0.555,2.771,0.039
50100,5.000,0.548,2.736,0.039
50300,5.000,0.548,2.736,0.039
50500,5.000,0.552,2.755,0.039
50700,5.000,0.552,2.755,0.039
50900,5.000,0.554,2.767,0.039
51100,5.000,0.554,2.767,0.040
51300,5.000,0.556,2.774,0.040
51500,5.000,0.553,2.763,0.040
51700,5.000,0.553,2.763,0.040
51900,5.000,0.551,2.751,0.040
52100,5.000,0.551,2.751,0.040
52300,5.000,0.549,2.744,0.041
52500,5.000,0.549,2.744,0.041
52700,5.000,0.551,2.751,0.041
52900,5.000,0.553,2.763,0.041
53100,5.000,0.551,2.751,0.041
53300,5.000,0.551,2.751,0.041
53500,5.000,0.551,2.751,0.042
53700,5.000,0.555,2.771,0.042
53900,5.000,0.550,2.744,0.042
54100,5.000,0.552,2.755,0.042
54300,5.000,0.552,2.755,0.042
54500,5.000,0.552,2.759,0.042
54700,5.000,0.553,2.763,0.042
54900,5.000,0.553,2.763,0.043
55100,5.000,0.550,2.748,0.043
55300,5.000,0.555,2.771,0.043
55500,5.000,0.553,2.763,0.043
55700,5.000,0.553,2.763,0.043
55900,5.000,0.549,2.744,0.043
56100,5.000,0.553,2.759,0.044
56300,5.000,0.553,2.759,0.044
56500,5.000,0.550,2.748,0.044
56700,5.000,0.555,2.771,0.044
56900,5.000,0.553,2.763,0.044
57100,5.000,0.550,2.744,0.044
57300,5.000,0.550,2.744,0.045
57500,5.000,0.549,2.744,0.045
57700,5.000,0.551,2.755,0.045
57900,5.000,0.558,2.786,0.045
58100,5.000,0.558,2.786,0.045
58300,5.000,0.554,2.767,0.045
58500,5.000,0.555,2.771,0.045
58700,5.000,0.551,2.751,0.046
58900,5.000,0.551,2.751,0.046
59100,5.000,0.553,2.763,0.046
59300,5.000,0.548,2.740,0.046
59500,5.000,0.548,2.740,0.046
59700,5.000,0.551,2.751,0.046
59900,5.000,0.552,2.755,0.047
60100,5.000,0.556,2.774,0.047
60300,5.000,0.550,2.748,0.047
60500,5.000,0.550,2.748,0.047
60700,5.000,0.556,2.778,0.047
60900,5.000,0.549,2.740,0.047
61100,5.000,0.550,2.748,0.048
61300,5.000,0.550,2.748,0.048
61500,5.000,0.551,2.751,0.048
61700,5.000,0.556,2.778,0.048
61900,5.000,0.550,2.748,0.048
62100,5.000,0.550,2.748,0.048
62300,5.000,0.551,2.755,0.048
62500,5.000,0.552,2.755,0.049
62700,5.000,0.552,2.755,0.049
62900,5.000,0.545,2.721,0.049
63100,5.000,0.552,2.759,0.049
63300,5.000,0.552,2.759,0.049
63500,5.000,0.552,2.759,0.049
63700,5.000,0.553,2.759,0.050
63900,5.000,0.551,2.751,0.050
64100,5.000,0.555,2.771,0.050
64300,5.000,0.547,2.732,0.050
64500,5.000,0.547,2.732,0.050
64700,5.000,0.553,2.763,0.050
64900,5.000,0.552,2.759,0.051
65100,5.000,0.553,2.759,0.051
65300,5.000,0.553,2.759,0.051
65500,5.000,0.553,2.763,0.051
65700,5.000,0.549,2.740,0.051
65900,5.000,0.549,2.740,0.051
66100,5.000,0.552,2.755,0.051
66300,5.000,0.550,2.748,0.052
66500,5.000,0.552,2.755,0.052
66700,5.000,0.552,2.755,0.052
66900,5.000,0.551,2.751,0.052
67100,5.000,0.554,2.767,0.052
67300,5.000,0.548,2.736,0.052
67500,5.000,0.552,2.755,0.053
67700,5.000,0.552,2.755,0.053
67900,5.000,0.549,2.744,0.053
68100,5.000,0.551,2.751,0.053
68300,5.000,0.551,2.751,0.053
68500,5.000,0.553,2.763,0.053
68700,5.000,0.555,2.774,0.054
68900,5.000,0.549,2.744,0.054
69100,5.000,0.549,2.744,0.054
69300,5.000,0.550,2.748,0.054
69500,5.000,0.552,2.759,0.054
69700,5.000,0.549,2.744,0.054
69900,5.000,0.549,2.744,0.054
70100,5.000,0.551,2.755,0.055
70300,5.000,0.552,2.759,0.055
70500,5.000,0.552,2.759,0.055
70700,5.000,0.551,2.751,0.055
70900,5.000,0.551,2.751,0.055
71100,5.000,0.555,2.771,0.055
71300,5.000,0.551,2.755,0.056
71500,5.000,0.551,2.755,0.056
71700,5.000,0.553,2.763,0.056
71900,5.000,0.557,2.786,0.056
72100,5.000,0.551,2.755,0.056
72300,5.000,0.551,2.755,0.056
72500,5.000,0.552,2.755,0.056
72700,5.000,0.551,2.751,0.057
72900,5.000,0.551,2.755,0.057
73100,5.000,0.551,2.755,0.057
73300,5.000,0.549,2.744,0.057
73500,5.000,0.552,2.755,0.057
73700,5.000,0.552,2.755,0.057
73900,5.000,0.553,2.759,0.058
74100,5.000,0.553,2.763,0.058
74300,5.000,0.553,2.763,0.058
74500,5.000,0.551,2.751,0.058
74700,5.000,0.551,2.751,0.058
74900,5.000,0.551,2.751,0.058
75100,5.000,0.553,2.763,0.059
75300,5.000,0.552,2.755,0.059
75500,5.000,0.552,2.755,0.059
75700,5.000,0.551,2.751,0.059
75900,5.000,0.552,2.755,0.059
76100,5.000,0.550,2.748,0.059
76300,5.000,0.550,2.748,0.059
76500,5.000,0.553,2.759,0.060
76700,5.000,0.554,2.767,0.060
76900,5.000,0.554,2.767,0.060
77100,5.000,0.551,2.755,0.060
77300,5.000,0.551,2.751,0.060
77500,5.000,0.556,2.778,0.060
77700,5.000,0.549,2.740,0.061
77900,5.000,0.549,2.740,0.061
78100,5.000,0.552,2.755,0.061
78300,5.000,0.555,2.774,0.061
78500,5.000,0.551,2.755,0.061
78700,5.000,0.551,2.755,0.061
78900,5.000,0.555,2.771,0.062
79100,5.000,0.553,2.763,0.062
79300,5.000,0.553,2.763,0.062
79500,5.000,0.550,2.748,0.062
79700,5.000,0.550,2.751,0.062
79900,5.000,0.550,2.751,0.062
80100,5.000,0.550,2.751,0.062
80300,5.000,0.552,2.755,0.063
80500,5.000,0.552,2.759,0.063
80700,5.000,0.550,2.751,0.063
80900,5.000,0.550,2.751,0.063
81100,5.000,0.557,2.782,0.063
81300,5.000,0.554,2.771,0.063
81500,5.000,0.556,2.774,0.064
81700,5.000,0.549,2.744,0.064
81900,5.000,0.549,2.744,0.064
82100,5.000,0.552,2.759,0.064
82300,5.000,0.551,2.751,0.064
82500,5.000,0.551,2.751,0.064
82700,5.000,0.552,2.759,0.065
82900,5.000,0.555,2.771,0.065
83100,5.000,0.553,2.763,0.065
83300,5.000,0.553,2.763,0.065
83500,5.000,0.551,2.751,0.065
83700,5.000,0.554,2.767,0.065
83900,5.000,0.547,2.732,0.065
84100,5.000,0.547,2.732,0.066
84300,5.000,0.553,2.759,0.066
84500,5.000,0.555,2.771,0.066
84700,5.000,0.547,2.732,0.066
84900,5.000,0.551,2.751,0.066
85100,5.000,0.551,2.751,0.066
85300,5.000,0.553,2.763,0.067
85500,5.000,0.555,2.774,0.067
85700,5.000,0.555,2.774,0.067
85900,5.000,0.552,2.759,0.067
86100,5.000,0.556,2.778,0.067
86300,5.000,0.549,2.740,0.067
86500,5.000,0.549,2.740,0.068
86700,5.000,0.551,2.751,0.068
86900,5.000,0.557,2.782,0.068
87100,5.000,0.550,2.748,0.068
87300,5.000,0.550,2.748,0.068
87500,5.000,0.551,2.751,0.068
87700,5.000,0.554,2.767,0.068
87900,5.000,0.554,2.767,0.069
88100,5.000,0.551,2.751,0.069
88300,5.000,0.552,2.755,0.069
88500,5.000,0.554,2.771,0.069
88700,5.000,0.549,2.744,0.069
88900,5.000,0.549,2.744,0.069
89100,5.000,0.552,2.759,0.070
89300,5.000,0.552,2.759,0.070
89500,5.000,0.551,2.751,0.070
89700,5.000,0.551,2.751,0.070
89900,5.000,0.551,2.751,0.070
90100,5.000,0.552,2.755,0.070
90300,5.000,0.552,2.755,0.071
90500,5.000,0.550,2.748,0.071
90700,5.000,0.552,2.755,0.071
90900,5.000,0.550,2.748,0.071
91100,5.000,0.550,2.748,0.071
91300,5.000,0.553,2.759,0.071
91500,5.000,0.554,2.767,0.071
91700,5.000,0.553,2.763,0.072
91900,5.000,0.549,2.740,0.072
92100,5.000,0.549,2.740,0.072
92300,5.000,0.553,2.763,0.072
92500,5.000,0.548,2.740,0.072
92700,5.000,0.552,2.759,0.072
92900,5.000,0.552,2.759,0.073
93100,5.000,0.556,2.778,0.073
93300,5.000,0.551,2.751,0.073
93500,5.000,0.551,2.751,0.073
93700,5.000,0.554,2.767,0.073
93900,5.000,0.555,2.771,0.073
94100,5.000,0.552,2.755,0.074
94300,5.000,0.552,2.755,0.074
94500,5.000,0.551,2.751,0.074
94700,5.000,0.555,2.771,0.074
94900,5.000,0.553,2.763,0.074
95100,5.000,0.553,2.763,0.074
95300,5.000,0.549,2.740,0.074
95500,5.000,0.552,2.755,0.075
95700,5.000,0.549,2.740,0.075
95900,5.000,0.552,2.759,0.075
96100,5.000,0.552,2.759,0.075
96300,5.000,0.553,2.763,0.075
96500,5.000,0.553,2.759,0.075
96700,5.000,0.553,2.759,0.076
96900,5.000,0.551,2.755,0.076
97100,5.000,0.552,2.759,0.076
97300,5.000,0.552,2.755,0.076
97500,5.000,0.552,2.755,0.076
97700,5.000,0.552,2.759,0.076
97900,5.000,0.551,2.748,0.076
98100,5.000,0.551,2.763,0.077
98300,5.000,0.553,2.763,0.077
98500,5.000,0.552,2.755,0.077
98700,5.000,0.553,2.763,0.077
98900,5.000,0.549,2.744,0.077
99100,5.000,0.549,2.744,0.077
99300,5.000,0.554,2.771,0.078
99500,5.000,0.548,2.736,0.078
99700,5.000,0.551,2.751,0.078
99900,5.000,0.551,2.751,0.078
100100,5.000,0.553,2.763,0.078
100300,5.000,0.555,2.774,0.078
100500,5.000,0.551,2.755,0.079
100700,5.000,0.551,2.755,0.079
100900,5.000,0.550,2.748,0.079
101100,5.000,0.557,2.782,0.079
101300,5.000,0.557,2.782,0.079
101500,5.000,0.547,2.732,0.079
101700,5.000,0.552,2.759,0.079
101900,5.000,0.555,2.774,0.080
102100,5.000,0.555,2.774,0.080
102300,5.000,0.547,2.732,0.080
102500,5.000,0.550,2.744,0.080
102700,5.000,0.551,2.755,0.080
102900,5.000,0.552,2.755,0.080
103100,5.000,0.552,2.755,0.081
103300,5.000,0.551,2.751,0.081
103500,5.000,0.556,2.774,0.081
103700,5.000,0.548,2.736,0.081
103900,5.000,0.548,2.736,0.081
104100,5.000,0.552,2.755,0.081
104300,5.000,0.550,2.748,0.082
104500,5.000,0.550,2.748,0.082
104700,5.000,0.553,2.763,0.082
104900,5.000,0.555,2.771,0.082
105100,5.000,0.553,2.763,0.082
105300,5.000,0.553,2.763,0.082
105500,5.000,0.550,2.748,0.082
105700,5.000,0.551,2.755,0.083
105900,5.000,0.550,2.748,0.083
106100,5.000,0.550,2.748,0.083
106300,5.000,0.550,2.748,0.083
106500,5.000,0.555,2.771,0.083
106700,5.000,0.552,2.759,0.083
106900,5.000,0.552,2.759,0.084
107100,5.000,0.552,2.759,0.084
107300,5.000,0.551,2.751,0.084
107500,5.000,0.552,2.759,0.084
107700,5.000,0.552,2.759,0.084
107900,5.000,0.552,2.755,0.084
108100,5.000,0.555,2.771,0.085
108300,5.000,0.548,2.740,0.085
108500,5.000,0.548,2.740,0.085
108700,5.000,0.553,2.763,0.085
108900,5.000,0.554,2.771,0.085
109100,5.000,0.554,2.740,0.085
109300,5.000,0.549,2.744,0.086
109500,5.000,0.549,2.744,0.086
109700,5.000,0.551,2.751,0.086
109900,5.000,0.551,2.751,0.086
110100,5.000,0.551,2.751,0.086
110300,5.000,0.552,2.755,0.086
110500,5.000,0.555,2.771,0.086
110700,5.000,0.548,2.740,0.087
110900,5.000,0.548,2.740,0.087
111100,5.000,0.552,2.755,0.087
111300,5.000,0.550,2.748,0.087
111500,5.000,0.551,2.751,0.087
111700,5.000,0.551,2.751,0.087
111900,5.000,0.549,2.744,0.088
112100,5.000,0.553,2.759,0.088
112300,5.000,0.553,2.759,0.088
112500,5.000,0.550,2.748,0.088
112700,5.000,0.551,2.755,0.088
112900,5.000,0.553,2.763,0.088
113100,5.000,0.550,2.748,0.089
113300,5.000,0.550,2.748,0.089
113500,5.000,0.552,2.759,0.089
113700,5.000,0.554,2.771,0.089
113900,5.000,0.549,2.740,0.089
114100,5.000,0.549,2.740,0.089
114300,5.000,0.551,2.751,0.089
114500,5.000,0.553,2.763,0.090
114700,5.000,0.548,2.736,0.090
114900,5.000,0.548,2.736,0.090
115100,5.000,0.555,2.771,0.090
115300,5.000,0.548,2.736,0.090
115500,5.000,0.548,2.736,0.090
115700,5.000,0.553,2.763,0.090
115900,5.000,0.551,2.751,0.091
116100,5.000,0.555,2.774,0.091
116300,5.000,0.550,2.744,0.091
116500,5.000,0.550,2.744,0.091
116700,5.000,0.553,2.759,0.091
116900,5.000,0.556,2.774,0.091
117100,5.000,0.550,2.748,0.092
117300,5.000,0.550,2.748,0.092
117500,5.000,0.553,2.763,0.092
117700,5.000,0.553,2.759,0.092
117900,5.000,0.551,2.755,0.092
118100,5.000,0.551,2.755,0.092
118300,5.000,0.551,2.751,0.093
118500,5.000,0.554,2.767,0.093
118700,5.000,0.554,2.767,0.093
118900,5.000,0.548,2.736,0.093
119100,5.000,0.553,2.759,0.093
119300,5.000,0.554,2.763,0.093
119500,5.000,0.554,2.763,0.093
119700,5.000,0.547,2.736,0.094
119900,5.000,0.552,2.759,0.094
120100,5.000,0.550,2.748,0.094
120300,5.000,0.550,2.748,0.094
120500,5.000,0.550,2.748,0.094
120700,5.000,0.554,2.767,0.094
120900,5.000,0.554,2.767,0.095
121100,5.000,0.554,2.767,0.095
121300,5.000,0.550,2.748,0.095
121500,5.000,0.554,2.767,0.095
121700,5.000,0.551,2.755,0.095
121900,5.000,0.551,2.755,0.095
122100,5.000,0.554,2.767,0.096
122300,5.000,0.551,2.751,0.096
122500,5.000,0.554,2.767,0.096
122700,5.000,0.554,2.767,0.096
122900,5.000,0.550,2.748,0.096
123100,5.000,0.552,2.755,0.096
123300,5.000,0.550,2.744,0.097
123500,5.000,0.550,2.748,0.097
123700,5.000,0.550,2.748,0.097
123900,5.000,0.552,2.759,0.097
124100,5.000,0.551,2.751,0.097
124300,5.000,0.551,2.751,0.097
124500,5.000,0.553,2.763,0.097
124700,5.000,0.551,2.751,0.098
124900,5.000,0.551,2.751,0.098
125100,5.000,0.551,2.751,0.098
125300,5.000,0.550,2.748,0.098
125500,5.000,0.556,2.778,0.098
125700,5.000,0.548,2.736,0.098
125900,5.000,0.548,2.736,0.099
126100,5.000,0.553,2.763,0.099
126300,5.000,0.554,2.767,0.099
126500,5.000,0.554,2.767,0.099
126700,5.000,0.551,2.751,0.099
126900,5.000,0.551,2.751,0.099
127100,5.000,0.550,2.744,0.100
127300,5.000,0.551,2.751,0.100
127500,5.000,0.551,2.751,0.100
127700,5.000,0.551,2.751,0.100
127900,5.000,0.554,2.767,0.100
128100,5.000,0.548,2.736,0.100
128300,5.000,0.548,2.736,0.100
128500,5.000,0.552,2.755,0.101
128700,5.000,0.556,2.774,0.101
128900,5.000,0.551,2.748,0.101
129100,5.000,0.551,2.748,0.101
129300,5.000,0.551,2.751,0.101
129500,5.000,0.555,2.771,0.101
129700,5.000,0.555,2.771,0.102
129900,5.000,0.550,2.748,0.102
130100,5.000,0.552,2.755,0.102
130300,5.000,0.554,2.767,0.102
130500,5.000,0.550,2.748,0.102
130700,5.000,0.550,2.748,0.102
130900,5.000,0.553,2.763,0.103
131100,5.000,0.550,2.748,0.103
131300,5.000,0.551,2.751,0.103
131500,5.000,0.551,2.751,0.103
131700,5.000,0.551,2.755,0.103
131900,5.000,0.552,2.759,0.103
132100,5.000,0.552,2.759,0.103
132300,5.000,0.550,2.748,0.104
132500,5.000,0.555,2.771,0.104
132700,5.000,0.552,2.755,0.104
132900,5.000,0.552,2.755,0.104
133100,5.000,0.550,2.748,0.104
133300,5.000,0.552,2.759,0.104
133500,5.000,0.554,2.767,0.105
133700,5.000,0.549,2.744,0.105
133900,5.000,0.549,2.744,0.105
134100,5.000,0.550,2.748,0.105
134300,5.000,0.551,2.755,0.105
134500,5.000,0.550,2.748,0.105
134700,5.000,0.550,2.748,0.106
134900,5.000,0.553,2.759,0.106
135100,5.000,0.549,2.744,0.106
135300,5.000,0.549,2.744,0.106
135500,5.000,0.550,2.748,0.106
135700,5.000,0.554,2.771,0.106
135900,5.000,0.553,2.759,0.106
136100,5.000,0.553,2.759,0.107
136300,5.000,0.551,2.748,0.107
136500,5.000,0.555,2.771,0.107
136700,5.000,0.552,2.755,0.107
136900,5.000,0.552,2.755,0.107
137100,5.000,0.550,2.748,0.107
137300,5.000,0.551,2.751,0.108
137500,5.000,0.550,2.744,0.108
137700,5.000,0.555,2.771,0.108
137900,5.000,0.555,2.771,0.108
138100,5.000,0.551,2.755,0.108
138300,5.000,0.551,2.755,0.108
138500,5.000,0.551,2.755,0.108
138700,5.000,0.549,2.744,0.109
138900,5.000,0.553,2.763,0.109
139100,5.000,0.553,2.759,0.109
139300,5.000,0.553,2.759,0.109
139500,5.000,0.555,2.771,0.109
139700,5.000,0.557,2.782,0.109
139900,5.000,0.547,2.732,0.110
140100,5.000,0.547,2.732,0.110
140300,5.000,0.551,2.751,0.110
140500,5.000,0.552,2.759,0.110
140700,5.000,0.551,2.751,0.110
140900,5.000,0.550,2.748,0.110
141100,5.000,0.550,2.748,0.111
141300,5.000,0.551,2.755,0.111
141500,5.000,0.550,2.748,0.111
141700,5.000,0.550,2.748,0.111
141900,5.000,0.552,2.755,0.111
142100,5.000,0.551,2.751,0.111
142300,5.000,0.549,2.744,0.111
142500,5.000,0.549,2.744,0.112
142700,5.000,0.552,2.755,0.112
142900,5.000,0.556,2.778,0.112
143100,5.000,0.556,2.778,0.112
143300,5.000,0.547,2.732,0.112
143500,5.000,0.552,2.759,0.112
143700,5.000,0.551,2.755,0.113
143900,5.000,0.551,2.755,0.113
144100,5.000,0.550,2.748,0.113
144300,5.000,0.550,2.751,0.113
144500,5.000,0.551,2.751,0.113
144700,5.000,0.549,2.744,0.113
144900,5.000,0.549,2.744,0.114
145100,5.000,0.554,2.767,0.114
145300,5.000,0.557,2.782,0.114
145500,5.000,0.547,2.732,0.114
145700,5.000,0.547,2.732,0.114
145900,5.000,0.553,2.759,0.114
146100,5.000,0.551,2.751,0.114
146300,5.000,0.551,2.751,0.115
146500,5.000,0.553,2.763,0.115
146700,5.000,0.550,2.748,0.115
146900,5.000,0.554,2.767,0.115
147100,5.000,0.554,2.767,0.115
147300,5.000,0.549,2.740,0.115
147500,5.000,0.549,2.744,0.116
147700,5.000,0.550,2.748,0.116
147900,5.000,0.551,2.751,0.116
148100,5.000,0.551,2.751,0.116
148300,5.000,0.552,2.755,0.116
148500,5.000,0.553,2.763,0.116
148700,5.000,0.551,2.751,0.117
148900,5.000,0.551,2.751,0.117
149100,5.000,0.551,2.751,0.117
149300,5.000,0.549,2.744,0.117
149500,5.000,0.549,2.744,0.117
149700,5.000,0.553,2.759,0.117
149900,5.000,0.556,2.778,0.117
150100,5.000,0.548,2.736,0.118
150300,5.000,0.548,2.736,0.118
150500,5.000,0.552,2.755,0.118
150700,5.000,0.551,2.751,0.118
150900,5.000,0.552,2.755,0.118
151100,5.000,0.552,2.755,0.118
151300,5.000,0.550,2.748,0.119
151500,5.000,0.550,2.748,0.119
151700,5.000,0.550,2.748,0.119
151900,5.000,0.550,2.767,0.119
152100,5.000,0.554,2.767,0.119
152300,5.000,0.554,2.771,0.119
152500,5.000,0.551,2.751,0.120
152700,5.000,0.551,2.751,0.120
152900,5.000,0.550,2.748,0.120
153100,5.000,0.555,2.771,0.120
153300,5.000,0.550,2.751,0.120
153500,5.000,0.550,2.751,0.120
153700,5.000,0.550,2.748,0.120
153900,5.000,0.553,2.763,0.121
154100,5.000,0.553,2.763,0.121
154300,5.000,0.548,2.740,0.121
154500,5.000,0.550,2.748,0.121
154700,5.000,0.551,2.751,0.121
154900,5.000,0.552,2.755,0.121
155100,5.000,0.552,2.755,0.122
155300,5.000,0.552,2.755,0.122
155500,5.000,0.556,2.774,0.122
155700,5.000,0.550,2.744,0.122
155900,5.000,0.550,2.744,0.122
156100,5.000,0.550,2.751,0.122
156300,5.000,0.553,2.759,0.122
156500,5.000,0.552,2.755,0.123
156700,5.000,0.552,2.755,0.123
156900,5.000,0.554,2.771,0.123
157100,5.000,0.552,2.759,0.123
157300,5.000,0.552,2.759,0.123
157500,5.000,0.550,2.748,0.123
157700,5.000,0.552,2.755,0.124
157900,5.000,0.553,2.763,0.124
158100,5.000,0.553,2.763,0.124
158300,5.000,0.549,2.744,0.124
158500,5.000,0.552,2.759,0.124
158700,5.000,0.552,2.755,0.124
158900,5.000,0.553,2.759,0.125
159100,5.000,0.553,2.759,0.125
159300,5.000,0.554,2.767,0.125
159500,5.000,0.552,2.759,0.125
159700,5.000,0.553,2.763,0.125
159900,5.000,0.553,2.763,0.125
160100,5.000,0.550,2.748,0.125
160300,5.000,0.553,2.763,0.126
160500,5.000,0.553,2.763,0.126
160700,5.000,0.551,2.751,0.126
160900,5.000,0.549,2.740,0.126
161100,5.000,0.552,2.755,0.126
161300,5.000,0.552,2.755,0.126
161500,5.000,0.551,2.751,0.127
161700,5.000,0.554,2.767,0.127
161900,5.000,0.552,2.755,0.127
162100,5.000,0.550,2.748,0.127
162300,5.000,0.550,2.748,0.127
162500,5.000,0.555,2.774,0.127
162700,5.000,0.549,2.744,0.128
162900,5.000,0.549,2.736,0.128
163100,5.000,0.548,2.736,0.128
163300,5.000,0.553,2.763,0.128
163500,5.000,0.552,2.759,0.128
163700,5.000,0.552,2.759,0.128
163900,5.000,0.553,2.763,0.128
164100,5.000,0.554,2.767,0.129
164300,5.000,0.547,2.732,0.129
164500,5.000,0.547,2.732,0.129
164700,5.000,0.549,2.744,0.129
164900,5.000,0.551,2.755,0.129
165100,5.000,0.551,2.755,0.129
165300,5.000,0.554,2.767,0.130
165500,5.000,0.554,2.767,0.130
165700,5.000,0.551,2.755,0.130
165900,5.000,0.552,2.759,0.130
166100,5.000,0.552,2.759,0.130
166300,5.000,0.552,2.755,0.130
166500,5.000,0.551,2.751,0.131
166700,5.000,0.553,2.759,0.131
166900,5.000,0.553,2.759,0.131
167100,5.000,0.550,2.748,0.131
167300,5.000,0.556,2.774,0.131
167500,5.000,0.550,2.748,0.131
167700,5.000,0.550,2.748,0.131
167900,5.000,0.552,2.755,0.132
168100,5.000,0.552,2.755,0.132
168300,5.000,0.552,2.755,0.132
168500,5.000,0.550,2.748,0.132
168700,5.000,0.550,2.748,0.132
168900,5.000,0.554,2.767,0.132
169100,5.000,0.550,2.744,0.133
169300,5.000,0.550,2.744,0.133
169500,5.000,0.553,2.763,0.133
169700,5.000,0.552,2.759,0.133
169900,5.000,0.550,2.744,0.133
170100,5.000,0.550,2.744,0.133
170300,5.000,0.551,2.751,0.134
170500,5.000,0.553,2.763,0.134
170700,5.000,0.550,2.748,0.134
170900,5.000,0.550,2.748,0.134
171100,5.000,0.552,2.755,0.134
171300,5.000,0.552,2.759,0.134
171500,5.000,0.552,2.759,0.134
171700,5.000,0.548,2.736,0.135
171900,5.000,0.551,2.755,0.135
172100,5.000,0.550,2.748,0.135
172300,5.000,0.554,2.767,0.135
172500,5.000,0.554,2.767,0.135
172700,5.000,0.551,2.751,0.135
172900,5.000,0.556,2.778,0.136
173100,5.000,0.549,2.740,0.136
173300,5.000,0.549,2.740,0.136
173500,5.000,0.551,2.751,0.136
173700,5.000,0.553,2.759,0.136
173900,5.000,0.553,2.759,0.136
174100,5.000,0.551,2.751,0.136
174300,5.000,0.555,2.771,0.137
174500,5.000,0.550,2.748,0.137
174700,5.000,0.550,2.748,0.137
174900,5.000,0.547,2.736,0.137
175100,5.000,0.551,2.751,0.137
175300,5.000,0.551,2.751,0.137
175500,5.000,0.551,2.751,0.138
175700,5.000,0.549,2.744,0.138
175900,5.000,0.554,2.767,0.138
176100,5.000,0.550,2.748,0.138
176300,5.000,0.552,2.755,0.138
176500,5.000,0.552,2.755,0.138
176700,5.000,0.555,2.771,0.139
176900,5.000,0.549,2.744,0.139
177100,5.000,0.549,2.744,0.139
177300,5.000,0.551,2.751,0.139
177500,5.000,0.553,2.767,0.139
177700,5.000,0.551,2.755,0.139
177900,5.000,0.551,2.755,0.139
178100,5.000,0.551,2.755,0.140
178300,5.000,0.553,2.763,0.140
178500,5.000,0.550,2.748,0.140
178700,5.000,0.550,2.748,0.140
178900,5.000,0.550,2.748,0.140
179100,5.000,0.551,2.751,0.140
179300,5.000,0.553,2.763,0.141
179500,5.000,0.552,2.755,0.141
179700,5.000,0.552,2.755,0.141
179900,5.000,0.554,2.767,0.141
180100,5.000,0.548,2.740,0.141
180300,5.000,0.548,2.740,0.141
180500,5.000,0.551,2.751,0.142
180700,5.000,0.552,2.755,0.142
180900,5.000,0.553,2.763,0.142
181100,5.000,0.553,2.763,0.142
181300,5.000,0.553,2.763,0.142
181500,5.000,0.551,2.751,0.142
181700,5.000,0.547,2.732,0.142
181900,5.000,0.547,2.732,0.143
182100,5.000,0.551,2.755,0.143
182300,5.000,0.557,2.782,0.143
182500,5.000,0.557,2.782,0.143
182700,5.000,0.555,2.771,0.143
182900,5.000,0.555,2.771,0.143
183100,5.000,0.557,2.782,0.144
183300,5.000,0.547,2.732,0.144
183500,5.000,0.547,2.732,0.144
183700,5.000,0.552,2.755,0.144
183900,5.000,0.552,2.759,0.144
184100,5.000,0.551,2.751,0.144
184300,5.000,0.551,2.751,0.145
184500,5.000,0.554,2.771,0.145
184700,5.000,0.556,2.778,0.145
184900,5.000,0.556,2.778,0.145
185100,5.000,0.549,2.744,0.145
185300,5.000,0.549,2.744,0.145
185500,5.000,0.553,2.759,0.145
185700,5.000,0.553,2.759,0.146
185900,5.000,0.550,2.748,0.146
186100,5.000,0.551,2.751,0.146
186300,5.000,0.556,2.782,0.146
186500,5.000,0.549,2.744,0.146
186700,5.000,0.549,2.744,0.146
186900,5.000,0.553,2.763,0.147
187100,5.000,0.555,2.771,0.147
187300,5.000,0.548,2.736,0.147
187500,5.000,0.548,2.736,0.147
187700,5.000,0.554,2.767,0.147
187900,5.000,0.552,2.755,0.147
188100,5.000,0.552,2.755,0.148
188300,5.000,0.553,2.763,0.148
188500,5.000,0.553,2.759,0.148
188700,5.000,0.551,2.751,0.148
188900,5.000,0.551,2.751,0.148
189100,5.000,0.550,2.748,0.148
189300,5.000,0.551,2.755,0.148
189500,5.000,0.550,2.744,0.149
189700,5.000,0.553,2.767,0.149
189900,5.000,0.553,2.767,0.149
190100,5.000,0.555,2.771,0.149
190300,5.000,0.554,2.767,0.149
190500,5.000,0.550,2.748,0.149
190700,5.000,0.550,2.748,0.150
190900,5.000,0.551,2.751,0.150
191100,5.000,0.549,2.744,0.150
191300,5.000,0.549,2.744,0.150
191500,5.000,0.551,2.751,0.150
191700,5.000,0.553,2.763,0.150
191900,5.000,0.550,2.748,0.151
192100,5.000,0.550,2.748,0.151
192300,5.000,0.549,2.744,0.151
192500,5.000,0.552,2.759,0.151
192700,5.000,0.550,2.748,0.151
192900,5.000,0.550,2.748,0.151
193100,5.000,0.550,2.748,0.151
193300,5.000,0.555,2.771,0.152
193500,5.000,0.547,2.729,0.152
193700,5.000,0.552,2.755,0.152
193900,5.000,0.552,2.755,0.152
194100,5.000,0.555,2.771,0.152
194300,5.000,0.546,2.729,0.152
194500,5.000,0.546,2.729,0.153
194700,5.000,0.552,2.759,0.153
194900,5.000,0.556,2.778,0.153
195100,5.000,0.552,2.759,0.153
195300,5.000,0.552,2.759,0.153
195500,5.000,0.551,2.751,0.153
195700,5.000,0.552,2.759,0.153
195900,5.000,0.552,2.759,0.154
196100,5.000,0.549,2.744,0.154
196300,5.000,0.551,2.748,0.154
196500,5.000,0.552,2.755,0.154
196700,5.000,0.553,2.763,0.154
196900,5.000,0.553,2.763,0.154
197100,5.000,0.552,2.755,0.155
197300,5.000,0.556,2.778,0.155
197500,5.000,0.556,2.774,0.155
197700,5.000,0.556,2.774,0.155
197900,5.000,0.555,2.771,0.155
198100,5.000,0.553,2.763,0.155
198300,5.000,0.550,2.748,0.156
198500,5.000,0.550,2.748,0.156
198700,5.000,0.554,2.767,0.156
198900,5.000,0.555,2.771,0.156
199100,5.000,0.555,2.771,0.156
199300,5.000,0.546,2.729,0.156
199500,5.000,0.552,2.755,0.156
199700,5.000,0.554,2.767,0.157
199900,5.000,0.554,2.767,0.157
200100,5.000,0.550,2.748,0.157
200300,5.000,0.553,2.759,0.157
200500,5.000,0.553,2.763,0.157
200700,5.000,0.553,2.759,0.157
200900,5.000,0.553,2.759,0.158
201100,5.000,0.550,2.748,0.158
201300,5.000,0.552,2.755,0.158
201500,5.000,0.551,2.748,0.158
201700,5.000,0.551,2.748,0.158
201900,5.000,0.555,2.771,0.158
202100,5.000,0.551,2.751,0.159
202300,5.000,0.551,2.751,0.159
202500,5.000,0.549,2.740,0.159
202700,5.000,0.551,2.751,0.159
202900,5.000,0.553,2.763,0.159
203100,5.000,0.553,2.763,0.159
203300,5.000,0.549,2.740,0.159
203500,5.000,0.553,2.759,0.160
203700,5.000,0.553,2.759,0.160
203900,5.000,0.551,2.755,0.160
204100,5.000,0.551,2.755,0.160
204300,5.000,0.556,2.778,0.160
204500,5.000,0.551,2.751,0.160
204700,5.000,0.550,2.748,0.161
204900,5.000,0.550,2.748,0.161
205100,5.000,0.553,2.763,0.161
205300,5.000,0.553,2.763,0.161
205500,5.000,0.553,2.763,0.161
205700,5.000,0.553,2.763,0.161
205900,5.000,0.552,2.759,0.162
206100,5.000,0.548,2.736,0.162
206300,5.000,0.548,2.736,0.162
206500,5.000,0.552,2.759,0.162
206700,5.000,0.552,2.755,0.162
206900,5.000,0.552,2.755,0.162
207100,5.000,0.550,2.744,0.162
207300,5.000,0.553,2.763,0.163
207500,5.000,0.554,2.771,0.163
207700,5.000,0.553,2.763,0.163
207900,5.000,0.553,2.763,0.163
208100,5.000,0.549,2.740,0.163
208300,5.000,0.552,2.759,0.163
208500,5.000,0.551,2.755,0.164
208700,5.000,0.551,2.755,0.164
208900,5.000,0.552,2.755,0.164
209100,5.000,0.554,2.767,0.164
209300,5.000,0.550,2.748,0.164
209500,5.000,0.550,2.748,0.164
209700,5.000,0.551,2.751,0.165
209900,5.000,0.550,2.748,0.165
210100,5.000,0.550,2.748,0.165
210300,5.000,0.549,2.744,0.165
210500,5.000,0.549,2.740,0.165
210700,5.000,0.554,2.767,0.165
210900,5.000,0.552,2.759,0.166
211100,5.000,0.552,2.759,0.166
211300,5.000,0.553,2.759,0.166
211500,5.000,0.554,2.767,0.166
211700,5.000,0.549,2.740,0.166
211900,5.000,0.549,2.740,0.166
212100,5.000,0.551,2.751,0.166
212300,5.000,0.558,2.790,0.167
212500,5.000,0.549,2.744,0.167
212700,5.000,0.549,2.744,0.167
212900,5.000,0.552,2.755,0.167
213100,5.000,0.550,2.751,0.167
213300,5.000,0.550,2.751,0.167
213500,5.000,0.550,2.744,0.168
213700,5.000,0.550,2.751,0.168
213900,5.000,0.552,2.759,0.168
214100,5.000,0.552,2.759,0.168
214300,5.000,0.553,2.763,0.168
214500,5.000,0.552,2.759,0.168
214700,5.000,0.556,2.774,0.169
214900,5.000,0.547,2.736,0.169
215100,5.000,0.547,2.736,0.169
215300,5.000,0.552,2.759,0.169
215500,5.000,0.552,2.755,0.169
215700,5.000,0.554,2.767,0.169
215900,5.000,0.554,2.767,0.169
216100,5.000,0.555,2.771,0.170
216300,5.000,0.550,2.748,0.170
216500,5.000,0.550,2.748,0.170
216700,5.000,0.549,2.744,0.170
216900,5.000,0.549,2.740,0.170
217100,5.000,0.551,2.755,0.170
217300,5.000,0.551,2.755,0.170
217500,5.000,0.551,2.751,0.171
217700,5.000,0.554,2.767,0.171
217900,5.000,0.551,2.755,0.171
218100,5.000,0.551,2.751,0.171
218300,5.000,0.551,2.751,0.171
218500,5.000,0.552,2.759,0.171
218700,5.000,0.549,2.740,0.172
218900,5.000,0.549,2.740,0.172
219100,5.000,0.550,2.748,0.172
219300,5.000,0.556,2.778,0.172
219500,5.000,0.550,2.748,0.172
219700,5.000,0.550,2.748,0.172
219900,5.000,0.551,2.751,0.173
220100,5.000,0.551,2.751,0.173
220300,5.000,0.550,2.748,0.173
220500,5.000,0.550,2.748,0.173
220700,5.000,0.550,2.748,0.173
220900,5.000,0.550,2.744,0.173
221100,5.000,0.553,2.759,0.174
221300,5.000,0.553,2.759,0.174
221500,5.000,0.553,2.759,0.174
221700,5.000,0.556,2.774,0.174
221900,5.000,0.547,2.736,0.174
222100,5.000,0.547,2.736,0.174
222300,5.000,0.549,2.740,0.174
222500,5.000,0.550,2.748,0.175
222700,5.000,0.553,2.767,0.175
222900,5.000,0.553,2.767,0.175
223100,5.000,0.551,2.751,0.175
223300,5.000,0.552,2.755,0.175
223500,5.000,0.547,2.732,0.175
223700,5.000,0.547,2.732,0.176
223900,5.000,0.551,2.751,0.176
224100,5.000,0.551,2.751,0.176
224300,5.000,0.551,2.751,0.176
224500,5.000,0.549,2.744,0.176
224700,5.000,0.552,2.759,0.176
224900,5.000,0.557,2.782,0.177
225100,5.000,0.549,2.744,0.177
225300,5.000,0.549,2.744,0.177
225500,5.000,0.554,2.767,0.177
225700,5.000,0.555,2.774,0.177
225900,5.000,0.547,2.732,0.177
226100,5.000,0.547,2.732,0.177
226300,5.000,0.562,2.805,0.178
226500,5.000,0.549,2.744,0.178
226700,5.000,0.550,2.748,0.178
226900,5.000,0.550,2.748,0.178
227100,5.000,0.551,2.751,0.178
227300,5.000,0.550,2.748,0.178
227500,5.000,0.550,2.748,0.179
227700,5.000,0.549,2.744,0.179
227900,5.000,0.552,2.759,0.179
228100,5.000,0.554,2.767,0.179
228300,5.000,0.551,2.755,0.179
228500,5.000,0.551,2.755,0.179
228700,5.000,0.554,2.767,0.180
228900,5.000,0.552,2.759,0.180
229100,5.000,0.550,2.751,0.180
229300,5.000,0.550,2.751,0.180
229500,5.000,0.551,2.751,0.180
229700,5.000,0.556,2.774,0.180
229900,5.000,0.556,2.774,0.180
230100,5.000,0.552,2.755,0.181
230300,5.000,0.553,2.763,0.181
230500,5.000,0.549,2.744,0.181
230700,5.000,0.549,2.744,0.181
230900,5.000,0.551,2.751,0.181
231100,5.000,0.551,2.751,0.181
231300,5.000,0.550,2.748,0.182
231500,5.000,0.550,2.748,0.182
231700,5.000,0.553,2.759,0.182
231900,5.000,0.557,2.782,0.182
232100,5.000,0.554,2.767,0.182
232300,5.000,0.551,2.751,0.182
232500,5.000,0.551,2.751,0.183
232700,5.000,0.557,2.786,0.183
232900,5.000,0.549,2.740,0.183
233100,5.000,0.549,2.740,0.183
233300,5.000,0.558,2.790,0.183
233500,5.000,0.550,2.748,0.183
233700,5.000,0.549,2.744,0.183
233900,5.000,0.549,2.744,0.184
234100,5.000,0.550,2.748,0.184
234300,5.000,0.551,2.751,0.184
234500,5.000,0.553,2.759,0.184
234700,5.000,0.553,2.759,0.184
234900,5.000,0.553,2.763,0.184
235100,5.000,0.554,2.771,0.185
235300,5.000,0.551,2.751,0.185
235500,5.000,0.554,2.767,0.185
235700,5.000,0.554,2.767,0.185
235900,5.000,0.552,2.755,0.185
236100,5.000,0.551,2.751,0.185
236300,5.000,0.551,2.751,0.185
236500,5.000,0.550,2.744,0.186
236700,5.000,0.557,2.782,0.186
236900,5.000,0.550,2.748,0.186
237100,5.000,0.550,2.748,0.186
237300,5.000,0.552,2.759,0.186
237500,5.000,0.551,2.751,0.186
237700,5.000,0.547,2.736,0.187
237900,5.000,0.547,2.736,0.187
238100,5.000,0.552,2.755,0.187
238300,5.000,0.552,2.759,0.187
238500,5.000,0.552,2.759,0.187
238700,5.000,0.553,2.763,0.187
238900,5.000,0.554,2.767,0.188
239100,5.000,0.556,2.778,0.188
239300,5.000,0.551,2.751,0.188
239500,5.000,0.551,2.751,0.188
239700,5.000,0.553,2.763,0.188
239900,5.000,0.551,2.751,0.188
240100,5.000,0.551,2.755,0.188
240300,5.000,0.551,2.755,0.189
240500,5.000,0.551,2.751,0.189
240700,5.000,0.555,2.771,0.189
240900,5.000,0.555,2.771,0.189
241100,5.000,0.547,2.732,0.189
241300,5.000,0.549,2.744,0.189
241500,5.000,0.555,2.771,0.190
241700,5.000,0.555,2.771,0.190
241900,5.000,0.552,2.759,0.190
242100,5.000,0.553,2.759,0.190
242300,5.000,0.556,2.778,0.190
242500,5.000,0.551,2.751,0.190
242700,5.000,0.551,2.751,0.191
242900,5.000,0.552,2.755,0.191
243100,5.000,0.552,2.759,0.191
243300,5.000,0.549,2.740,0.191
243500,5.000,0.549,2.740,0.191
243700,5.000,0.555,2.774,0.191
243900,5.000,0.552,2.759,0.191
244100,5.000,0.552,2.759,0.192
244300,5.000,0.551,2.751,0.192
244500,5.000,0.550,2.748,0.192
244700,5.000,0.553,2.763,0.192
244900,5.000,0.553,2.763,0.192
245100,5.000,0.548,2.736,0.192
245300,5.000,0.552,2.755,0.193
245500,5.000,0.554,2.767,0.193
245700,5.000,0.553,2.763,0.193
245900,5.000,0.553,2.763,0.193
246100,5.000,0.555,2.771,0.193
246300,5.000,0.551,2.755,0.193
246500,5.000,0.551,2.751,0.194
246700,5.000,0.551,2.751,0.194
246900,5.000,0.552,2.755,0.194
247100,5.000,0.552,2.759,0.194
247300,5.000,0.552,2.759,0.194
247500,5.000,0.553,2.759,0.194
247700,5.000,0.554,2.771,0.194
247900,5.000,0.553,2.759,0.195
248100,5.000,0.553,2.759,0.195
248300,5.000,0.550,2.748,0.195
248500,5.000,0.554,2.767,0.195
248700,5.000,0.554,2.755,0.195
248900,5.000,0.551,2.755,0.195
249100,5.000,0.554,2.767,0.196
249300,5.000,0.556,2.774,0.196
249500,5.000,0.553,2.759,0.196
249700,5.000,0.553,2.759,0.196
249900,5.000,0.551,2.751,0.196
250100,5.000,0.552,2.759,0.196
250300,5.000,0.550,2.748,0.197
250500,5.000,0.550,2.748,0.197
250700,5.000,0.553,2.763,0.197
250900,5.000,0.556,2.774,0.197
251100,5.000,0.552,2.759,0.197
251300,5.000,0.552,2.759,0.197
251500,5.000,0.550,2.748,0.197
251700,5.000,0.550,2.751,0.198
251900,5.000,0.550,2.751,0.198
252100,5.000,0.550,2.748,0.198
252300,5.000,0.551,2.751,0.198
252500,5.000,0.554,2.771,0.198
252700,5.000,0.551,2.751,0.198
252900,5.000,0.551,2.751,0.199
253100,5.000,0.553,2.763,0.199
253300,5.000,0.552,2.759,0.199
253500,5.000,0.549,2.744,0.199
253700,5.000,0.549,2.744,0.199
253900,5.000,0.550,2.748,0.199
254100,5.000,0.556,2.778,0.200
254300,5.000,0.556,2.778,0.200
254500,5.000,0.556,2.778,0.200
254700,5.000,0.552,2.759,0.200
254900,5.000,0.552,2.755,0.200
255100,5.000,0.552,2.755,0.200
255300,5.000,0.549,2.744,0.200
255500,5.000,0.550,2.748,0.201
255700,5.000,0.556,2.778,0.201
255900,5.000,0.556,2.778,0.201
256100,5.000,0.554,2.771,0.201
256300,5.000,0.554,2.767,0.201
256500,5.000,0.559,2.790,0.201
256700,5.000,0.550,2.748,0.202
256900,5.000,0.550,2.748,0.202
257100,5.000,0.553,2.763,0.202
257300,5.000,0.551,2.751,0.202
257500,5.000,0.553,2.763,0.202
257700,5.000,0.553,2.763,0.202
257900,5.000,0.554,2.767,0.203
258100,5.000,0.553,2.763,0.203
258300,5.000,0.553,2.763,0.203
258500,5.000,0.549,2.744,0.203
258700,5.000,0.549,2.740,0.203
258900,5.000,0.551,2.755,0.203
259100,5.000,0.551,2.755,0.203
259300,5.000,0.551,2.751,0.204
259500,5.000,0.554,2.771,0.204
259700,5.000,0.551,2.751,0.204
259900,5.000,0.552,2.755,0.204
260100,5.000,0.552,2.755,0.204
260300,5.000,0.552,2.759,0.204
260500,5.000,0.549,2.744,0.205
260700,5.000,0.549,2.744,0.205
260900,5.000,0.551,2.751,0.205
261100,5.000,0.556,2.778,0.205
261300,5.000,0.550,2.748,0.205
261500,5.000,0.550,2.748,0.205
261700,5.000,0.549,2.744,0.206
261900,5.000,0.549,2.744,0.206
262100,5.000,0.551,2.751,0.206
262300,5.000,0.551,2.751,0.206
262500,5.000,0.550,2.748,0.206
262700,5.000,0.554,2.771,0.206
262900,5.000,0.554,2.771,0.206
263100,5.000,0.553,2.759,0.207
263300,5.000,0.553,2.759,0.207
263500,5.000,0.556,2.774,0.207
263700,5.000,0.549,2.740,0.207
263900,5.000,0.549,2.740,0.207
264100,5.000,0.551,2.751,0.207
264300,5.000,0.552,2.755,0.208
264500,5.000,0.554,2.767,0.208
264700,5.000,0.554,2.767,0.208
264900,5.000,0.551,2.751,0.208
265100,5.000,0.555,2.771,0.208
265300,5.000,0.548,2.740,0.208
265500,5.000,0.548,2.740,0.208
265700,5.000,0.549,2.744,0.209
265900,5.000,0.551,2.751,0.209
266100,5.000,0.551,2.751,0.209
266300,5.000,0.555,2.774,0.209
266500,5.000,0.551,2.751,0.209
266700,5.000,0.557,2.782,0.209
266900,5.000,0.549,2.740,0.210
267100,5.000,0.549,2.740,0.210
267300,5.000,0.552,2.759,0.210
267500,5.000,0.554,2.767,0.210
267700,5.000,0.554,2.767,0.210
267900,5.000,0.554,2.767,0.210
268100,5.000,0.553,2.759,0.211
268300,5.000,0.556,2.778,0.211
268500,5.000,0.550,2.748,0.211
268700,5.000,0.550,2.748,0.211
268900,5.000,0.549,2.744,0.211
269100,5.000,0.553,2.763,0.211
269300,5.000,0.553,2.763,0.211
269500,5.000,0.547,2.732,0.212
269700,5.000,0.554,2.767,0.212
269900,5.000,0.554,2.767,0.212
270100,5.000,0.551,2.751,0.212
270300,5.000,0.551,2.751,0.212
270500,5.000,0.552,2.755,0.212
270700,5.000,0.555,2.771,0.213
270900,5.000,0.549,2.744,0.213
271100,5.000,0.549,2.744,0.213
271300,5.000,0.550,2.748,0.213
271500,5.000,0.555,2.771,0.213
271700,5.000,0.555,2.771,0.213
271900,5.000,0.552,2.755,0.214
272100,5.000,0.555,2.771,0.214
272300,5.000,0.548,2.740,0.214
272500,5.000,0.548,2.740,0.214
272700,5.000,0.550,2.748,0.214
272900,5.000,0.551,2.751,0.214
273100,5.000,0.554,2.767,0.214
273300,5.000,0.554,2.767,0.215
273500,5.000,0.551,2.751,0.215
273700,5.000,0.554,2.767,0.215
273900,5.000,0.552,2.755,0.215
274100,5.000,0.554,2.767,0.215
274300,5.000,0.554,2.767,0.215
274500,5.000,0.549,2.744,0.216
274700,5.000,0.550,2.748,0.216
274900,5.000,0.550,2.748,0.216
275100,5.000,0.554,2.767,0.216
275300,5.000,0.555,2.771,0.216
275500,5.000,0.552,2.759,0.216
275700,5.000,0.552,2.759,0.217
275900,5.000,0.552,2.755,0.217
276100,5.000,0.550,2.748,0.217
276300,5.000,0.550,2.748,0.217
276500,5.000,0.550,2.748,0.217
276700,5.000,0.552,2.755,0.217
276900,5.000,0.552,2.755,0.217
277100,5.000,0.552,2.759,0.218
277300,5.000,0.554,2.767,0.218
277500,5.000,0.554,2.767,0.218
277700,5.000,0.555,2.771,0.218
277900,5.000,0.551,2.751,0.218
278100,5.000,0.551,2.751,0.218
278300,5.000,0.552,2.755,0.219
278500,5.000,0.553,2.763,0.219
278700,5.000,0.552,2.759,0.219
278900,5.000,0.552,2.759,0.219
279100,5.000,0.552,2.759,0.219
279300,5.000,0.551,2.751,0.219
279500,5.000,0.548,2.740,0.220
279700,5.000,0.548,2.740,0.220
279900,5.000,0.550,2.748,0.220
280100,5.000,0.553,2.759,0.220
280300,5.000,0.553,2.759,0.220
280500,5.000,0.553,2.763,0.220
280700,5.000,0.553,2.763,0.221
280900,5.000,0.555,2.774,0.221
281100,5.000,0.550,2.748,0.221
281300,5.000,0.550,2.748,0.221
281500,5.000,0.549,2.744,0.221
281700,5.000,0.551,2.755,0.221
281900,5.000,0.550,2.748,0.221
282100,5.000,0.550,2.748,0.222
282300,5.000,0.553,2.759,0.222
282500,5.000,0.556,2.774,0.222
282700,5.000,0.556,2.774,0.222
282900,5.000,0.547,2.729,0.222
283100,5.000,0.550,2.748,0.222
283300,5.000,0.551,2.751,0.223
283500,5.000,0.551,2.751,0.223
283700,5.000,0.552,2.755,0.223
283900,5.000,0.553,2.763,0.223
284100,5.000,0.556,2.782,0.223
284300,5.000,0.550,2.748,0.223
284500,5.000,0.550,2.748,0.223
284700,5.000,0.553,2.759,0.224
284900,5.000,0.551,2.751,0.224
285100,5.000,0.549,2.744,0.224
285300,5.000,0.549,2.744,0.224
285500,5.000,0.557,2.782,0.224
285700,5.000,0.553,2.763,0.224
285900,5.000,0.553,2.763,0.225
286100,5.000,0.551,2.751,0.225
286300,5.000,0.552,2.759,0.225
286500,5.000,0.548,2.740,0.225
286700,5.000,0.548,2.740,0.225
286900,5.000,0.548,2.740,0.225
287100,5.000,0.555,2.771,0.225
287300,5.000,0.551,2.751,0.226
287500,5.000,0.553,2.763,0.226
287700,5.000,0.553,2.763,0.226
287900,5.000,0.555,2.771,0.226
288100,5.000,0.553,2.759,0.226
288300,5.000,0.550,2.748,0.226
288500,5.000,0.550,2.748,0.227
288700,5.000,0.552,2.755,0.227
288900,5.000,0.551,2.755,0.227
289100,5.000,0.551,2.755,0.227
289300,5.000,0.553,2.759,0.227
289500,5.000,0.556,2.774,0.227
289700,5.000,0.549,2.740,0.228
289900,5.000,0.549,2.740,0.228
290100,5.000,0.552,2.755,0.228
290300,5.000,0.546,2.725,0.228
290500,5.000,0.551,2.751,0.228
290700,5.000,0.551,2.751,0.228
290900,5.000,0.552,2.759,0.228
291100,5.000,0.556,2.778,0.229
291300,5.000,0.551,2.755,0.229
291500,5.000,0.553,2.759,0.229
291700,5.000,0.553,2.759,0.229
291900,5.000,0.551,2.755,0.229
292100,5.000,0.550,2.748,0.229
292300,5.000,0.550,2.748,0.230
292500,5.000,0.554,2.767,0.230
292700,5.000,0.555,2.774,0.230
292900,5.000,0.551,2.751,0.230
293100,5.000,0.551,2.751,0.230
293300,5.000,0.549,2.744,0.230
293500,5.000,0.552,2.755,0.231
293700,5.000,0.552,2.755,0.231
293900,5.000,0.547,2.736,0.231
294100,5.000,0.553,2.759,0.231
294300,5.000,0.555,2.771,0.231
294500,5.000,0.552,2.759,0.231
294700,5.000,0.552,2.759,0.232
294900,5.000,0.552,2.759,0.232
295100,5.000,0.551,2.755,0.232
295300,5.000,0.550,2.748,0.232
295500,5.000,0.550,2.748,0.232
295700,5.000,0.551,2.751,0.232
295900,5.000,0.555,2.771,0.232
296100,5.000,0.551,2.751,0.233
296300,5.000,0.551,2.751,0.233
296500,5.000,0.553,2.763,0.233
296700,5.000,0.553,2.759,0.233
296900,5.000,0.553,2.759,0.233
297100,5.000,0.548,2.736,0.233
297300,5.000,0.551,2.751,0.234
297500,5.000,0.552,2.759,0.234
297700,5.000,0.552,2.759,0.234
297900,5.000,0.552,2.759,0.234
298100,5.000,0.554,2.767,0.234
298300,5.000,0.554,2.767,0.234
298500,5.000,0.550,2.744,0.235
298700,5.000,0.550,2.744,0.235
298900,5.000,0.553,2.759,0.235
299100,5.000,0.555,2.774,0.235
299300,5.000,0.551,2.751,0.235
299500,5.000,0.551,2.751,0.235
299700,5.000,0.555,2.771,0.235
299900,5.000,0.553,2.763,0.236
300100,5.000,0.553,2.763,0.236
300300,5.000,0.549,2.744,0.236
300500,5.000,0.548,2.740,0.236
300700,5.000,0.554,2.767,0.236
300900,5.000,0.554,2.767,0.236
301100,5.000,0.549,2.740,0.237
301300,5.000,0.552,2.755,0.237
301500,5.000,0.553,2.763,0.237
301700,5.000,0.551,2.751,0.237
301900,5.000,0.551,2.751,0.237
302100,5.000,0.555,2.771,0.237
302300,5.000,0.551,2.751,0.238
302500,5.000,0.551,2.748,0.238
302700,5.000,0.550,2.748,0.238
302900,5.000,0.555,2.774,0.238
303100,5.000,0.551,2.755,0.238
303300,5.000,0.551,2.755,0.238
303500,5.000,0.553,2.759,0.238
303700,5.000,0.551,2.751,0.239
303900,5.000,0.549,2.744,0.239
304100,5.000,0.549,2.744,0.239
304300,5.000,0.551,2.751,0.239
304500,5.000,0.553,2.763,0.239
304700,5.000,0.553,2.763,0.239
304900,5.000,0.554,2.767,0.240
305100,5.000,0.554,2.767,0.240
305300,5.000,0.554,2.767,0.240
305500,5.000,0.552,2.755,0.240
305700,5.000,0.552,2.755,0.240
305900,5.000,0.551,2.755,0.240
306100,5.000,0.554,2.767,0.241
306300,5.000,0.553,2.763,0.241
306500,5.000,0.553,2.763,0.241
306700,5.000,0.552,2.759,0.241
306900,5.000,0.556,2.774,0.241
307100,5.000,0.550,2.748,0.241
307300,5.000,0.550,2.748,0.241
307500,5.000,0.547,2.732,0.242
307700,5.000,0.555,2.771,0.242
307900,5.000,0.555,2.771,0.242
308100,5.000,0.546,2.725,0.242
308300,5.000,0.551,2.755,0.242
308500,5.000,0.556,2.778,0.242
308700,5.000,0.551,2.755,0.243
308900,5.000,0.551,2.755,0.243
309100,5.000,0.553,2.759,0.243
309300,5.000,0.554,2.767,0.243
309500,5.000,0.549,2.744,0.243
309700,5.000,0.549,2.744,0.243
309900,5.000,0.552,2.755,0.243
310100,5.000,0.556,2.782,0.244
310300,5.000,0.550,2.748,0.244
310500,5.000,0.550,2.748,0.244
310700,5.000,0.551,2.751,0.244
310900,5.000,0.550,2.748,0.244
311100,5.000,0.550,2.748,0.244
311300,5.000,0.545,2.721,0.245
311500,5.000,0.552,2.755,0.245
311700,5.000,0.555,2.771,0.245
311900,5.000,0.552,2.759,0.245
312100,5.000,0.552,2.759,0.245
312300,5.000,0.552,2.759,0.245
312500,5.000,0.556,2.782,0.246
312700,5.000,0.546,2.725,0.246
312900,5.000,0.546,2.725,0.246
313100,5.000,0.551,2.751,0.246
313300,5.000,0.554,2.767,0.246
313500,5.000,0.554,2.755,0.246
313700,5.000,0.552,2.755,0.246
313900,5.000,0.553,2.763,0.247
314100,5.000,0.549,2.744,0.247
314300,5.000,0.549,2.744,0.247
314500,5.000,0.556,2.778,0.247
314700,5.000,0.557,2.782,0.247
314900,5.000,0.551,2.751,0.247
315100,5.000,0.551,2.751,0.248
315300,5.000,0.552,2.759,0.248
315500,5.000,0.553,2.763,0.248
315700,5.000,0.550,2.748,0.248
315900,5.000,0.553,2.759,0.248
316100,5.000,0.553,2.759,0.248
316300,5.000,0.553,2.763,0.249
316500,5.000,0.551,2.751,0.249
316700,5.000,0.551,2.751,0.249
316900,5.000,0.553,2.759,0.249
317100,5.000,0.555,2.774,0.249
317300,5.000,0.548,2.736,0.249
317500,5.000,0.548,2.736,0.249
317700,5.000,0.551,2.755,0.250
317900,5.000,0.551,2.755,0.250
318100,5.000,0.549,2.740,0.250
318300,5.000,0.549,2.740,0.250
318500,5.000,0.551,2.751,0.250
318700,5.000,0.550,2.748,0.250
318900,5.000,0.552,2.755,0.251
319100,5.000,0.552,2.759,0.251
319300,5.000,0.552,2.759,0.251
319500,5.000,0.556,2.774,0.251
319700,5.000,0.547,2.736,0.251
319900,5.000,0.547,2.736,0.251
320100,5.000,0.551,2.751,0.252
320300,5.000,0.556,2.774,0.252
320500,5.000,0.552,2.755,0.252
320700,5.000,0.552,2.755,0.252
320900,5.000,0.552,2.755,0.252
321100,5.000,0.551,2.748,0.252
321300,5.000,0.547,2.732,0.252
321500,5.000,0.547,2.732,0.253
321700,5.000,0.550,2.748,0.253
321900,5.000,0.551,2.751,0.253
322100,5.000,0.551,2.751,0.253
322300,5.000,0.550,2.748,0.253
322500,5.000,0.553,2.767,0.253
322700,5.000,0.554,2.767,0.254
322900,5.000,0.551,2.751,0.254
323100,5.000,0.551,2.751,0.254
323300,5.000,0.551,2.751,0.254
323500,5.000,0.552,2.755,0.254
323700,5.000,0.549,2.744,0.254
323900,5.000,0.549,2.744,0.255
324100,5.000,0.555,2.771,0.255
324300,5.000,0.556,2.778,0.255
324500,5.000,0.556,2.778,0.255
324700,5.000,0.548,2.736,0.255
324900,5.000,0.552,2.759,0.255
325100,5.000,0.550,2.748,0.255
325300,5.000,0.550,2.748,0.256
325500,5.000,0.550,2.748,0.256
325700,5.000,0.552,2.755,0.256
325900,5.000,0.555,2.774,0.256
326100,5.000,0.550,2.744,0.256
326300,5.000,0.550,2.744,0.256
326500,5.000,0.554,2.767,0.257
326700,5.000,0.553,2.763,0.257
326900,5.000,0.550,2.748,0.257
327100,5.000,0.550,2.748,0.257
327300,5.000,0.554,2.771,0.257
327500,5.000,0.553,2.763,0.257
327700,5.000,0.553,2.763,0.258
327900,5.000,0.552,2.755,0.258
328100,5.000,0.551,2.755,0.258
328300,5.000,0.550,2.748,0.258
328500,5.000,0.550,2.748,0.258
328700,5.000,0.548,2.736,0.258
328900,5.000,0.552,2.755,0.258
329100,5.000,0.552,2.759,0.259
329300,5.000,0.552,2.759,0.259
329500,5.000,0.553,2.763,0.259
329700,5.000,0.554,2.767,0.259
329900,5.000,0.555,2.771,0.259
330100,5.000,0.549,2.744,0.259
330300,5.000,0.549,2.744,0.260
330500,5.000,0.555,2.771,0.260
330700,5.000,0.545,2.725,0.260
330900,5.000,0.545,2.725,0.260
331100,5.000,0.555,2.771,0.260
331300,5.000,0.555,2.771,0.260
331500,5.000,0.549,2.740,0.260
331700,5.000,0.549,2.740,0.261
331900,5.000,0.552,2.755,0.261
332100,5.000,0.550,2.748,0.261
332300,5.000,0.550,2.744,0.261
332500,5.000,0.550,2.744,0.261
332700,5.000,0.553,2.763,0.261
332900,5.000,0.556,2.782,0.262
333100,5.000,0.550,2.748,0.262
333300,5.000,0.554,2.767,0.262
333500,5.000,0.554,2.767,0.262
333700,5.000,0.550,2.751,0.262
333900,5.000,0.553,2.759,0.262
334100,5.000,0.553,2.759,0.263
334300,5.000,0.552,2.759,0.263
334500,5.000,0.556,2.778,0.263
334700,5.000,0.549,2.744,0.263
334900,5.000,0.549,2.744,0.263
335100,5.000,0.550,2.748,0.263
335300,5.000,0.552,2.755,0.263
335500,5.000,0.552,2.755,0.264
335700,5.000,0.549,2.740,0.264
335900,5.000,0.551,2.755,0.264
336100,5.000,0.553,2.767,0.264
336300,5.000,0.553,2.767,0.264
336500,5.000,0.553,2.759,0.264
336700,5.000,0.553,2.763,0.265
336900,5.000,0.557,2.782,0.265
337100,5.000,0.548,2.736,0.265
337300,5.000,0.548,2.736,0.265
337500,5.000,0.553,2.763,0.265
337700,5.000,0.552,2.759,0.265
337900,5.000,0.555,2.771,0.266
338100,5.000,0.555,2.771,0.266
338300,5.000,0.548,2.736,0.266
338500,5.000,0.552,2.755,0.266
338700,5.000,0.552,2.755,0.266
338900,5.000,0.550,2.748,0.266
339100,5.000,0.556,2.778,0.266
339300,5.000,0.547,2.732,0.267
339500,5.000,0.547,2.732,0.267
339700,5.000,0.554,2.767,0.267
339900,5.000,0.555,2.771,0.267
340100,5.000,0.554,2.767,0.267
340300,5.000,0.551,2.755,0.267
340500,5.000,0.551,2.755,0.268
340700,5.000,0.550,2.748,0.268
340900,5.000,0.553,2.763,0.268
341100,5.000,0.553,2.763,0.268
341300,5.000,0.553,2.763,0.268
341500,5.000,0.556,2.774,0.268
341700,5.000,0.551,2.751,0.269
341900,5.000,0.551,2.751,0.269
342100,5.000,0.549,2.740,0.269
342300,5.000,0.551,2.755,0.269
342500,5.000,0.551,2.751,0.269
342700,5.000,0.551,2.751,0.269
342900,5.000,0.550,2.748,0.269
343100,5.000,0.554,2.767,0.270
343300,5.000,0.554,2.767,0.270
343500,5.000,0.552,2.755,0.270
343700,5.000,0.552,2.755,0.270
343900,5.000,0.556,2.778,0.270
344100,5.000,0.550,2.744,0.270
344300,5.000,0.553,2.759,0.271
344500,5.000,0.553,2.759,0.271
344700,5.000,0.551,2.751,0.271
344900,5.000,0.551,2.751,0.271
345100,5.000,0.551,2.751,0.271
345300,5.000,0.553,2.763,0.271
345500,5.000,0.553,2.763,0.272
345700,5.000,0.550,2.744,0.272
345900,5.000,0.550,2.744,0.272
346100,5.000,0.550,2.744,0.272
346300,5.000,0.552,2.755,0.272
346500,5.000,0.552,2.755,0.272
346700,5.000,0.551,2.755,0.272
346900,5.000,0.555,2.771,0.273
347100,5.000,0.549,2.744,0.273
347300,5.000,0.552,2.755,0.273
347500,5.000,0.552,2.755,0.273
347700,5.000,0.550,2.744,0.273
347900,5.000,0.554,2.767,0.273
348100,5.000,0.553,2.763,0.274
348300,5.000,0.553,2.763,0.274
348500,5.000,0.553,2.763,0.274
348700,5.000,0.555,2.771,0.274
348900,5.000,0.548,2.736,0.274
349100,5.000,0.548,2.736,0.274
349300,5.000,0.551,2.755,0.275
349500,5.000,0.549,2.744,0.275
349700,5.000,0.549,2.744,0.275
349900,5.000,0.553,2.759,0.275
