300,5.000,0.355,1.774,0.000
500,5.000,0.336,1.683,0.000
700,5.000,0.336,1.683,0.000
900,5.000,0.340,1.702,0.000
1100,5.000,0.341,1.706,0.000
1300,5.000,0.341,1.706,0.000
1500,5.000,0.338,1.690,0.000
1700,5.000,0.336,1.683,0.000
1900,5.000,0.338,1.690,0.000
2100,5.000,0.338,1.690,0.000
2300,5.000,0.341,1.706,0.001
2500,5.000,0.339,1.694,0.001
2700,5.000,0.336,1.683,0.001
2900,5.000,0.336,1.683,0.001
3100,5.000,0.337,1.687,0.001
3300,5.000,0.340,1.702,0.001
3500,5.000,0.340,1.702,0.001
3700,5.000,0.337,1.683,0.001
3900,5.000,0.337,1.683,0.001
4100,5.000,0.336,1.683,0.001
4300,5.000,0.339,1.694,0.002
4500,5.000,0.339,1.694,0.002
4700,5.000,0.340,1.702,0.002
4900,5.000,0.338,1.690,0.002
5100,5.000,0.337,1.687,0.002
5300,5.000,0.337,1.687,0.002
5500,5.000,0.337,1.687,0.002
5700,5.000,0.340,1.702,0.002
5900,5.000,0.341,1.706,0.002
6100,5.000,0.341,1.706,0.002
6300,5.000,0.337,1.683,0.002
6500,5.000,0.337,1.683,0.003
6700,5.000,0.337,1.683,0.003
6900,5.000,0.339,1.694,0.003
7100,5.000,0.340,1.702,0.003
7300,5.000,0.338,1.690,0.003
7500,5.000,0.337,1.683,0.003
7700,5.000,0.337,1.683,0.003
7900,5.000,0.337,1.687,0.003
8100,5.000,0.341,1.702,0.003
8300,5.000,0.340,1.702,0.003
8500,5.000,0.340,1.702,0.004
8700,5.000,0.337,1.683,0.004
8900,5.000,0.336,1.679,0.004
9100,5.000,0.336,1.679,0.004
9300,5.000,0.339,1.698,0.004
9500,5.000,0.340,1.702,0.004
9700,5.000,0.338,1.690,0.004
9900,5.000,0.338,1.690,0.004
10100,5.000,0.338,1.690,0.004
10300,5.000,0.338,1.690,0.004
10500,5.000,0.340,1.702,0.004
10700,5.000,0.339,1.698,0.005
10900,5.000,0.339,1.698,0.005
11100,5.000,0.336,1.683,0.005
11300,5.000,0.336,1.683,0.005
11500,5.000,0.340,1.702,0.005
11700,5.000,0.340,1.702,0.005
11900,5.000,0.341,1.706,0.005
12100,5.000,0.338,1.690,0.005
12300,5.000,0.338,1.690,0.005
12500,5.000,0.336,1.679,0.005
12700,5.000,0.338,1.690,0.006
12900,5.000,0.341,1.706,0.006
13100,5.000,0.341,1.706,0.006
13300,5.000,0.340,1.702,0.006
13500,5.000,0.337,1.687,0.006
13700,5.000,0.336,1.683,0.006
13900,5.000,0.336,1.683,0.006
14100,5.000,0.340,1.702,0.006
14300,5.000,0.340,1.702,0.006
14500,5.000,0.337,1.687,0.006
14700,5.000,0.336,1.683,0.007
14900,5.000,0.336,1.683,0.007
15100,5.000,0.339,1.694,0.007
15300,5.000,0.340,1.702,0.007
15500,5.000,0.340,1.702,0.007
15700,5.000,0.340,1.702,0.007
15900,5.000,0.336,1.683,0.007
16100,5.000,0.337,1.687,0.007
16300,5.000,0.337,1.687,0.007
16500,5.000,0.340,1.702,0.007
16700,5.000,0.340,1.702,0.008
16900,5.000,0.337,1.690,0.008
17100,5.000,0.337,1.690,0.008
17300,5.000,0.337,1.683,0.008
17500,5.000,0.338,1.690,0.008
17700,5.000,0.341,1.706,0.008
17900,5.000,0.338,1.694,0.008
18100,5.000,0.338,1.694,0.008
18300,5.000,0.336,1.679,0.008
18500,5.000,0.337,1.687,0.008
18700,5.000,0.337,1.687,0.008
18900,5.000,0.339,1.698,0.009
19100,5.000,0.340,1.702,0.009
19300,5.000,0.337,1.687,0.009
19500,5.000,0.337,1.687,0.009
19700,5.000,0.337,1.687,0.009
19900,5.000,0.341,1.706,0.009
20100,5.000,0.341,1.706,0.009
20300,5.000,0.340,1.702,0.009
20500,5.000,0.339,1.698,0.009
20700,5.000,0.337,1.683,0.009
20900,5.000,0.337,1.683,0.010
21100,5.000,0.337,1.687,0.010
21300,5.000,0.340,1.702,0.010
21500,5.000,0.339,1.698,0.010
21700,5.000,0.336,1.683,0.010
21900,5.000,0.336,1.683,0.010
22100,5.000,0.337,1.687,0.010
22300,5.000,0.339,1.698,0.010
22500,5.000,0.340,1.702,0.010
22700,5.000,0.340,1.702,0.010
22900,5.000,0.338,1.690,0.011
23100,5.000,0.336,1.679,0.011
23300,5.000,0.336,1.679,0.011
23500,5.000,0.338,1.690,0.011
23700,5.000,0.341,1.706,0.011
23900,5.000,0.340,1.698,0.011
24100,5.000,0.340,1.698,0.011
24300,5.000,0.337,1.687,0.011
24500,5.000,0.336,1.683,0.011
24700,5.000,0.339,1.698,0.011
24900,5.000,0.341,1.709,0.011
25100,5.000,0.341,1.709,0.012
25300,5.000,0.338,1.690,0.012
25500,5.000,0.337,1.687,0.012
25700,5.000,0.338,1.690,0.012
25900,5.000,0.338,1.690,0.012
26100,5.000,0.340,1.702,0.012
26300,5.000,0.340,1.698,0.012
26500,5.000,0.340,1.698,0.012
26700,5.000,0.336,1.683,0.012
26900,5.000,0.337,1.687,0.012
27100,5.000,0.340,1.702,0.013
27300,5.000,0.340,1.702,0.013
27500,5.000,0.341,1.706,0.013
27700,5.000,0.338,1.690,0.013
27900,5.000,0.336,1.679,0.013
28100,5.000,0.338,1.690,0.013
28300,5.000,0.338,1.690,0.013
28500,5.000,0.341,1.706,0.013
28700,5.000,0.339,1.698,0.013
28900,5.000,0.337,1.687,0.013
29100,5.000,0.337,1.687,0.014
29300,5.000,0.345,1.725,0.014
29500,5.000,0.356,1.782,0.014
29700,5.000,0.356,1.782,0.014
29900,5.000,0.340,1.702,0.014
30100,5.000,0.337,1.687,0.014
30300,5.000,0.338,1.687,0.014
30500,5.000,0.338,1.687,0.014
30700,5.000,0.340,1.702,0.014
30900,5.000,0.340,1.702,0.014
31100,5.000,0.340,1.702,0.014
31300,5.000,0.338,1.694,0.015
31500,5.000,0.337,1.687,0.015
31700,5.000,0.339,1.694,0.015
31900,5.000,0.341,1.706,0.015
32100,5.000,0.341,1.706,0.015
32300,5.000,0.339,1.698,0.015
32500,5.000,0.337,1.687,0.015
32700,5.000,0.337,1.687,0.015
32900,5.000,0.337,1.687,0.015
33100,5.000,0.340,1.702,0.015
33300,5.000,0.341,1.706,0.016
33500,5.000,0.337,1.687,0.016
33700,5.000,0.337,1.687,0.016
33900,5.000,0.337,1.683,0.016
34100,5.000,0.339,1.698,0.016
34300,5.000,0.339,1.698,0.016
34500,5.000,0.341,1.706,0.016
34700,5.000,0.339,1.698,0.016
34900,5.000,0.338,1.694,0.016
35100,5.000,0.337,1.687,0.016
35300,5.000,0.337,1.687,0.017
35500,5.000,0.341,1.706,0.017
35700,5.000,0.340,1.706,0.017
35900,5.000,0.337,1.687,0.017
36100,5.000,0.337,1.687,0.017
36300,5.000,0.337,1.687,0.017
36500,5.000,0.339,1.698,0.017
36700,5.000,0.341,1.702,0.017
36900,5.000,0.341,1.702,0.017
37100,5.000,0.339,1.694,0.017
37300,5.000,0.337,1.683,0.017
37500,5.000,0.337,1.683,0.018
37700,5.000,0.338,1.690,0.018
37900,5.000,0.341,1.706,0.018
38100,5.000,0.340,1.702,0.018
38300,5.000,0.340,1.702,0.018
38500,5.000,0.337,1.687,0.018
38700,5.000,0.336,1.679,0.018
38900,5.000,0.339,1.698,0.018
39100,5.000,0.340,1.702,0.018
39300,5.000,0.340,1.702,0.018
39500,5.000,0.338,1.690,0.019
39700,5.000,0.337,1.687,0.019
39900,5.000,0.337,1.687,0.019
40100,5.000,0.337,1.687,0.019
40300,5.000,0.340,1.702,0.019
40500,5.000,0.340,1.702,0.019
40700,5.000,0.340,1.702,0.019
40900,5.000,0.337,1.687,0.019
41100,5.000,0.337,1.687,0.019
41300,5.000,0.339,1.698,0.019
41500,5.000,0.339,1.698,0.020
41700,5.000,0.340,1.702,0.020
41900,5.000,0.339,1.698,0.020
42100,5.000,0.336,1.683,0.020
42300,5.000,0.336,1.683,0.020
42500,5.000,0.336,1.683,0.020
42700,5.000,0.340,1.698,0.020
42900,5.000,0.341,1.702,0.020
43100,5.000,0.341,1.702,0.020
43300,5.000,0.337,1.687,0.020
43500,5.000,0.336,1.683,0.020
43700,5.000,0.339,1.694,0.021
43900,5.000,0.339,1.694,0.021
44100,5.000,0.340,1.702,0.021
44300,5.000,0.339,1.694,0.021
44500,5.000,0.337,1.683,0.021
44700,5.000,0.337,1.683,0.021
44900,5.000,0.337,1.687,0.021
45100,5.000,0.340,1.702,0.021
45300,5.000,0.340,1.702,0.021
45500,5.000,0.340,1.698,0.021
45700,5.000,0.336,1.679,0.022
45900,5.000,0.336,1.679,0.022
46100,5.000,0.339,1.694,0.022
46300,5.000,0.339,1.694,0.022
46500,5.000,0.340,1.698,0.022
46700,5.000,0.338,1.694,0.022
46900,5.000,0.336,1.683,0.022
47100,5.000,0.336,1.683,0.022
47300,5.000,0.336,1.683,0.022
47500,5.000,0.340,1.702,0.022
47700,5.000,0.341,1.702,0.023
47900,5.000,0.341,1.702,0.023
48100,5.000,0.336,1.683,0.023
48300,5.000,0.336,1.683,0.023
48500,5.000,0.336,1.683,0.023
48700,5.000,0.339,1.694,0.023
48900,5.000,0.340,1.702,0.023
49100,5.000,0.338,1.690,0.023
49300,5.000,0.335,1.679,0.023
49500,5.000,0.335,1.679,0.023
49700,5.000,0.339,1.694,0.024
49900,5.000,0.340,1.702,0.024
50100,5.000,0.339,1.698,0.024
50300,5.000,0.339,1.698,0.024
50500,5.000,0.336,1.683,0.024
50700,5.000,0.336,1.683,0.024
50900,5.000,0.339,1.694,0.024
51100,5.000,0.339,1.694,0.024
51300,5.000,0.340,1.702,0.024
51500,5.000,0.337,1.687,0.024
51700,5.000,0.337,1.687,0.024
51900,5.000,0.337,1.683,0.025
52100,5.000,0.338,1.690,0.025
52300,5.000,0.341,1.706,0.025
52500,5.000,0.341,1.706,0.025
52700,5.000,0.340,1.702,0.025
52900,5.000,0.336,1.679,0.025
53100,5.000,0.337,1.683,0.025
53300,5.000,0.340,1.702,0.025
53500,5.000,0.340,1.702,0.025
53700,5.000,0.341,1.706,0.025
53900,5.000,0.338,1.690,0.026
54100,5.000,0.338,1.690,0.026
54300,5.000,0.336,1.679,0.026
54500,5.000,0.337,1.687,0.026
54700,5.000,0.341,1.706,0.026
54900,5.000,0.341,1.706,0.026
55100,5.000,0.339,1.698,0.026
55300,5.000,0.337,1.687,0.026
55500,5.000,0.336,1.683,0.026
55700,5.000,0.336,1.683,0.026
55900,5.000,0.340,1.698,0.026
56100,5.000,0.340,1.702,0.027
56300,5.000,0.337,1.687,0.027
56500,5.000,0.336,1.683,0.027
56700,5.000,0.336,1.683,0.027
56900,5.000,0.345,1.725,0.027
57100,5.000,0.340,1.702,0.027
57300,5.000,0.340,1.702,0.027
57500,5.000,0.339,1.698,0.027
57700,5.000,0.336,1.679,0.027
57900,5.000,0.337,1.687,0.027
58100,5.000,0.337,1.687,0.028
58300,5.000,0.340,1.702,0.028
58500,5.000,0.340,1.702,0.028
58700,5.000,0.337,1.687,0.028
58900,5.000,0.337,1.687,0.028
59100,5.000,0.336,1.683,0.028
59300,5.000,0.338,1.694,0.028
59500,5.000,0.338,1.694,0.028
59700,5.000,0.339,1.698,0.028
59900,5.000,0.339,1.698,0.028
60100,5.000,0.336,1.679,0.029
60300,5.000,0.337,1.687,0.029
60500,5.000,0.337,1.687,0.029
60700,5.000,0.339,1.698,0.029
60900,5.000,0.340,1.702,0.029
61100,5.000,0.337,1.687,0.029
61300,5.000,0.337,1.687,0.029
61500,5.000,0.336,1.683,0.029
61700,5.000,0.338,1.690,0.029
61900,5.000,0.340,1.702,0.029
62100,5.000,0.340,1.702,0.029
62300,5.000,0.340,1.698,0.030
62500,5.000,0.337,1.683,0.030
62700,5.000,0.337,1.683,0.030
62900,5.000,0.336,1.683,0.030
63100,5.000,0.339,1.698,0.030
63300,5.000,0.340,1.702,0.030
63500,5.000,0.338,1.690,0.030
63700,5.000,0.338,1.690,0.030
63900,5.000,0.337,1.683,0.030
64100,5.000,0.337,1.687,0.030
64300,5.000,0.340,1.702,0.031
64500,5.000,0.340,1.702,0.031
64700,5.000,0.341,1.706,0.031
64900,5.000,0.336,1.683,0.031
65100,5.000,0.336,1.683,0.031
65300,5.000,0.337,1.683,0.031
65500,5.000,0.338,1.690,0.031
65700,5.000,0.340,1.702,0.031
65900,5.000,0.340,1.702,0.031
66100,5.000,0.339,1.698,0.031
66300,5.000,0.336,1.679,0.032
66500,5.000,0.336,1.683,0.032
66700,5.000,0.339,1.698,0.032
66900,5.000,0.339,1.698,0.032
67100,5.000,0.340,1.702,0.032
67300,5.000,0.338,1.690,0.032
67500,5.000,0.336,1.683,0.032
67700,5.000,0.336,1.683,0.032
67900,5.000,0.338,1.690,0.032
68100,5.000,0.340,1.702,0.032
68300,5.000,0.340,1.702,0.032
68500,5.000,0.339,1.694,0.033
68700,5.000,0.336,1.679,0.033
68900,5.000,0.337,1.683,0.033
69100,5.000,0.337,1.683,0.033
69300,5.000,0.339,1.698,0.033
69500,5.000,0.341,1.706,0.033
69700,5.000,0.337,1.687,0.033
69900,5.000,0.337,1.687,0.033
70100,5.000,0.336,1.683,0.033
70300,5.000,0.338,1.690,0.033
70500,5.000,0.340,1.702,0.034
70700,5.000,0.339,1.694,0.034
70900,5.000,0.339,1.694,0.034
71100,5.000,0.336,1.683,0.034
71300,5.000,0.337,1.687,0.034
71500,5.000,0.337,1.687,0.034
71700,5.000,0.339,1.698,0.034
71900,5.000,0.340,1.698,0.034
72100,5.000,0.338,1.690,0.034
72300,5.000,0.338,1.690,0.034
72500,5.000,0.336,1.683,0.035
72700,5.000,0.337,1.687,0.035
72900,5.000,0.341,1.706,0.035
73100,5.000,0.341,1.706,0.035
73300,5.000,0.339,1.698,0.035
73500,5.000,0.336,1.683,0.035
73700,5.000,0.336,1.683,0.035
73900,5.000,0.336,1.694,0.035
74100,5.000,0.339,1.694,0.035
74300,5.000,0.340,1.698,0.035
74500,5.000,0.338,1.690,0.035
74700,5.000,0.338,1.690,0.036
74900,5.000,0.336,1.683,0.036
75100,5.000,0.338,1.690,0.036
75300,5.000,0.340,1.702,0.036
75500,5.000,0.340,1.702,0.036
75700,5.000,0.339,1.698,0.036
75900,5.000,0.337,1.687,0.036
76100,5.000,0.337,1.687,0.036
76300,5.000,0.336,1.683,0.036
76500,5.000,0.339,1.694,0.036
76700,5.000,0.340,1.702,0.037
76900,5.000,0.340,1.702,0.037
77100,5.000,0.339,1.694,0.037
77300,5.000,0.336,1.679,0.037
77500,5.000,0.336,1.683,0.037
77700,5.000,0.340,1.702,0.037
77900,5.000,0.340,1.702,0.037
78100,5.000,0.340,1.702,0.037
78300,5.000,0.336,1.683,0.037
78500,5.000,0.336,1.683,0.037
78700,5.000,0.336,1.683,0.038
78900,5.000,0.338,1.694,0.038
79100,5.000,0.341,1.706,0.038
79300,5.000,0.341,1.706,0.038
79500,5.000,0.339,1.698,0.038
79700,5.000,0.336,1.679,0.038
79900,5.000,0.337,1.687,0.038
80100,5.000,0.337,1.687,0.038
80300,5.000,0.341,1.706,0.038
80500,5.000,0.340,1.698,0.038
80700,5.000,0.337,1.687,0.039
80900,5.000,0.336,1.679,0.039
81100,5.000,0.336,1.679,0.039
81300,5.000,0.338,1.690,0.039
81500,5.000,0.340,1.702,0.039
81700,5.000,0.340,1.702,0.039
81900,5.000,0.340,1.702,0.039
82100,5.000,0.336,1.679,0.039
82300,5.000,0.336,1.683,0.039
82500,5.000,0.336,1.683,0.039
82700,5.000,0.339,1.698,0.039
82900,5.000,0.341,1.706,0.040
83100,5.000,0.338,1.690,0.040
83300,5.000,0.338,1.690,0.040
83500,5.000,0.336,1.683,0.040
83700,5.000,0.339,1.694,0.040
83900,5.000,0.340,1.702,0.040
84100,5.000,0.339,1.694,0.040
84300,5.000,0.339,1.694,0.040
84500,5.000,0.336,1.683,0.040
84700,5.000,0.339,1.698,0.040
84900,5.000,0.340,1.702,0.041
85100,5.000,0.340,1.702,0.041
85300,5.000,0.340,1.702,0.041
85500,5.000,0.337,1.687,0.041
85700,5.000,0.337,1.687,0.041
85900,5.000,0.338,1.694,0.041
86100,5.000,0.343,1.717,0.041
86300,5.000,0.340,1.702,0.041
86500,5.000,0.340,1.702,0.041
86700,5.000,0.339,1.694,0.041
86900,5.000,0.337,1.687,0.041
87100,5.000,0.337,1.687,0.042
87300,5.000,0.337,1.687,0.042
87500,5.000,0.340,1.698,0.042
87700,5.000,0.350,1.751,0.042
87900,5.000,0.353,1.771,0.042
88100,5.000,0.353,1.771,0.042
88300,5.000,0.336,1.679,0.042
88500,5.000,0.339,1.698,0.042
88700,5.000,0.341,1.706,0.042
88900,5.000,0.341,1.706,0.042
89100,5.000,0.338,1.694,0.043
89300,5.000,0.336,1.683,0.043
89500,5.000,0.338,1.690,0.043
89700,5.000,0.338,1.690,0.043
89900,5.000,0.341,1.706,0.043
90100,5.000,0.340,1.702,0.043
90300,5.000,0.340,1.702,0.043
90500,5.000,0.337,1.687,0.043
90700,5.000,0.336,1.683,0.043
90900,5.000,0.338,1.694,0.043
91100,5.000,0.340,1.702,0.044
91300,5.000,0.340,1.702,0.044
91500,5.000,0.339,1.694,0.044
91700,5.000,0.337,1.683,0.044
91900,5.000,0.337,1.687,0.044
92100,5.000,0.337,1.687,0.044
92300,5.000,0.341,1.706,0.044
92500,5.000,0.339,1.698,0.044
92700,5.000,0.336,1.679,0.044
92900,5.000,0.336,1.679,0.044
93100,5.000,0.336,1.683,0.044
93300,5.000,0.339,1.698,0.045
93500,5.000,0.339,1.698,0.045
93700,5.000,0.341,1.706,0.045
93900,5.000,0.338,1.690,0.045
94100,5.000,0.336,1.679,0.045
94300,5.000,0.336,1.679,0.045
94500,5.000,0.337,1.687,0.045
94700,5.000,0.341,1.706,0.045
94900,5.000,0.340,1.702,0.045
95100,5.000,0.336,1.683,0.045
95300,5.000,0.336,1.683,0.046
95500,5.000,0.337,1.683,0.046
95700,5.000,0.339,1.698,0.046
95900,5.000,0.340,1.702,0.046
96100,5.000,0.340,1.702,0.046
96300,5.000,0.339,1.694,0.046
96500,5.000,0.336,1.683,0.046
96700,5.000,0.336,1.683,0.046
96900,5.000,0.337,1.683,0.046
97100,5.000,0.340,1.702,0.046
97300,5.000,0.340,1.698,0.047
97500,5.000,0.340,1.698,0.047
97700,5.000,0.337,1.683,0.047
97900,5.000,0.336,1.683,0.047
98100,5.000,0.339,1.694,0.047
98300,5.000,0.340,1.702,0.047
98500,5.000,0.340,1.702,0.047
98700,5.000,0.338,1.690,0.047
98900,5.000,0.336,1.679,0.047
99100,5.000,0.336,1.679,0.047
99300,5.000,0.338,1.690,0.047
99500,5.000,0.340,1.702,0.048
99700,5.000,0.339,1.698,0.048
99900,5.000,0.339,1.698,0.048
100100,5.000,0.336,1.683,0.048
100300,5.000,0.337,1.683,0.048
100500,5.000,0.339,1.698,0.048
100700,5.000,0.339,1.698,0.048
100900,5.000,0.340,1.702,0.048
101100,5.000,0.338,1.690,0.048
101300,5.000,0.338,1.690,0.048
101500,5.000,0.336,1.683,0.049
101700,5.000,0.337,1.687,0.049
101900,5.000,0.340,1.698,0.049
102100,5.000,0.340,1.698,0.049
102300,5.000,0.340,1.698,0.049
102500,5.000,0.337,1.687,0.049
102700,5.000,0.336,1.683,0.049
102900,5.000,0.339,1.698,0.049
103100,5.000,0.339,1.698,0.049
103300,5.000,0.340,1.702,0.049
103500,5.000,0.338,1.690,0.050
103700,5.000,0.336,1.683,0.050
103900,5.000,0.336,1.683,0.050
104100,5.000,0.338,1.690,0.050
104300,5.000,0.340,1.702,0.050
104500,5.000,0.340,1.702,0.050
104700,5.000,0.340,1.702,0.050
104900,5.000,0.336,1.683,0.050
105100,5.000,0.336,1.683,0.050
105300,5.000,0.339,1.694,0.050
105500,5.000,0.339,1.694,0.051
105700,5.000,0.340,1.702,0.051
105900,5.000,0.338,1.690,0.051
106100,5.000,0.336,1.683,0.051
106300,5.000,0.336,1.683,0.051
106500,5.000,0.337,1.687,0.051
106700,5.000,0.339,1.698,0.051
106900,5.000,0.340,1.702,0.051
107100,5.000,0.340,1.702,0.051
107300,5.000,0.337,1.687,0.051
107500,5.000,0.336,1.683,0.051
107700,5.000,0.336,1.683,0.052
107900,5.000,0.339,1.698,0.052
108100,5.000,0.341,1.706,0.052
108300,5.000,0.338,1.690,0.052
108500,5.000,0.338,1.690,0.052
108700,5.000,0.336,1.683,0.052
108900,5.000,0.337,1.687,0.052
109100,5.000,0.340,1.702,0.052
109300,5.000,0.340,1.702,0.052
109500,5.000,0.340,1.702,0.052
109700,5.000,0.337,1.687,0.053
109900,5.000,0.337,1.683,0.053
110100,5.000,0.337,1.683,0.053
110300,5.000,0.338,1.690,0.053
110500,5.000,0.340,1.702,0.053
110700,5.000,0.338,1.690,0.053
110900,5.000,0.338,1.690,0.053
111100,5.000,0.336,1.683,0.053
111300,5.000,0.337,1.687,0.053
111500,5.000,0.340,1.702,0.053
111700,5.000,0.340,1.702,0.053
111900,5.000,0.340,1.702,0.054
112100,5.000,0.340,1.702,0.054
112300,5.000,0.342,1.709,0.054
112500,5.000,0.339,1.698,0.054
112700,5.000,0.339,1.698,0.054
112900,5.000,0.341,1.709,0.054
113100,5.000,0.339,1.694,0.054
113300,5.000,0.339,1.694,0.054
113500,5.000,0.337,1.687,0.054
113700,5.000,0.337,1.687,0.054
113900,5.000,0.340,1.702,0.055
114100,5.000,0.340,1.702,0.055
114300,5.000,0.340,1.702,0.055
114500,5.000,0.339,1.698,0.055
114700,5.000,0.338,1.690,0.055
114900,5.000,0.338,1.690,0.055
115100,5.000,0.340,1.702,0.055
115300,5.000,0.341,1.706,0.055
115500,5.000,0.341,1.706,0.055
115700,5.000,0.337,1.683,0.055
115900,5.000,0.337,1.683,0.056
116100,5.000,0.338,1.690,0.056
116300,5.000,0.341,1.706,0.056
116500,5.000,0.341,1.706,0.056
116700,5.000,0.340,1.702,0.056
116900,5.000,0.337,1.683,0.056
117100,5.000,0.336,1.683,0.056
117300,5.000,0.336,1.683,0.056
117500,5.000,0.340,1.702,0.056
117700,5.000,0.341,1.709,0.056
117900,5.000,0.338,1.690,0.056
118100,5.000,0.338,1.690,0.057
118300,5.000,0.336,1.683,0.057
118500,5.000,0.338,1.690,0.057
118700,5.000,0.338,1.690,0.057
118900,5.000,0.341,1.706,0.057
119100,5.000,0.340,1.698,0.057
119300,5.000,0.337,1.683,0.057
119500,5.000,0.337,1.687,0.057
119700,5.000,0.337,1.687,0.057
119900,5.000,0.341,1.702,0.057
120100,5.000,0.341,1.702,0.058
120300,5.000,0.337,1.687,0.058
120500,5.000,0.337,1.687,0.058
120700,5.000,0.337,1.687,0.058
120900,5.000,0.338,1.690,0.058
121100,5.000,0.338,1.690,0.058
121300,5.000,0.341,1.706,0.058
121500,5.000,0.339,1.698,0.058
121700,5.000,0.337,1.683,0.058
121900,5.000,0.337,1.683,0.058
122100,5.000,0.338,1.690,0.059
122300,5.000,0.340,1.702,0.059
122500,5.000,0.341,1.706,0.059
122700,5.000,0.338,1.690,0.059
122900,5.000,0.338,1.690,0.059
123100,5.000,0.336,1.683,0.059
123300,5.000,0.339,1.694,0.059
123500,5.000,0.341,1.702,0.059
123700,5.000,0.341,1.702,0.059
123900,5.000,0.339,1.694,0.059
124100,5.000,0.337,1.683,0.059
124300,5.000,0.337,1.683,0.060
124500,5.000,0.337,1.687,0.060
124700,5.000,0.342,1.709,0.060
124900,5.000,0.341,1.702,0.060
125100,5.000,0.341,1.702,0.060
125300,5.000,0.336,1.683,0.060
125500,5.000,0.338,1.687,0.060
125700,5.000,0.339,1.698,0.060
125900,5.000,0.339,1.698,0.060
126100,5.000,0.340,1.702,0.060
126300,5.000,0.338,1.694,0.061
126500,5.000,0.337,1.683,0.061
126700,5.000,0.338,1.690,0.061
126900,5.000,0.338,1.690,0.061
127100,5.000,0.341,1.706,0.061
127300,5.000,0.341,1.706,0.061
127500,5.000,0.341,1.706,0.061
127700,5.000,0.337,1.683,0.061
127900,5.000,0.336,1.683,0.061
128100,5.000,0.339,1.698,0.061
128300,5.000,0.339,1.698,0.062
128500,5.000,0.341,1.709,0.062
128700,5.000,0.338,1.694,0.062
128900,5.000,0.337,1.687,0.062
129100,5.000,0.337,1.687,0.062
129300,5.000,0.338,1.690,0.062
129500,5.000,0.342,1.709,0.062
129700,5.000,0.340,1.702,0.062
129900,5.000,0.340,1.683,0.062
130100,5.000,0.336,1.683,0.062
130300,5.000,0.337,1.687,0.063
130500,5.000,0.340,1.702,0.063
130700,5.000,0.340,1.702,0.063
130900,5.000,0.341,1.706,0.063
131100,5.000,0.338,1.690,0.063
131300,5.000,0.336,1.683,0.063
131500,5.000,0.336,1.683,0.063
131700,5.000,0.338,1.694,0.063
131900,5.000,0.341,1.706,0.063
132100,5.000,0.341,1.706,0.063
132300,5.000,0.339,1.698,0.063
132500,5.000,0.336,1.683,0.064
132700,5.000,0.338,1.690,0.064
132900,5.000,0.338,1.690,0.064
133100,5.000,0.340,1.702,0.064
133300,5.000,0.340,1.702,0.064
133500,5.000,0.337,1.687,0.064
133700,5.000,0.337,1.683,0.064
133900,5.000,0.337,1.683,0.064
134100,5.000,0.339,1.698,0.064
134300,5.000,0.341,1.706,0.064
134500,5.000,0.340,1.698,0.065
134700,5.000,0.340,1.698,0.065
134900,5.000,0.337,1.683,0.065
135100,5.000,0.337,1.687,0.065
135300,5.000,0.337,1.687,0.065
135500,5.000,0.341,1.706,0.065
135700,5.000,0.340,1.702,0.065
135900,5.000,0.338,1.687,0.065
136100,5.000,0.338,1.687,0.065
136300,5.000,0.338,1.690,0.065
136500,5.000,0.338,1.690,0.065
136700,5.000,0.341,1.706,0.066
136900,5.000,0.339,1.698,0.066
137100,5.000,0.339,1.698,0.066
137300,5.000,0.337,1.683,0.066
137500,5.000,0.338,1.687,0.066
137700,5.000,0.341,1.706,0.066
137900,5.000,0.341,1.706,0.066
138100,5.000,0.340,1.702,0.066
138300,5.000,0.337,1.687,0.066
138500,5.000,0.337,1.687,0.066
138700,5.000,0.336,1.683,0.067
138900,5.000,0.340,1.698,0.067
139100,5.000,0.341,1.709,0.067
139300,5.000,0.341,1.709,0.067
139500,5.000,0.339,1.698,0.067
139700,5.000,0.338,1.690,0.067
139900,5.000,0.338,1.690,0.067
140100,5.000,0.341,1.706,0.067
140300,5.000,0.341,1.706,0.067
140500,5.000,0.340,1.702,0.067
140700,5.000,0.337,1.687,0.068
140900,5.000,0.337,1.687,0.068
141100,5.000,0.337,1.687,0.068
141300,5.000,0.340,1.698,0.068
141500,5.000,0.340,1.702,0.068
141700,5.000,0.340,1.702,0.068
141900,5.000,0.338,1.690,0.068
142100,5.000,0.336,1.683,0.068
142300,5.000,0.338,1.690,0.068
142500,5.000,0.338,1.690,0.068
142700,5.000,0.341,1.706,0.068
142900,5.000,0.340,1.702,0.069
143100,5.000,0.340,1.702,0.069
143300,5.000,0.337,1.687,0.069
143500,5.000,0.337,1.687,0.069
143700,5.000,0.339,1.698,0.069
143900,5.000,0.341,1.706,0.069
144100,5.000,0.341,1.706,0.069
144300,5.000,0.338,1.690,0.069
144500,5.000,0.338,1.690,0.069
144700,5.000,0.339,1.694,0.069
144900,5.000,0.339,1.694,0.070
145100,5.000,0.341,1.706,0.070
145300,5.000,0.340,1.698,0.070
145500,5.000,0.337,1.687,0.070
145700,5.000,0.337,1.687,0.070
145900,5.000,0.338,1.690,0.070
146100,5.000,0.352,1.759,0.070
146300,5.000,0.352,1.759,0.070
146500,5.000,0.355,1.774,0.070
146700,5.000,0.338,1.687,0.070
146900,5.000,0.338,1.690,0.071
147100,5.000,0.339,1.694,0.071
147300,5.000,0.339,1.694,0.071
147500,5.000,0.341,1.706,0.071
147700,5.000,0.339,1.698,0.071
147900,5.000,0.337,1.683,0.071
148100,5.000,0.337,1.683,0.071
148300,5.000,0.337,1.687,0.071
148500,5.000,0.340,1.698,0.071
148700,5.000,0.341,1.706,0.071
148900,5.000,0.341,1.706,0.072
149100,5.000,0.338,1.690,0.072
149300,5.000,0.338,1.690,0.072
149500,5.000,0.338,1.690,0.072
149700,5.000,0.339,1.694,0.072
149900,5.000,0.341,1.706,0.072
150100,5.000,0.340,1.698,0.072
150300,5.000,0.337,1.687,0.072
150500,5.000,0.337,1.687,0.072
150700,5.000,0.337,1.687,0.072
150900,5.000,0.340,1.702,0.073
151100,5.000,0.341,1.706,0.073
151300,5.000,0.341,1.706,0.073
151500,5.000,0.338,1.690,0.073
151700,5.000,0.337,1.687,0.073
151900,5.000,0.338,1.690,0.073
152100,5.000,0.338,1.690,0.073
152300,5.000,0.341,1.706,0.073
152500,5.000,0.340,1.702,0.073
152700,5.000,0.340,1.702,0.073
152900,5.000,0.337,1.687,0.073
153100,5.000,0.337,1.687,0.074
153300,5.000,0.339,1.694,0.074
153500,5.000,0.339,1.694,0.074
153700,5.000,0.341,1.706,0.074
153900,5.000,0.339,1.698,0.074
154100,5.000,0.336,1.683,0.074
154300,5.000,0.338,1.694,0.074
154500,5.000,0.338,1.694,0.074
154700,5.000,0.340,1.702,0.074
154900,5.000,0.339,1.698,0.074
155100,5.000,0.339,1.698,0.075
155300,5.000,0.337,1.687,0.075
155500,5.000,0.337,1.687,0.075
155700,5.000,0.338,1.694,0.075
155900,5.000,0.338,1.694,0.075
156100,5.000,0.341,1.706,0.075
156300,5.000,0.339,1.694,0.075
156500,5.000,0.337,1.687,0.075
156700,5.000,0.337,1.687,0.075
156900,5.000,0.337,1.683,0.075
157100,5.000,0.340,1.698,0.075
157300,5.000,0.341,1.706,0.076
157500,5.000,0.338,1.690,0.076
157700,5.000,0.338,1.690,0.076
157900,5.000,0.336,1.683,0.076
158100,5.000,0.338,1.694,0.076
158300,5.000,0.338,1.694,0.076
158500,5.000,0.341,1.706,0.076
158700,5.000,0.340,1.702,0.076
158900,5.000,0.337,1.687,0.076
159100,5.000,0.337,1.687,0.076
159300,5.000,0.338,1.690,0.077
159500,5.000,0.341,1.706,0.077
159700,5.000,0.341,1.706,0.077
159900,5.000,0.341,1.706,0.077
160100,5.000,0.337,1.690,0.077
160300,5.000,0.336,1.679,0.077
160500,5.000,0.336,1.679,0.077
160700,5.000,0.337,1.687,0.077
160900,5.000,0.340,1.706,0.077
161100,5.000,0.340,1.698,0.077
161300,5.000,0.337,1.683,0.078
161500,5.000,0.337,1.683,0.078
161700,5.000,0.336,1.683,0.078
161900,5.000,0.338,1.694,0.078
162100,5.000,0.340,1.698,0.078
162300,5.000,0.340,1.698,0.078
162500,5.000,0.339,1.694,0.078
162700,5.000,0.336,1.679,0.078
162900,5.000,0.337,1.683,0.078
163100,5.000,0.337,1.683,0.078
163300,5.000,0.340,1.702,0.078
163500,5.000,0.340,1.698,0.079
163700,5.000,0.340,1.698,0.079
163900,5.000,0.337,1.683,0.079
164100,5.000,0.336,1.679,0.079
164300,5.000,0.339,1.694,0.079
164500,5.000,0.340,1.702,0.079
164700,5.000,0.340,1.702,0.079
164900,5.000,0.338,1.690,0.079
165100,5.000,0.336,1.683,0.079
165300,5.000,0.336,1.683,0.079
165500,5.000,0.336,1.683,0.080
165700,5.000,0.339,1.698,0.080
165900,5.000,0.340,1.702,0.080
166100,5.000,0.340,1.702,0.080
166300,5.000,0.338,1.690,0.080
166500,5.000,0.336,1.679,0.080
166700,5.000,0.337,1.687,0.080
166900,5.000,0.337,1.687,0.080
167100,5.000,0.339,1.698,0.080
167300,5.000,0.339,1.698,0.080
167500,5.000,0.336,1.683,0.081
167700,5.000,0.336,1.683,0.081
167900,5.000,0.336,1.683,0.081
168100,5.000,0.339,1.698,0.081
168300,5.000,0.340,1.702,0.081
168500,5.000,0.338,1.694,0.081
168700,5.000,0.338,1.694,0.081
168900,5.000,0.335,1.679,0.081
169100,5.000,0.338,1.690,0.081
169300,5.000,0.338,1.690,0.081
169500,5.000,0.340,1.702,0.081
169700,5.000,0.340,1.702,0.082
169900,5.000,0.336,1.683,0.082
170100,5.000,0.336,1.683,0.082
170300,5.000,0.336,1.679,0.082
170500,5.000,0.338,1.690,0.082
170700,5.000,0.339,1.698,0.082
170900,5.000,0.339,1.698,0.082
171100,5.000,0.339,1.694,0.082
171300,5.000,0.336,1.683,0.082
171500,5.000,0.337,1.683,0.082
171700,5.000,0.339,1.698,0.083
171900,5.000,0.339,1.698,0.083
172100,5.000,0.340,1.702,0.083
172300,5.000,0.337,1.683,0.083
172500,5.000,0.337,1.683,0.083
172700,5.000,0.336,1.679,0.083
172900,5.000,0.338,1.690,0.083
173100,5.000,0.341,1.702,0.083
173300,5.000,0.341,1.702,0.083
173500,5.000,0.339,1.698,0.083
173700,5.000,0.336,1.683,0.084
173900,5.000,0.337,1.687,0.084
174100,5.000,0.337,1.687,0.084
174300,5.000,0.341,1.706,0.084
174500,5.000,0.341,1.702,0.084
174700,5.000,0.341,1.702,0.084
174900,5.000,0.338,1.690,0.084
175100,5.000,0.337,1.683,0.084
175300,5.000,0.337,1.687,0.084
175500,5.000,0.339,1.698,0.084
175700,5.000,0.339,1.698,0.084
175900,5.000,0.339,1.698,0.085
176100,5.000,0.336,1.683,0.085
176300,5.000,0.336,1.679,0.085
176500,5.000,0.336,1.679,0.085
176700,5.000,0.339,1.694,0.085
176900,5.000,0.340,1.698,0.085
177100,5.000,0.340,1.698,0.085
177300,5.000,0.338,1.694,0.085
177500,5.000,0.336,1.683,0.085
177700,5.000,0.336,1.683,0.085
177900,5.000,0.336,1.683,0.086
178100,5.000,0.340,1.702,0.086
178300,5.000,0.341,1.706,0.086
178500,5.000,0.337,1.687,0.086
178700,5.000,0.337,1.683,0.086
178900,5.000,0.337,1.683,0.086
179100,5.000,0.340,1.702,0.086
179300,5.000,0.340,1.698,0.086
179500,5.000,0.339,1.698,0.086
179700,5.000,0.339,1.698,0.086
179900,5.000,0.337,1.683,0.087
180100,5.000,0.337,1.683,0.087
180300,5.000,0.337,1.683,0.087
180500,5.000,0.339,1.698,0.087
180700,5.000,0.340,1.702,0.087
180900,5.000,0.338,1.690,0.087
181100,5.000,0.338,1.690,0.087
181300,5.000,0.336,1.679,0.087
181500,5.000,0.337,1.687,0.087
181700,5.000,0.340,1.702,0.087
181900,5.000,0.339,1.698,0.088
182100,5.000,0.339,1.698,0.088
182300,5.000,0.337,1.683,0.088
182500,5.000,0.336,1.679,0.088
182700,5.000,0.339,1.694,0.088
182900,5.000,0.339,1.694,0.088
183100,5.000,0.340,1.702,0.088
183300,5.000,0.338,1.687,0.088
183500,5.000,0.338,1.687,0.088
183700,5.000,0.336,1.683,0.088
183900,5.000,0.337,1.687,0.088
184100,5.000,0.339,1.698,0.089
184300,5.000,0.339,1.698,0.089
184500,5.000,0.340,1.702,0.089
184700,5.000,0.336,1.683,0.089
184900,5.000,0.336,1.679,0.089
185100,5.000,0.336,1.679,0.089
185300,5.000,0.339,1.694,0.089
185500,5.000,0.340,1.702,0.089
185700,5.000,0.340,1.702,0.089
185900,5.000,0.340,1.702,0.089
186100,5.000,0.336,1.683,0.090
186300,5.000,0.336,1.679,0.090
186500,5.000,0.340,1.698,0.090
186700,5.000,0.340,1.698,0.090
186900,5.000,0.340,1.702,0.090
187100,5.000,0.338,1.690,0.090
187300,5.000,0.336,1.679,0.090
187500,5.000,0.336,1.679,0.090
187700,5.000,0.337,1.687,0.090
187900,5.000,0.340,1.702,0.090
188100,5.000,0.340,1.702,0.090
188300,5.000,0.339,1.694,0.091
188500,5.000,0.336,1.683,0.091
188700,5.000,0.337,1.687,0.091
188900,5.000,0.338,1.694,0.091
189100,5.000,0.338,1.694,0.091
189300,5.000,0.341,1.702,0.091
189500,5.000,0.339,1.694,0.091
189700,5.000,0.336,1.679,0.091
189900,5.000,0.336,1.679,0.091
190100,5.000,0.337,1.683,0.091
190300,5.000,0.339,1.694,0.092
190500,5.000,0.340,1.702,0.092
190700,5.000,0.340,1.702,0.092
190900,5.000,0.338,1.690,0.092
191100,5.000,0.336,1.679,0.092
191300,5.000,0.336,1.679,0.092
191500,5.000,0.337,1.687,0.092
191700,5.000,0.339,1.698,0.092
191900,5.000,0.339,1.698,0.092
192100,5.000,0.339,1.698,0.092
192300,5.000,0.337,1.683,0.093
192500,5.000,0.336,1.683,0.093
192700,5.000,0.339,1.694,0.093
192900,5.000,0.341,1.706,0.093
193100,5.000,0.341,1.706,0.093
193300,5.000,0.338,1.690,0.093
193500,5.000,0.337,1.683,0.093
193700,5.000,0.337,1.687,0.093
193900,5.000,0.337,1.687,0.093
194100,5.000,0.343,1.717,0.093
194300,5.000,0.340,1.702,0.093
194500,5.000,0.340,1.702,0.094
194700,5.000,0.336,1.679,0.094
194900,5.000,0.336,1.683,0.094
195100,5.000,0.339,1.694,0.094
195300,5.000,0.339,1.694,0.094
195500,5.000,0.340,1.702,0.094
195700,5.000,0.338,1.690,0.094
195900,5.000,0.336,1.683,0.094
196100,5.000,0.337,1.683,0.094
196300,5.000,0.337,1.683,0.094
196500,5.000,0.341,1.706,0.095
196700,5.000,0.339,1.698,0.095
196900,5.000,0.339,1.683,0.095
197100,5.000,0.336,1.683,0.095
197300,5.000,0.336,1.683,0.095
197500,5.000,0.338,1.690,0.095
197700,5.000,0.338,1.690,0.095
197900,5.000,0.340,1.702,0.095
198100,5.000,0.339,1.694,0.095
198300,5.000,0.336,1.683,0.095
198500,5.000,0.336,1.683,0.095
198700,5.000,0.337,1.683,0.096
198900,5.000,0.341,1.706,0.096
199100,5.000,0.341,1.706,0.096
199300,5.000,0.337,1.687,0.096
199500,5.000,0.337,1.687,0.096
199700,5.000,0.336,1.679,0.096
199900,5.000,0.338,1.694,0.096
200100,5.000,0.338,1.694,0.096
200300,5.000,0.340,1.698,0.096
200500,5.000,0.339,1.694,0.096
200700,5.000,0.336,1.683,0.097
200900,5.000,0.336,1.683,0.097
201100,5.000,0.336,1.679,0.097
201300,5.000,0.340,1.702,0.097
201500,5.000,0.340,1.702,0.097
201700,5.000,0.340,1.702,0.097
201900,5.000,0.337,1.687,0.097
202100,5.000,0.336,1.683,0.097
202300,5.000,0.336,1.683,0.097
202500,5.000,0.337,1.690,0.097
202700,5.000,0.340,1.702,0.098
202900,5.000,0.340,1.702,0.098
203100,5.000,0.337,1.683,0.098
203300,5.000,0.337,1.683,0.098
203500,5.000,0.336,1.683,0.098
203700,5.000,0.339,1.698,0.098
203900,5.000,0.342,1.709,0.098
204100,5.000,0.342,1.709,0.098
204300,5.000,0.338,1.690,0.098
204500,5.000,0.350,1.751,0.098
204700,5.000,0.346,1.729,0.099
204900,5.000,0.346,1.729,0.099
205100,5.000,0.340,1.698,0.099
205300,5.000,0.339,1.698,0.099
205500,5.000,0.339,1.698,0.099
205700,5.000,0.337,1.683,0.099
205900,5.000,0.336,1.683,0.099
206100,5.000,0.339,1.698,0.099
206300,5.000,0.340,1.702,0.099
206500,5.000,0.340,1.702,0.099
206700,5.000,0.337,1.687,0.099
206900,5.000,0.336,1.683,0.100
207100,5.000,0.338,1.690,0.100
207300,5.000,0.338,1.690,0.100
207500,5.000,0.340,1.702,0.100
207700,5.000,0.339,1.698,0.100
207900,5.000,0.339,1.679,0.100
208100,5.000,0.336,1.679,0.100
208300,5.000,0.336,1.679,0.100
208500,5.000,0.339,1.698,0.100
208700,5.000,0.339,1.698,0.100
208900,5.000,0.340,1.698,0.101
209100,5.000,0.339,1.698,0.101
209300,5.000,0.336,1.679,0.101
209500,5.000,0.337,1.687,0.101
209700,5.000,0.337,1.687,0.101
209900,5.000,0.341,1.702,0.101
210100,5.000,0.339,1.694,0.101
210300,5.000,0.336,1.679,0.101
210500,5.000,0.336,1.679,0.101
210700,5.000,0.337,1.683,0.101
210900,5.000,0.339,1.698,0.102
211100,5.000,0.339,1.698,0.102
211300,5.000,0.339,1.698,0.102
211500,5.000,0.337,1.687,0.102
211700,5.000,0.336,1.679,0.102
211900,5.000,0.336,1.679,0.102
212100,5.000,0.338,1.690,0.102
212300,5.000,0.339,1.698,0.102
212500,5.000,0.339,1.698,0.102
212700,5.000,0.339,1.698,0.102
212900,5.000,0.336,1.683,0.103
213100,5.000,0.336,1.683,0.103
213300,5.000,0.340,1.698,0.103
213500,5.000,0.340,1.698,0.103
213700,5.000,0.340,1.698,0.103
213900,5.000,0.337,1.687,0.103
214100,5.000,0.337,1.683,0.103
214300,5.000,0.337,1.683,0.103
214500,5.000,0.338,1.690,0.103
214700,5.000,0.340,1.702,0.103
214900,5.000,0.339,1.694,0.103
215100,5.000,0.339,1.694,0.104
215300,5.000,0.335,1.679,0.104
215500,5.000,0.337,1.683,0.104
215700,5.000,0.340,1.702,0.104
215900,5.000,0.340,1.702,0.104
216100,5.000,0.339,1.698,0.104
216300,5.000,0.337,1.687,0.104
216500,5.000,0.335,1.679,0.104
216700,5.000,0.339,1.698,0.104
216900,5.000,0.339,1.698,0.104
217100,5.000,0.339,1.698,0.105
217300,5.000,0.337,1.687,0.105
217500,5.000,0.337,1.687,0.105
217700,5.000,0.336,1.683,0.105
217900,5.000,0.337,1.687,0.105
218100,5.000,0.340,1.702,0.105
218300,5.000,0.340,1.702,0.105
218500,5.000,0.339,1.698,0.105
218700,5.000,0.336,1.683,0.105
218900,5.000,0.339,1.694,0.105
219100,5.000,0.339,1.694,0.105
219300,5.000,0.339,1.694,0.106
219500,5.000,0.340,1.702,0.106
219700,5.000,0.340,1.702,0.106
219900,5.000,0.339,1.694,0.106
220100,5.000,0.335,1.679,0.106
220300,5.000,0.337,1.687,0.106
220500,5.000,0.340,1.702,0.106
220700,5.000,0.340,1.702,0.106
220900,5.000,0.339,1.694,0.106
221100,5.000,0.336,1.683,0.106
221300,5.000,0.336,1.683,0.107
221500,5.000,0.336,1.683,0.107
221700,5.000,0.340,1.698,0.107
221900,5.000,0.340,1.698,0.107
222100,5.000,0.340,1.698,0.107
222300,5.000,0.337,1.683,0.107
222500,5.000,0.336,1.679,0.107
222700,5.000,0.338,1.694,0.107
222900,5.000,0.338,1.694,0.107
223100,5.000,0.340,1.698,0.107
223300,5.000,0.339,1.698,0.107
223500,5.000,0.336,1.679,0.108
223700,5.000,0.338,1.690,0.108
223900,5.000,0.338,1.690,0.108
224100,5.000,0.339,1.698,0.108
224300,5.000,0.339,1.698,0.108
224500,5.000,0.338,1.690,0.108
224700,5.000,0.338,1.690,0.108
224900,5.000,0.336,1.679,0.108
225100,5.000,0.337,1.687,0.108
225300,5.000,0.337,1.687,0.108
225500,5.000,0.340,1.698,0.109
225700,5.000,0.338,1.694,0.109
225900,5.000,0.336,1.683,0.109
226100,5.000,0.336,1.683,0.109
226300,5.000,0.336,1.683,0.109
226500,5.000,0.339,1.694,0.109
226700,5.000,0.340,1.702,0.109
226900,5.000,0.337,1.687,0.109
227100,5.000,0.337,1.687,0.109
227300,5.000,0.336,1.679,0.109
227500,5.000,0.337,1.687,0.110
227700,5.000,0.340,1.702,0.110
227900,5.000,0.340,1.702,0.110
228100,5.000,0.339,1.694,0.110
228300,5.000,0.337,1.683,0.110
228500,5.000,0.337,1.683,0.110
228700,5.000,0.336,1.683,0.110
228900,5.000,0.339,1.698,0.110
229100,5.000,0.340,1.702,0.110
229300,5.000,0.340,1.702,0.110
229500,5.000,0.338,1.690,0.110
229700,5.000,0.336,1.679,0.111
229900,5.000,0.338,1.690,0.111
230100,5.000,0.338,1.690,0.111
230300,5.000,0.340,1.702,0.111
230500,5.000,0.340,1.698,0.111
230700,5.000,0.336,1.683,0.111
230900,5.000,0.336,1.683,0.111
231100,5.000,0.336,1.679,0.111
231300,5.000,0.339,1.698,0.111
231500,5.000,0.340,1.702,0.111
231700,5.000,0.340,1.702,0.112
231900,5.000,0.338,1.690,0.112
232100,5.000,0.336,1.679,0.112
232300,5.000,0.338,1.690,0.112
232500,5.000,0.338,1.690,0.112
232700,5.000,0.340,1.698,0.112
232900,5.000,0.339,1.694,0.112
233100,5.000,0.339,1.694,0.112
233300,5.000,0.336,1.679,0.112
233500,5.000,0.336,1.683,0.112
233700,5.000,0.340,1.702,0.113
233900,5.000,0.340,1.702,0.113
234100,5.000,0.340,1.702,0.113
234300,5.000,0.337,1.687,0.113
234500,5.000,0.336,1.679,0.113
234700,5.000,0.338,1.690,0.113
234900,5.000,0.338,1.690,0.113
235100,5.000,0.340,1.702,0.113
235300,5.000,0.339,1.694,0.113
235500,5.000,0.336,1.683,0.113
235700,5.000,0.336,1.683,0.113
235900,5.000,0.336,1.683,0.114
236100,5.000,0.339,1.698,0.114
236300,5.000,0.339,1.698,0.114
236500,5.000,0.340,1.702,0.114
236700,5.000,0.336,1.683,0.114
236900,5.000,0.336,1.679,0.114
237100,5.000,0.336,1.679,0.114
237300,5.000,0.338,1.690,0.114
237500,5.000,0.340,1.702,0.114
237700,5.000,0.339,1.694,0.114
237900,5.000,0.336,1.679,0.115
238100,5.000,0.336,1.679,0.115
238300,5.000,0.337,1.683,0.115
238500,5.000,0.339,1.698,0.115
238700,5.000,0.342,1.713,0.115
238900,5.000,0.342,1.713,0.115
239100,5.000,0.337,1.687,0.115
239300,5.000,0.336,1.679,0.115
239500,5.000,0.336,1.679,0.115
239700,5.000,0.338,1.690,0.115
239900,5.000,0.340,1.702,0.116
240100,5.000,0.339,1.694,0.116
240300,5.000,0.339,1.694,0.116
240500,5.000,0.336,1.683,0.116
240700,5.000,0.336,1.683,0.116
240900,5.000,0.339,1.698,0.116
241100,5.000,0.340,1.702,0.116
241300,5.000,0.340,1.702,0.116
241500,5.000,0.336,1.683,0.116
241700,5.000,0.336,1.683,0.116
241900,5.000,0.336,1.683,0.117
242100,5.000,0.338,1.690,0.117
242300,5.000,0.340,1.702,0.117
242500,5.000,0.339,1.694,0.117
242700,5.000,0.339,1.694,0.117
242900,5.000,0.336,1.679,0.117
243100,5.000,0.337,1.687,0.117
243300,5.000,0.340,1.702,0.117
243500,5.000,0.340,1.702,0.117
243700,5.000,0.342,1.709,0.117
243900,5.000,0.337,1.687,0.117
244100,5.000,0.337,1.687,0.118
244300,5.000,0.336,1.683,0.118
244500,5.000,0.339,1.694,0.118
244700,5.000,0.340,1.702,0.118
244900,5.000,0.338,1.690,0.118
245100,5.000,0.338,1.690,0.118
245300,5.000,0.335,1.675,0.118
245500,5.000,0.337,1.687,0.118
245700,5.000,0.340,1.702,0.118
245900,5.000,0.340,1.702,0.118
246100,5.000,0.340,1.702,0.119
246300,5.000,0.336,1.683,0.119
246500,5.000,0.336,1.683,0.119
246700,5.000,0.336,1.683,0.119
246900,5.000,0.339,1.698,0.119
247100,5.000,0.339,1.698,0.119
247300,5.000,0.339,1.698,0.119
247500,5.000,0.338,1.690,0.119
247700,5.000,0.336,1.679,0.119
247900,5.000,0.337,1.687,0.119
248100,5.000,0.339,1.698,0.120
248300,5.000,0.339,1.698,0.120
248500,5.000,0.339,1.694,0.120
248700,5.000,0.337,1.687,0.120
248900,5.000,0.336,1.683,0.120
249100,5.000,0.336,1.683,0.120
249300,5.000,0.339,1.694,0.120
249500,5.000,0.340,1.698,0.120
249700,5.000,0.338,1.690,0.120
249900,5.000,0.338,1.690,0.120
250100,5.000,0.336,1.683,0.120
250300,5.000,0.337,1.687,0.121
250500,5.000,0.337,1.687,0.121
250700,5.000,0.339,1.698,0.121
250900,5.000,0.340,1.702,0.121
251100,5.000,0.336,1.683,0.121
251300,5.000,0.336,1.683,0.121
251500,5.000,0.336,1.683,0.121
251700,5.000,0.339,1.694,0.121
251900,5.000,0.340,1.702,0.121
252100,5.000,0.337,1.687,0.121
252300,5.000,0.337,1.687,0.122
252500,5.000,0.336,1.679,0.122
252700,5.000,0.337,1.687,0.122
252900,5.000,0.337,1.687,0.122
253100,5.000,0.340,1.702,0.122
253300,5.000,0.339,1.694,0.122
253500,5.000,0.336,1.683,0.122
253700,5.000,0.336,1.683,0.122
253900,5.000,0.337,1.687,0.122
254100,5.000,0.338,1.694,0.122
254300,5.000,0.340,1.698,0.122
254500,5.000,0.340,1.698,0.123
254700,5.000,0.338,1.690,0.123
254900,5.000,0.336,1.679,0.123
255100,5.000,0.336,1.683,0.123
255300,5.000,0.340,1.698,0.123
255500,5.000,0.340,1.698,0.123
255700,5.000,0.339,1.698,0.123
255900,5.000,0.337,1.683,0.123
256100,5.000,0.337,1.683,0.123
256300,5.000,0.336,1.679,0.123
256500,5.000,0.338,1.694,0.124
256700,5.000,0.340,1.698,0.124
256900,5.000,0.340,1.698,0.124
257100,5.000,0.338,1.694,0.124
257300,5.000,0.336,1.683,0.124
257500,5.000,0.336,1.683,0.124
257700,5.000,0.336,1.683,0.124
257900,5.000,0.339,1.702,0.124
258100,5.000,0.341,1.706,0.124
258300,5.000,0.337,1.687,0.124
258500,5.000,0.338,1.690,0.125
258700,5.000,0.338,1.690,0.125
258900,5.000,0.339,1.698,0.125
259100,5.000,0.340,1.702,0.125
259300,5.000,0.340,1.702,0.125
259500,5.000,0.339,1.694,0.125
259700,5.000,0.337,1.683,0.125
259900,5.000,0.337,1.687,0.125
260100,5.000,0.337,1.687,0.125
260300,5.000,0.340,1.702,0.125
260500,5.000,0.340,1.702,0.125
260700,5.000,0.337,1.683,0.126
260900,5.000,0.337,1.683,0.126
261100,5.000,0.336,1.683,0.126
261300,5.000,0.339,1.694,0.126
261500,5.000,0.339,1.694,0.126
261700,5.000,0.341,1.706,0.126
261900,5.000,0.338,1.694,0.126
262100,5.000,0.336,1.683,0.126
262300,5.000,0.338,1.690,0.126
262500,5.000,0.338,1.690,0.126
262700,5.000,0.340,1.702,0.127
262900,5.000,0.355,1.774,0.127
263100,5.000,0.346,1.732,0.127
263300,5.000,0.346,1.732,0.127
263500,5.000,0.337,1.687,0.127
263700,5.000,0.339,1.698,0.127
263900,5.000,0.339,1.698,0.127
264100,5.000,0.340,1.702,0.127
264300,5.000,0.338,1.694,0.127
264500,5.000,0.337,1.683,0.127
264700,5.000,0.337,1.683,0.128
264900,5.000,0.337,1.683,0.128
265100,5.000,0.340,1.702,0.128
265300,5.000,0.340,1.702,0.128
265500,5.000,0.337,1.687,0.128
265700,5.000,0.337,1.687,0.128
265900,5.000,0.337,1.687,0.128
266100,5.000,0.338,1.694,0.128
266300,5.000,0.341,1.706,0.128
266500,5.000,0.341,1.706,0.128
266700,5.000,0.340,1.702,0.129
266900,5.000,0.336,1.683,0.129
267100,5.000,0.336,1.683,0.129
267300,5.000,0.337,1.683,0.129
267500,5.000,0.339,1.698,0.129
267700,5.000,0.340,1.702,0.129
267900,5.000,0.340,1.702,0.129
268100,5.000,0.338,1.690,0.129
268300,5.000,0.336,1.683,0.129
268500,5.000,0.341,1.702,0.129
268700,5.000,0.341,1.702,0.129
268900,5.000,0.341,1.706,0.130
269100,5.000,0.339,1.698,0.130
269300,5.000,0.337,1.683,0.130
269500,5.000,0.336,1.683,0.130
269700,5.000,0.336,1.683,0.130
269900,5.000,0.339,1.694,0.130
270100,5.000,0.341,1.706,0.130
270300,5.000,0.341,1.706,0.130
270500,5.000,0.339,1.694,0.130
270700,5.000,0.336,1.683,0.130
270900,5.000,0.337,1.683,0.131
271100,5.000,0.337,1.683,0.131
271300,5.000,0.339,1.698,0.131
271500,5.000,0.340,1.702,0.131
271700,5.000,0.337,1.690,0.131
271900,5.000,0.337,1.690,0.131
272100,5.000,0.336,1.683,0.131
272300,5.000,0.339,1.698,0.131
272500,5.000,0.340,1.702,0.131
272700,5.000,0.339,1.698,0.131
272900,5.000,0.339,1.698,0.132
273100,5.000,0.336,1.683,0.132
273300,5.000,0.338,1.690,0.132
273500,5.000,0.338,1.690,0.132
273700,5.000,0.340,1.702,0.132
273900,5.000,0.340,1.702,0.132
274100,5.000,0.339,1.694,0.132
274300,5.000,0.339,1.694,0.132
274500,5.000,0.337,1.683,0.132
274700,5.000,0.337,1.687,0.132
274900,5.000,0.337,1.687,0.132
275100,5.000,0.339,1.698,0.133
275300,5.000,0.339,1.698,0.133
275500,5.000,0.337,1.687,0.133
275700,5.000,0.337,1.687,0.133
275900,5.000,0.337,1.687,0.133
276100,5.000,0.338,1.690,0.133
276300,5.000,0.340,1.702,0.133
276500,5.000,0.339,1.694,0.133
276700,5.000,0.339,1.694,0.133
276900,5.000,0.335,1.679,0.133
277100,5.000,0.336,1.683,0.134
277300,5.000,0.339,1.698,0.134
277500,5.000,0.339,1.698,0.134
277700,5.000,0.340,1.698,0.134
277900,5.000,0.337,1.687,0.134
278100,5.000,0.337,1.687,0.134
278300,5.000,0.336,1.679,0.134
278500,5.000,0.339,1.694,0.134
278700,5.000,0.340,1.702,0.134
278900,5.000,0.340,1.702,0.134
279100,5.000,0.339,1.698,0.134
279300,5.000,0.337,1.683,0.135
279500,5.000,0.337,1.687,0.135
279700,5.000,0.339,1.698,0.135
279900,5.000,0.339,1.698,0.135
280100,5.000,0.340,1.702,0.135
280300,5.000,0.338,1.694,0.135
280500,5.000,0.337,1.687,0.135
280700,5.000,0.337,1.687,0.135
280900,5.000,0.337,1.687,0.135
281100,5.000,0.340,1.702,0.135
281300,5.000,0.340,1.702,0.136
281500,5.000,0.340,1.702,0.136
281700,5.000,0.337,1.687,0.136
281900,5.000,0.336,1.683,0.136
282100,5.000,0.336,1.683,0.136
282300,5.000,0.339,1.694,0.136
282500,5.000,0.341,1.702,0.136
282700,5.000,0.338,1.694,0.136
282900,5.000,0.336,1.683,0.136
283100,5.000,0.336,1.683,0.136
283300,5.000,0.338,1.690,0.137
283500,5.000,0.340,1.706,0.137
283700,5.000,0.339,1.698,0.137
283900,5.000,0.339,1.698,0.137
284100,5.000,0.336,1.683,0.137
284300,5.000,0.337,1.683,0.137
284500,5.000,0.337,1.683,0.137
284700,5.000,0.339,1.694,0.137
284900,5.000,0.341,1.702,0.137
285100,5.000,0.338,1.690,0.137
285300,5.000,0.338,1.690,0.137
285500,5.000,0.335,1.679,0.138
285700,5.000,0.337,1.687,0.138
285900,5.000,0.337,1.687,0.138
286100,5.000,0.341,1.706,0.138
286300,5.000,0.340,1.702,0.138
286500,5.000,0.337,1.683,0.138
286700,5.000,0.336,1.683,0.138
286900,5.000,0.336,1.683,0.138
287100,5.000,0.339,1.698,0.138
287300,5.000,0.341,1.702,0.138
287500,5.000,0.337,1.690,0.139
287700,5.000,0.337,1.690,0.139
287900,5.000,0.337,1.683,0.139
288100,5.000,0.338,1.690,0.139
288300,5.000,0.341,1.706,0.139
288500,5.000,0.341,1.706,0.139
288700,5.000,0.339,1.698,0.139
288900,5.000,0.337,1.683,0.139
289100,5.000,0.337,1.683,0.139
289300,5.000,0.337,1.683,0.139
289500,5.000,0.339,1.698,0.140
289700,5.000,0.341,1.706,0.140
289900,5.000,0.338,1.690,0.140
290100,5.000,0.338,1.690,0.140
290300,5.000,0.336,1.683,0.140
290500,5.000,0.337,1.687,0.140
290700,5.000,0.341,1.706,0.140
290900,5.000,0.341,1.706,0.140
291100,5.000,0.339,1.698,0.140
291300,5.000,0.337,1.687,0.140
291500,5.000,0.337,1.683,0.140
291700,5.000,0.337,1.683,0.141
291900,5.000,0.339,1.694,0.141
292100,5.000,0.340,1.706,0.141
292300,5.000,0.340,1.706,0.141
292500,5.000,0.338,1.690,0.141
292700,5.000,0.336,1.679,0.141
292900,5.000,0.337,1.687,0.141
293100,5.000,0.337,1.687,0.141
293300,5.000,0.340,1.702,0.141
293500,5.000,0.341,1.702,0.141
293700,5.000,0.337,1.687,0.142
293900,5.000,0.337,1.683,0.142
294100,5.000,0.337,1.683,0.142
294300,5.000,0.339,1.698,0.142
294500,5.000,0.341,1.706,0.142
294700,5.000,0.338,1.690,0.142
294900,5.000,0.338,1.690,0.142
295100,5.000,0.336,1.683,0.142
295300,5.000,0.337,1.687,0.142
295500,5.000,0.337,1.687,0.142
295700,5.000,0.340,1.702,0.143
295900,5.000,0.340,1.702,0.143
296100,5.000,0.336,1.683,0.143
296300,5.000,0.336,1.683,0.143
296500,5.000,0.337,1.683,0.143
296700,5.000,0.340,1.698,0.143
296900,5.000,0.340,1.702,0.143
297100,5.000,0.338,1.690,0.143
297300,5.000,0.338,1.690,0.143
297500,5.000,0.336,1.683,0.143
297700,5.000,0.338,1.690,0.144
297900,5.000,0.338,1.690,0.144
298100,5.000,0.341,1.706,0.144
298300,5.000,0.342,1.713,0.144
298500,5.000,0.337,1.687,0.144
298700,5.000,0.337,1.687,0.144
298900,5.000,0.336,1.679,0.144
299100,5.000,0.339,1.698,0.144
299300,5.000,0.341,1.702,0.144
299500,5.000,0.341,1.702,0.144
299700,5.000,0.337,1.687,0.144
299900,5.000,0.336,1.683,0.145
300100,5.000,0.336,1.683,0.145
300300,5.000,0.341,1.706,0.145
300500,5.000,0.341,1.706,0.145
300700,5.000,0.339,1.698,0.145
300900,5.000,0.336,1.679,0.145
301100,5.000,0.336,1.679,0.145
301300,5.000,0.336,1.683,0.145
301500,5.000,0.340,1.702,0.145
301700,5.000,0.341,1.706,0.145
301900,5.000,0.341,1.706,0.146
302100,5.000,0.338,1.690,0.146
302300,5.000,0.336,1.683,0.146
302500,5.000,0.338,1.690,0.146
302700,5.000,0.338,1.690,0.146
302900,5.000,0.341,1.706,0.146
303100,5.000,0.340,1.702,0.146
303300,5.000,0.340,1.702,0.146
303500,5.000,0.337,1.683,0.146
303700,5.000,0.337,1.687,0.146
303900,5.000,0.340,1.702,0.147
304100,5.000,0.341,1.706,0.147
304300,5.000,0.341,1.706,0.147
304500,5.000,0.337,1.687,0.147
304700,5.000,0.336,1.683,0.147
304900,5.000,0.338,1.690,0.147
305100,5.000,0.338,1.690,0.147
305300,5.000,0.341,1.706,0.147
305500,5.000,0.340,1.698,0.147
305700,5.000,0.337,1.683,0.147
305900,5.000,0.337,1.683,0.147
306100,5.000,0.336,1.683,0.148
306300,5.000,0.340,1.702,0.148
306500,5.000,0.340,1.702,0.148
306700,5.000,0.340,1.702,0.148
306900,5.000,0.338,1.690,0.148
307100,5.000,0.337,1.687,0.148
307300,5.000,0.338,1.690,0.148
307500,5.000,0.338,1.690,0.148
307700,5.000,0.341,1.706,0.148
307900,5.000,0.339,1.694,0.148
308100,5.000,0.338,1.690,0.149
308300,5.000,0.338,1.690,0.149
308500,5.000,0.337,1.687,0.149
308700,5.000,0.340,1.698,0.149
308900,5.000,0.340,1.698,0.149
309100,5.000,0.341,1.706,0.149
309300,5.000,0.338,1.687,0.149
309500,5.000,0.336,1.683,0.149
309700,5.000,0.336,1.683,0.149
309900,5.000,0.339,1.694,0.149
310100,5.000,0.341,1.702,0.149
310300,5.000,0.339,1.694,0.150
310500,5.000,0.339,1.694,0.150
310700,5.000,0.337,1.687,0.150
310900,5.000,0.337,1.687,0.150
311100,5.000,0.341,1.706,0.150
311300,5.000,0.339,1.698,0.150
311500,5.000,0.339,1.698,0.150
311700,5.000,0.336,1.679,0.150
311900,5.000,0.337,1.687,0.150
312100,5.000,0.337,1.687,0.150
312300,5.000,0.341,1.706,0.151
312500,5.000,0.341,1.702,0.151
312700,5.000,0.337,1.687,0.151
312900,5.000,0.337,1.687,0.151
313100,5.000,0.336,1.679,0.151
313300,5.000,0.339,1.698,0.151
313500,5.000,0.341,1.706,0.151
313700,5.000,0.341,1.706,0.151
313900,5.000,0.339,1.694,0.151
314100,5.000,0.337,1.687,0.151
314300,5.000,0.338,1.690,0.152
314500,5.000,0.341,1.706,0.152
314700,5.000,0.341,1.706,0.152
314900,5.000,0.340,1.702,0.152
315100,5.000,0.337,1.687,0.152
315300,5.000,0.337,1.687,0.152
315500,5.000,0.337,1.683,0.152
315700,5.000,0.339,1.698,0.152
315900,5.000,0.341,1.706,0.152
316100,5.000,0.341,1.706,0.152
316300,5.000,0.338,1.694,0.152
316500,5.000,0.336,1.683,0.153
316700,5.000,0.337,1.687,0.153
316900,5.000,0.337,1.687,0.153
317100,5.000,0.340,1.702,0.153
317300,5.000,0.339,1.698,0.153
317500,5.000,0.339,1.698,0.153
317700,5.000,0.337,1.687,0.153
317900,5.000,0.337,1.683,0.153
318100,5.000,0.341,1.706,0.153
318300,5.000,0.341,1.706,0.153
318500,5.000,0.341,1.706,0.154
318700,5.000,0.338,1.690,0.154
318900,5.000,0.337,1.683,0.154
319100,5.000,0.338,1.687,0.154
