300,5.000,0.386,1.927,0.000
500,5.000,0.386,1.927,0.000
700,5.000,0.368,1.839,0.000
900,5.000,0.366,1.832,0.000
1100,5.000,0.367,1.835,0.000
1300,5.000,0.366,1.832,0.000
1500,5.000,0.366,1.832,0.000
1700,5.000,0.367,1.835,0.000
1900,5.000,0.366,1.832,0.000
2100,5.000,0.366,1.832,0.001
2300,5.000,0.367,1.835,0.001
2500,5.000,0.366,1.832,0.001
2700,5.000,0.366,1.832,0.001
2900,5.000,0.366,1.832,0.001
3100,5.000,0.365,1.828,0.001
3300,5.000,0.367,1.835,0.001
3500,5.000,0.366,1.828,0.001
3700,5.000,0.366,1.828,0.001
3900,5.000,0.366,1.832,0.001
4100,5.000,0.366,1.832,0.002
4300,5.000,0.366,1.832,0.002
4500,5.000,0.367,1.835,0.002
4700,5.000,0.366,1.828,0.002
4900,5.000,0.375,1.874,0.002
5100,5.000,0.368,1.843,0.002
5300,5.000,0.368,1.843,0.002
5500,5.000,0.367,1.835,0.002
5700,5.000,0.366,1.832,0.002
5900,5.000,0.366,1.835,0.003
6100,5.000,0.366,1.835,0.003
6300,5.000,0.367,1.835,0.003
6500,5.000,0.366,1.832,0.003
6700,5.000,0.366,1.832,0.003
6900,5.000,0.366,1.832,0.003
7100,5.000,0.366,1.835,0.003
7300,5.000,0.366,1.832,0.003
7500,5.000,0.366,1.832,0.003
7700,5.000,0.367,1.835,0.003
7900,5.000,0.366,1.832,0.004
8100,5.000,0.366,1.832,0.004
8300,5.000,0.366,1.832,0.004
8500,5.000,0.366,1.832,0.004
8700,5.000,0.366,1.828,0.004
8900,5.000,0.367,1.832,0.004
9100,5.000,0.367,1.835,0.004
9300,5.000,0.367,1.835,0.004
9500,5.000,0.367,1.832,0.004
9700,5.000,0.366,1.832,0.005
9900,5.000,0.368,1.839,0.005
10100,5.000,0.368,1.839,0.005
10300,5.000,0.366,1.832,0.005
10500,5.000,0.367,1.835,0.005
10700,5.000,0.367,1.835,0.005
10900,5.000,0.366,1.832,0.005
11100,5.000,0.367,1.832,0.005
11300,5.000,0.375,1.877,0.005
11500,5.000,0.375,1.877,0.005
11700,5.000,0.366,1.832,0.006
11900,5.000,0.366,1.832,0.006
12100,5.000,0.366,1.828,0.006
12300,5.000,0.366,1.832,0.006
12500,5.000,0.366,1.832,0.006
12700,5.000,0.366,1.832,0.006
12900,5.000,0.367,1.835,0.006
13100,5.000,0.367,1.835,0.006
13300,5.000,0.366,1.828,0.006
13500,5.000,0.367,1.832,0.006
13700,5.000,0.365,1.828,0.007
13900,5.000,0.365,1.828,0.007
14100,5.000,0.368,1.839,0.007
14300,5.000,0.365,1.824,0.007
14500,5.000,0.367,1.835,0.007
14700,5.000,0.367,1.835,0.007
14900,5.000,0.367,1.835,0.007
15100,5.000,0.367,1.835,0.007
15300,5.000,0.365,1.828,0.007
15500,5.000,0.366,1.832,0.008
15700,5.000,0.366,1.832,0.008
15900,5.000,0.365,1.828,0.008
16100,5.000,0.368,1.843,0.008
16300,5.000,0.368,1.843,0.008
16500,5.000,0.365,1.824,0.008
16700,5.000,0.368,1.839,0.008
16900,5.000,0.365,1.824,0.008
17100,5.000,0.365,1.824,0.008
17300,5.000,0.368,1.839,0.008
17500,5.000,0.366,1.832,0.009
17700,5.000,0.368,1.843,0.009
17900,5.000,0.368,1.843,0.009
18100,5.000,0.365,1.824,0.009
18300,5.000,0.369,1.843,0.009
18500,5.000,0.369,1.843,0.009
18700,5.000,0.369,1.847,0.009
18900,5.000,0.369,1.847,0.009
19100,5.000,0.364,1.820,0.009
19300,5.000,0.368,1.839,0.010
19500,5.000,0.368,1.839,0.010
19700,5.000,0.365,1.828,0.010
19900,5.000,0.369,1.847,0.010
20100,5.000,0.365,1.824,0.010
20300,5.000,0.365,1.824,0.010
20500,5.000,0.369,1.843,0.010
20700,5.000,0.365,1.824,0.010
20900,5.000,0.368,1.843,0.010
21100,5.000,0.368,1.843,0.010
21300,5.000,0.365,1.824,0.011
21500,5.000,0.368,1.843,0.011
21700,5.000,0.368,1.843,0.011
21900,5.000,0.365,1.824,0.011
22100,5.000,0.369,1.843,0.011
22300,5.000,0.365,1.824,0.011
22500,5.000,0.368,1.843,0.011
22700,5.000,0.368,1.843,0.011
22900,5.000,0.364,1.820,0.011
23100,5.000,0.369,1.843,0.012
23300,5.000,0.365,1.828,0.012
23500,5.000,0.365,1.828,0.012
23700,5.000,0.368,1.843,0.012
23900,5.000,0.365,1.824,0.012
24100,5.000,0.365,1.824,0.012
24300,5.000,0.369,1.847,0.012
24500,5.000,0.388,1.942,0.012
24700,5.000,0.369,1.847,0.012
24900,5.000,0.369,1.847,0.012
25100,5.000,0.367,1.835,0.013
25300,5.000,0.370,1.851,0.013
25500,5.000,0.365,1.824,0.013
25700,5.000,0.368,1.843,0.013
25900,5.000,0.368,1.843,0.013
26100,5.000,0.365,1.824,0.013
26300,5.000,0.368,1.843,0.013
26500,5.000,0.365,1.824,0.013
26700,5.000,0.365,1.824,0.013
26900,5.000,0.369,1.847,0.014
27100,5.000,0.365,1.828,0.014
27300,5.000,0.365,1.828,0.014
27500,5.000,0.368,1.843,0.014
27700,5.000,0.365,1.824,0.014
27900,5.000,0.369,1.847,0.014
28100,5.000,0.369,1.847,0.014
28300,5.000,0.365,1.828,0.014
28500,5.000,0.368,1.843,0.014
28700,5.000,0.365,1.824,0.014
28900,5.000,0.365,1.824,0.015
29100,5.000,0.368,1.843,0.015
29300,5.000,0.364,1.824,0.015
29500,5.000,0.369,1.847,0.015
29700,5.000,0.365,1.824,0.015
29900,5.000,0.365,1.824,0.015
30100,5.000,0.371,1.858,0.015
30300,5.000,0.365,1.828,0.015
30500,5.000,0.365,1.828,0.015
30700,5.000,0.368,1.843,0.016
30900,5.000,0.365,1.824,0.016
31100,5.000,0.368,1.839,0.016
31300,5.000,0.368,1.839,0.016
31500,5.000,0.365,1.828,0.016
31700,5.000,0.369,1.843,0.016
31900,5.000,0.365,1.824,0.016
32100,5.000,0.365,1.824,0.016
32300,5.000,0.368,1.839,0.016
32500,5.000,0.366,1.828,0.016
32700,5.000,0.368,1.839,0.017
32900,5.000,0.365,1.828,0.017
33100,5.000,0.365,1.828,0.017
33300,5.000,0.368,1.839,0.017
33500,5.000,0.366,1.828,0.017
33700,5.000,0.366,1.828,0.017
33900,5.000,0.368,1.843,0.017
34100,5.000,0.365,1.828,0.017
34300,5.000,0.368,1.843,0.017
34500,5.000,0.368,1.843,0.018
34700,5.000,0.365,1.828,0.018
34900,5.000,0.369,1.843,0.018
35100,5.000,0.369,1.843,0.018
35300,5.000,0.366,1.832,0.018
35500,5.000,0.368,1.839,0.018
35700,5.000,0.365,1.828,0.018
35900,5.000,0.365,1.828,0.018
36100,5.000,0.368,1.839,0.018
36300,5.000,0.365,1.828,0.018
36500,5.000,0.367,1.839,0.019
36700,5.000,0.365,1.828,0.019
36900,5.000,0.365,1.828,0.019
37100,5.000,0.367,1.835,0.019
37300,5.000,0.366,1.832,0.019
37500,5.000,0.368,1.839,0.019
37700,5.000,0.368,1.839,0.019
37900,5.000,0.365,1.828,0.019
38100,5.000,0.368,1.839,0.019
38300,5.000,0.368,1.839,0.019
38500,5.000,0.367,1.835,0.020
38700,5.000,0.368,1.839,0.020
38900,5.000,0.366,1.828,0.020
39100,5.000,0.366,1.828,0.020
39300,5.000,0.368,1.839,0.020
39500,5.000,0.366,1.832,0.020
39700,5.000,0.368,1.843,0.020
39900,5.000,0.366,1.828,0.020
40100,5.000,0.366,1.828,0.020
40300,5.000,0.368,1.839,0.021
40500,5.000,0.365,1.824,0.021
40700,5.000,0.368,1.839,0.021
40900,5.000,0.368,1.839,0.021
41100,5.000,0.366,1.832,0.021
41300,5.000,0.367,1.835,0.021
41500,5.000,0.367,1.835,0.021
41700,5.000,0.366,1.832,0.021
41900,5.000,0.367,1.835,0.021
42100,5.000,0.367,1.835,0.021
42300,5.000,0.367,1.835,0.022
42500,5.000,0.367,1.839,0.022
42700,5.000,0.366,1.832,0.022
42900,5.000,0.367,1.835,0.022
43100,5.000,0.367,1.835,0.022
43300,5.000,0.366,1.832,0.022
43500,5.000,0.367,1.835,0.022
43700,5.000,0.366,1.832,0.022
43900,5.000,0.367,1.835,0.022
44100,5.000,0.367,1.835,0.023
44300,5.000,0.366,1.832,0.023
44500,5.000,0.367,1.835,0.023
44700,5.000,0.367,1.835,0.023
44900,5.000,0.367,1.835,0.023
45100,5.000,0.367,1.839,0.023
45300,5.000,0.366,1.832,0.023
45500,5.000,0.366,1.832,0.023
45700,5.000,0.367,1.835,0.023
45900,5.000,0.367,1.835,0.023
46100,5.000,0.367,1.835,0.024
46300,5.000,0.367,1.835,0.024
46500,5.000,0.366,1.832,0.024
46700,5.000,0.367,1.835,0.024
46900,5.000,0.366,1.832,0.024
47100,5.000,0.366,1.832,0.024
47300,5.000,0.367,1.835,0.024
47500,5.000,0.366,1.832,0.024
47700,5.000,0.367,1.835,0.024
47900,5.000,0.367,1.835,0.025
48100,5.000,0.367,1.835,0.025
48300,5.000,0.366,1.828,0.025
48500,5.000,0.366,1.832,0.025
48700,5.000,0.366,1.832,0.025
48900,5.000,0.367,1.835,0.025
49100,5.000,0.367,1.835,0.025
49300,5.000,0.367,1.835,0.025
49500,5.000,0.367,1.835,0.025
49700,5.000,0.366,1.832,0.025
49900,5.000,0.367,1.835,0.026
50100,5.000,0.367,1.835,0.026
50300,5.000,0.366,1.832,0.026
50500,5.000,0.366,1.832,0.026
50700,5.000,0.366,1.832,0.026
50900,5.000,0.367,1.835,0.026
51100,5.000,0.367,1.835,0.026
51300,5.000,0.366,1.832,0.026
51500,5.000,0.367,1.835,0.026
51700,5.000,0.366,1.832,0.027
51900,5.000,0.366,1.832,0.027
52100,5.000,0.366,1.832,0.027
52300,5.000,0.367,1.835,0.027
52500,5.000,0.367,1.835,0.027
52700,5.000,0.366,1.832,0.027
52900,5.000,0.367,1.835,0.027
53100,5.000,0.366,1.832,0.027
53300,5.000,0.366,1.832,0.027
53500,5.000,0.366,1.832,0.027
53700,5.000,0.367,1.835,0.028
53900,5.000,0.366,1.832,0.028
54100,5.000,0.367,1.835,0.028
54300,5.000,0.367,1.835,0.028
54500,5.000,0.366,1.832,0.028
54700,5.000,0.368,1.843,0.028
54900,5.000,0.366,1.832,0.028
55100,5.000,0.366,1.832,0.028
55300,5.000,0.367,1.835,0.028
55500,5.000,0.366,1.828,0.029
55700,5.000,0.366,1.828,0.029
55900,5.000,0.368,1.839,0.029
56100,5.000,0.366,1.828,0.029
56300,5.000,0.367,1.835,0.029
56500,5.000,0.367,1.835,0.029
56700,5.000,0.366,1.828,0.029
56900,5.000,0.367,1.835,0.029
57100,5.000,0.367,1.828,0.029
57300,5.000,0.367,1.835,0.029
57500,5.000,0.367,1.835,0.030
57700,5.000,0.365,1.828,0.030
57900,5.000,0.368,1.839,0.030
58100,5.000,0.368,1.839,0.030
58300,5.000,0.365,1.828,0.030
58500,5.000,0.368,1.839,0.030
58700,5.000,0.365,1.828,0.030
58900,5.000,0.365,1.828,0.030
59100,5.000,0.368,1.839,0.030
59300,5.000,0.366,1.828,0.031
59500,5.000,0.368,1.839,0.031
59700,5.000,0.368,1.839,0.031
59900,5.000,0.367,1.835,0.031
60100,5.000,0.368,1.839,0.031
60300,5.000,0.368,1.839,0.031
60500,5.000,0.365,1.824,0.031
60700,5.000,0.367,1.835,0.031
60900,5.000,0.364,1.824,0.031
61100,5.000,0.367,1.835,0.031
61300,5.000,0.367,1.835,0.032
61500,5.000,0.365,1.828,0.032
61700,5.000,0.368,1.843,0.032
61900,5.000,0.365,1.828,0.032
62100,5.000,0.365,1.828,0.032
62300,5.000,0.368,1.839,0.032
62500,5.000,0.364,1.820,0.032
62700,5.000,0.368,1.839,0.032
62900,5.000,0.368,1.839,0.032
63100,5.000,0.365,1.828,0.032
63300,5.000,0.368,1.839,0.033
63500,5.000,0.368,1.839,0.033
63700,5.000,0.365,1.828,0.033
63900,5.000,0.368,1.839,0.033
64100,5.000,0.364,1.824,0.033
64300,5.000,0.368,1.839,0.033
64500,5.000,0.368,1.839,0.033
64700,5.000,0.365,1.824,0.033
64900,5.000,0.368,1.843,0.033
65100,5.000,0.365,1.824,0.034
65300,5.000,0.365,1.824,0.034
65500,5.000,0.369,1.847,0.034
65700,5.000,0.364,1.824,0.034
65900,5.000,0.368,1.839,0.034
66100,5.000,0.368,1.839,0.034
66300,5.000,0.365,1.824,0.034
66500,5.000,0.369,1.843,0.034
66700,5.000,0.369,1.843,0.034
66900,5.000,0.364,1.820,0.034
67100,5.000,0.368,1.843,0.035
67300,5.000,0.365,1.824,0.035
67500,5.000,0.365,1.824,0.035
67700,5.000,0.368,1.843,0.035
67900,5.000,0.365,1.824,0.035
68100,5.000,0.368,1.839,0.035
68300,5.000,0.365,1.828,0.035
68500,5.000,0.365,1.828,0.035
68700,5.000,0.368,1.843,0.035
68900,5.000,0.364,1.820,0.036
69100,5.000,0.364,1.820,0.036
69300,5.000,0.368,1.843,0.036
69500,5.000,0.365,1.824,0.036
69700,5.000,0.368,1.843,0.036
69900,5.000,0.368,1.843,0.036
70100,5.000,0.365,1.828,0.036
70300,5.000,0.368,1.843,0.036
70500,5.000,0.365,1.828,0.036
70700,5.000,0.365,1.828,0.036
70900,5.000,0.368,1.843,0.037
71100,5.000,0.364,1.820,0.037
71300,5.000,0.369,1.843,0.037
71500,5.000,0.364,1.824,0.037
71700,5.000,0.364,1.824,0.037
71900,5.000,0.368,1.843,0.037
72100,5.000,0.365,1.824,0.037
72300,5.000,0.365,1.824,0.037
72500,5.000,0.368,1.839,0.037
72700,5.000,0.364,1.824,0.038
72900,5.000,0.368,1.843,0.038
73100,5.000,0.368,1.843,0.038
73300,5.000,0.365,1.824,0.038
73500,5.000,0.369,1.847,0.038
73700,5.000,0.364,1.820,0.038
73900,5.000,0.364,1.820,0.038
74100,5.000,0.368,1.839,0.038
74300,5.000,0.365,1.824,0.038
74500,5.000,0.365,1.824,0.038
74700,5.000,0.364,1.820,0.039
74900,5.000,0.364,1.820,0.039
75100,5.000,0.368,1.843,0.039
75300,5.000,0.364,1.820,0.039
75500,5.000,0.364,1.820,0.039
75700,5.000,0.368,1.843,0.039
75900,5.000,0.365,1.824,0.039
76100,5.000,0.368,1.839,0.039
76300,5.000,0.368,1.839,0.039
76500,5.000,0.365,1.824,0.040
76700,5.000,0.368,1.839,0.040
76900,5.000,0.365,1.824,0.040
77100,5.000,0.365,1.824,0.040
77300,5.000,0.368,1.839,0.040
77500,5.000,0.364,1.824,0.040
77700,5.000,0.364,1.824,0.040
77900,5.000,0.369,1.843,0.040
78100,5.000,0.364,1.820,0.040
78300,5.000,0.368,1.839,0.040
78500,5.000,0.364,1.820,0.041
78700,5.000,0.364,1.820,0.041
78900,5.000,0.368,1.843,0.041
79100,5.000,0.365,1.824,0.041
79300,5.000,0.368,1.843,0.041
79500,5.000,0.368,1.843,0.041
79700,5.000,0.365,1.824,0.041
79900,5.000,0.368,1.843,0.041
80100,5.000,0.368,1.843,0.041
80300,5.000,0.365,1.824,0.042
80500,5.000,0.368,1.843,0.042
80700,5.000,0.364,1.820,0.042
80900,5.000,0.364,1.820,0.042
81100,5.000,0.369,1.847,0.042
81300,5.000,0.365,1.824,0.042
81500,5.000,0.368,1.839,0.042
81700,5.000,0.364,1.820,0.042
81900,5.000,0.364,1.820,0.042
82100,5.000,0.369,1.843,0.042
82300,5.000,0.364,1.820,0.043
82500,5.000,0.368,1.843,0.043
82700,5.000,0.368,1.843,0.043
82900,5.000,0.386,1.931,0.043
83100,5.000,0.368,1.839,0.043
83300,5.000,0.368,1.839,0.043
83500,5.000,0.364,1.820,0.043
83700,5.000,0.368,1.839,0.043
83900,5.000,0.365,1.824,0.043
84100,5.000,0.365,1.824,0.043
84300,5.000,0.368,1.839,0.044
84500,5.000,0.366,1.828,0.044
84700,5.000,0.368,1.843,0.044
84900,5.000,0.368,1.843,0.044
85100,5.000,0.364,1.824,0.044
85300,5.000,0.368,1.839,0.044
85500,5.000,0.364,1.820,0.044
85700,5.000,0.368,1.839,0.044
85900,5.000,0.368,1.839,0.044
86100,5.000,0.364,1.820,0.045
86300,5.000,0.368,1.839,0.045
86500,5.000,0.368,1.839,0.045
86700,5.000,0.364,1.820,0.045
86900,5.000,0.368,1.843,0.045
87100,5.000,0.364,1.820,0.045
87300,5.000,0.364,1.820,0.045
87500,5.000,0.367,1.835,0.045
87700,5.000,0.365,1.824,0.045
87900,5.000,0.368,1.839,0.045
88100,5.000,0.368,1.839,0.046
88300,5.000,0.365,1.824,0.046
88500,5.000,0.367,1.835,0.046
88700,5.000,0.365,1.824,0.046
88900,5.000,0.367,1.835,0.046
89100,5.000,0.367,1.835,0.046
89300,5.000,0.365,1.824,0.046
89500,5.000,0.367,1.835,0.046
89700,5.000,0.367,1.835,0.046
89900,5.000,0.365,1.828,0.047
90100,5.000,0.367,1.835,0.047
90300,5.000,0.365,1.828,0.047
90500,5.000,0.365,1.828,0.047
90700,5.000,0.367,1.832,0.047
90900,5.000,0.365,1.828,0.047
91100,5.000,0.365,1.828,0.047
91300,5.000,0.367,1.835,0.047
91500,5.000,0.365,1.828,0.047
91700,5.000,0.366,1.832,0.047
91900,5.000,0.366,1.832,0.048
92100,5.000,0.366,1.832,0.048
92300,5.000,0.366,1.828,0.048
92500,5.000,0.365,1.828,0.048
92700,5.000,0.367,1.832,0.048
92900,5.000,0.367,1.832,0.048
93100,5.000,0.365,1.828,0.048
93300,5.000,0.366,1.832,0.048
93500,5.000,0.366,1.832,0.048
93700,5.000,0.366,1.832,0.049
93900,5.000,0.366,1.832,0.049
94100,5.000,0.366,1.832,0.049
94300,5.000,0.366,1.832,0.049
94500,5.000,0.367,1.835,0.049
94700,5.000,0.367,1.832,0.049
94900,5.000,0.366,1.828,0.049
95100,5.000,0.366,1.828,0.049
95300,5.000,0.366,1.832,0.049
95500,5.000,0.366,1.828,0.049
95700,5.000,0.366,1.832,0.050
95900,5.000,0.365,1.828,0.050
96100,5.000,0.365,1.828,0.050
96300,5.000,0.366,1.832,0.050
96500,5.000,0.365,1.828,0.050
96700,5.000,0.367,1.835,0.050
96900,5.000,0.367,1.835,0.050
97100,5.000,0.366,1.828,0.050
97300,5.000,0.366,1.832,0.050
97500,5.000,0.366,1.832,0.051
97700,5.000,0.366,1.828,0.051
97900,5.000,0.367,1.835,0.051
98100,5.000,0.365,1.828,0.051
98300,5.000,0.365,1.828,0.051
98500,5.000,0.367,1.835,0.051
98700,5.000,0.365,1.824,0.051
98900,5.000,0.367,1.835,0.051
99100,5.000,0.366,1.828,0.051
99300,5.000,0.366,1.828,0.051
99500,5.000,0.367,1.835,0.052
99700,5.000,0.365,1.824,0.052
99900,5.000,0.366,1.832,0.052
100100,5.000,0.366,1.832,0.052
100300,5.000,0.365,1.824,0.052
100500,5.000,0.367,1.835,0.052
100700,5.000,0.367,1.835,0.052
100900,5.000,0.365,1.828,0.052
101100,5.000,0.367,1.835,0.052
101300,5.000,0.365,1.824,0.053
101500,5.000,0.365,1.824,0.053
101700,5.000,0.367,1.835,0.053
101900,5.000,0.365,1.824,0.053
102100,5.000,0.365,1.824,0.053
102300,5.000,0.367,1.839,0.053
102500,5.000,0.365,1.824,0.053
102700,5.000,0.367,1.835,0.053
102900,5.000,0.364,1.820,0.053
103100,5.000,0.364,1.820,0.053
103300,5.000,0.368,1.839,0.054
103500,5.000,0.364,1.820,0.054
103700,5.000,0.368,1.839,0.054
103900,5.000,0.368,1.839,0.054
104100,5.000,0.364,1.820,0.054
104300,5.000,0.369,1.847,0.054
104500,5.000,0.364,1.820,0.054
104700,5.000,0.364,1.820,0.054
104900,5.000,0.368,1.839,0.054
105100,5.000,0.364,1.820,0.054
105300,5.000,0.364,1.820,0.055
105500,5.000,0.369,1.843,0.055
105700,5.000,0.364,1.820,0.055
105900,5.000,0.368,1.839,0.055
106100,5.000,0.364,1.824,0.055
106300,5.000,0.364,1.824,0.055
106500,5.000,0.368,1.839,0.055
106700,5.000,0.364,1.820,0.055
106900,5.000,0.368,1.839,0.055
107100,5.000,0.368,1.839,0.056
107300,5.000,0.365,1.824,0.056
107500,5.000,0.368,1.839,0.056
107700,5.000,0.364,1.820,0.056
107900,5.000,0.364,1.820,0.056
108100,5.000,0.367,1.835,0.056
108300,5.000,0.365,1.824,0.056
108500,5.000,0.365,1.824,0.056
108700,5.000,0.367,1.835,0.056
108900,5.000,0.365,1.824,0.056
109100,5.000,0.368,1.839,0.057
109300,5.000,0.368,1.839,0.057
109500,5.000,0.366,1.832,0.057
109700,5.000,0.367,1.835,0.057
109900,5.000,0.364,1.824,0.057
110100,5.000,0.368,1.839,0.057
110300,5.000,0.368,1.839,0.057
110500,5.000,0.364,1.824,0.057
110700,5.000,0.367,1.835,0.057
110900,5.000,0.365,1.824,0.058
111100,5.000,0.365,1.824,0.058
111300,5.000,0.367,1.839,0.058
111500,5.000,0.364,1.820,0.058
111700,5.000,0.364,1.820,0.058
111900,5.000,0.367,1.835,0.058
112100,5.000,0.365,1.828,0.058
112300,5.000,0.367,1.835,0.058
112500,5.000,0.367,1.835,0.058
112700,5.000,0.365,1.828,0.058
112900,5.000,0.367,1.835,0.059
113100,5.000,0.366,1.832,0.059
113300,5.000,0.366,1.832,0.059
113500,5.000,0.366,1.832,0.059
113700,5.000,0.365,1.824,0.059
113900,5.000,0.367,1.835,0.059
114100,5.000,0.367,1.835,0.059
114300,5.000,0.366,1.828,0.059
114500,5.000,0.368,1.839,0.059
114700,5.000,0.366,1.828,0.060
114900,5.000,0.366,1.828,0.060
115100,5.000,0.366,1.832,0.060
115300,5.000,0.366,1.828,0.060
115500,5.000,0.366,1.832,0.060
115700,5.000,0.366,1.832,0.060
115900,5.000,0.366,1.828,0.060
116100,5.000,0.366,1.832,0.060
116300,5.000,0.366,1.832,0.060
116500,5.000,0.366,1.832,0.060
116700,5.000,0.366,1.828,0.061
116900,5.000,0.367,1.835,0.061
117100,5.000,0.366,1.828,0.061
117300,5.000,0.366,1.828,0.061
117500,5.000,0.366,1.832,0.061
117700,5.000,0.366,1.832,0.061
117900,5.000,0.367,1.835,0.061
118100,5.000,0.367,1.835,0.061
118300,5.000,0.366,1.828,0.061
118500,5.000,0.366,1.828,0.062
118700,5.000,0.366,1.828,0.062
118900,5.000,0.366,1.828,0.062
119100,5.000,0.367,1.835,0.062
119300,5.000,0.365,1.828,0.062
119500,5.000,0.365,1.828,0.062
119700,5.000,0.367,1.835,0.062
119900,5.000,0.366,1.828,0.062
120100,5.000,0.367,1.835,0.062
120300,5.000,0.365,1.824,0.062
120500,5.000,0.365,1.824,0.063
120700,5.000,0.366,1.832,0.063
120900,5.000,0.365,1.828,0.063
121100,5.000,0.368,1.839,0.063
121300,5.000,0.368,1.839,0.063
121500,5.000,0.365,1.824,0.063
121700,5.000,0.368,1.839,0.063
121900,5.000,0.364,1.820,0.063
122100,5.000,0.364,1.820,0.063
122300,5.000,0.367,1.835,0.063
122500,5.000,0.365,1.824,0.064
122700,5.000,0.365,1.824,0.064
122900,5.000,0.367,1.839,0.064
123100,5.000,0.365,1.824,0.064
123300,5.000,0.368,1.839,0.064
123500,5.000,0.368,1.839,0.064
123700,5.000,0.364,1.820,0.064
123900,5.000,0.368,1.839,0.064
124100,5.000,0.366,1.828,0.064
124300,5.000,0.368,1.839,0.065
124500,5.000,0.368,1.839,0.065
124700,5.000,0.364,1.824,0.065
124900,5.000,0.368,1.843,0.065
125100,5.000,0.368,1.843,0.065
125300,5.000,0.364,1.820,0.065
125500,5.000,0.367,1.835,0.065
125700,5.000,0.365,1.824,0.065
125900,5.000,0.365,1.824,0.065
126100,5.000,0.368,1.843,0.065
126300,5.000,0.363,1.816,0.066
126500,5.000,0.368,1.839,0.066
126700,5.000,0.368,1.839,0.066
126900,5.000,0.365,1.824,0.066
127100,5.000,0.368,1.839,0.066
127300,5.000,0.364,1.820,0.066
127500,5.000,0.368,1.839,0.066
127700,5.000,0.368,1.839,0.066
127900,5.000,0.364,1.820,0.066
128100,5.000,0.368,1.843,0.067
128300,5.000,0.368,1.843,0.067
128500,5.000,0.364,1.816,0.067
128700,5.000,0.367,1.839,0.067
128900,5.000,0.364,1.820,0.067
129100,5.000,0.364,1.820,0.067
129300,5.000,0.368,1.843,0.067
129500,5.000,0.365,1.824,0.067
129700,5.000,0.368,1.839,0.067
129900,5.000,0.368,1.839,0.067
130100,5.000,0.364,1.820,0.068
130300,5.000,0.368,1.843,0.068
130500,5.000,0.368,1.843,0.068
130700,5.000,0.368,1.839,0.068
130900,5.000,0.368,1.839,0.068
131100,5.000,0.364,1.820,0.068
131300,5.000,0.367,1.835,0.068
131500,5.000,0.367,1.835,0.068
131700,5.000,0.365,1.828,0.068
131900,5.000,0.367,1.835,0.069
132100,5.000,0.364,1.824,0.069
132300,5.000,0.364,1.824,0.069
132500,5.000,0.367,1.835,0.069
132700,5.000,0.365,1.824,0.069
132900,5.000,0.368,1.839,0.069
133100,5.000,0.368,1.839,0.069
133300,5.000,0.365,1.824,0.069
133500,5.000,0.367,1.839,0.069
133700,5.000,0.367,1.839,0.069
133900,5.000,0.365,1.828,0.070
134100,5.000,0.368,1.839,0.070
134300,5.000,0.365,1.824,0.070
134500,5.000,0.366,1.832,0.070
134700,5.000,0.366,1.832,0.070
134900,5.000,0.365,1.828,0.070
135100,5.000,0.367,1.835,0.070
135300,5.000,0.366,1.828,0.070
135500,5.000,0.366,1.828,0.070
135700,5.000,0.366,1.832,0.071
135900,5.000,0.365,1.828,0.071
136100,5.000,0.365,1.828,0.071
136300,5.000,0.366,1.828,0.071
136500,5.000,0.366,1.828,0.071
136700,5.000,0.366,1.832,0.071
136900,5.000,0.366,1.832,0.071
137100,5.000,0.366,1.828,0.071
137300,5.000,0.366,1.832,0.071
137500,5.000,0.366,1.832,0.071
137700,5.000,0.366,1.828,0.072
137900,5.000,0.366,1.828,0.072
138100,5.000,0.366,1.832,0.072
138300,5.000,0.365,1.828,0.072
138500,5.000,0.366,1.832,0.072
138700,5.000,0.366,1.832,0.072
138900,5.000,0.366,1.832,0.072
139100,5.000,0.369,1.843,0.072
139300,5.000,0.369,1.843,0.072
139500,5.000,0.366,1.828,0.072
139700,5.000,0.367,1.835,0.073
139900,5.000,0.365,1.828,0.073
140100,5.000,0.365,1.828,0.073
140300,5.000,0.367,1.835,0.073
140500,5.000,0.365,1.828,0.073
140700,5.000,0.368,1.839,0.073
140900,5.000,0.368,1.839,0.073
141100,5.000,0.365,1.824,0.073
141300,5.000,0.391,1.954,0.073
141500,5.000,0.365,1.828,0.074
141700,5.000,0.367,1.832,0.074
141900,5.000,0.367,1.832,0.074
142100,5.000,0.365,1.828,0.074
142300,5.000,0.368,1.839,0.074
142500,5.000,0.368,1.839,0.074
142700,5.000,0.365,1.828,0.074
142900,5.000,0.367,1.835,0.074
143100,5.000,0.365,1.824,0.074
143300,5.000,0.365,1.824,0.074
143500,5.000,0.367,1.835,0.075
143700,5.000,0.365,1.828,0.075
143900,5.000,0.369,1.843,0.075
144100,5.000,0.369,1.843,0.075
144300,5.000,0.365,1.828,0.075
144500,5.000,0.367,1.835,0.075
144700,5.000,0.365,1.824,0.075
144900,5.000,0.367,1.835,0.075
145100,5.000,0.367,1.835,0.075
145300,5.000,0.365,1.824,0.076
145500,5.000,0.367,1.835,0.076
145700,5.000,0.367,1.835,0.076
145900,5.000,0.366,1.828,0.076
146100,5.000,0.367,1.835,0.076
146300,5.000,0.365,1.824,0.076
146500,5.000,0.365,1.824,0.076
146700,5.000,0.366,1.832,0.076
146900,5.000,0.365,1.828,0.076
147100,5.000,0.365,1.828,0.076
147300,5.000,0.367,1.835,0.077
147500,5.000,0.365,1.828,0.077
147700,5.000,0.366,1.832,0.077
147900,5.000,0.366,1.832,0.077
148100,5.000,0.366,1.828,0.077
148300,5.000,0.366,1.832,0.077
148500,5.000,0.365,1.828,0.077
148700,5.000,0.366,1.832,0.077
148900,5.000,0.366,1.832,0.077
149100,5.000,0.368,1.839,0.078
149300,5.000,0.366,1.832,0.078
149500,5.000,0.365,1.828,0.078
149700,5.000,0.365,1.828,0.078
149900,5.000,0.366,1.832,0.078
150100,5.000,0.366,1.832,0.078
150300,5.000,0.366,1.832,0.078
150500,5.000,0.366,1.832,0.078
150700,5.000,0.366,1.832,0.078
150900,5.000,0.366,1.828,0.078
151100,5.000,0.366,1.828,0.079
151300,5.000,0.366,1.832,0.079
151500,5.000,0.366,1.832,0.079
151700,5.000,0.366,1.828,0.079
151900,5.000,0.366,1.832,0.079
152100,5.000,0.366,1.832,0.079
152300,5.000,0.366,1.828,0.079
152500,5.000,0.365,1.828,0.079
152700,5.000,0.367,1.832,0.079
152900,5.000,0.367,1.832,0.080
153100,5.000,0.366,1.828,0.080
153300,5.000,0.366,1.832,0.080
153500,5.000,0.366,1.832,0.080
153700,5.000,0.366,1.832,0.080
153900,5.000,0.367,1.832,0.080
154100,5.000,0.366,1.832,0.080
154300,5.000,0.366,1.832,0.080
154500,5.000,0.366,1.832,0.080
154700,5.000,0.365,1.828,0.080
154900,5.000,0.367,1.832,0.081
155100,5.000,0.366,1.828,0.081
155300,5.000,0.366,1.828,0.081
155500,5.000,0.365,1.828,0.081
155700,5.000,0.366,1.832,0.081
155900,5.000,0.366,1.832,0.081
156100,5.000,0.366,1.832,0.081
156300,5.000,0.367,1.835,0.081
156500,5.000,0.366,1.832,0.081
156700,5.000,0.366,1.832,0.082
156900,5.000,0.366,1.832,0.082
157100,5.000,0.365,1.828,0.082
157300,5.000,0.367,1.835,0.082
157500,5.000,0.367,1.835,0.082
157700,5.000,0.365,1.828,0.082
157900,5.000,0.367,1.835,0.082
158100,5.000,0.367,1.835,0.082
158300,5.000,0.365,1.828,0.082
158500,5.000,0.367,1.835,0.082
158700,5.000,0.365,1.828,0.083
158900,5.000,0.368,1.839,0.083
159100,5.000,0.368,1.839,0.083
159300,5.000,0.365,1.828,0.083
159500,5.000,0.367,1.835,0.083
159700,5.000,0.366,1.832,0.083
159900,5.000,0.366,1.832,0.083
160100,5.000,0.367,1.835,0.083
160300,5.000,0.364,1.820,0.083
160500,5.000,0.367,1.835,0.083
160700,5.000,0.367,1.835,0.084
160900,5.000,0.366,1.828,0.084
161100,5.000,0.367,1.835,0.084
161300,5.000,0.367,1.835,0.084
161500,5.000,0.365,1.824,0.084
161700,5.000,0.368,1.839,0.084
161900,5.000,0.365,1.824,0.084
162100,5.000,0.368,1.839,0.084
162300,5.000,0.368,1.839,0.084
162500,5.000,0.363,1.816,0.085
162700,5.000,0.368,1.843,0.085
162900,5.000,0.364,1.820,0.085
163100,5.000,0.364,1.820,0.085
163300,5.000,0.368,1.839,0.085
163500,5.000,0.364,1.820,0.085
163700,5.000,0.368,1.839,0.085
163900,5.000,0.368,1.839,0.085
164100,5.000,0.365,1.824,0.085
164300,5.000,0.368,1.843,0.085
164500,5.000,0.368,1.843,0.086
164700,5.000,0.364,1.820,0.086
164900,5.000,0.369,1.843,0.086
165100,5.000,0.364,1.820,0.086
165300,5.000,0.364,1.820,0.086
165500,5.000,0.368,1.839,0.086
165700,5.000,0.364,1.824,0.086
165900,5.000,0.367,1.839,0.086
166100,5.000,0.364,1.820,0.086
166300,5.000,0.364,1.820,0.087
166500,5.000,0.368,1.843,0.087
166700,5.000,0.364,1.820,0.087
166900,5.000,0.369,1.843,0.087
167100,5.000,0.369,1.843,0.087
167300,5.000,0.365,1.824,0.087
167500,5.000,0.368,1.843,0.087
167700,5.000,0.368,1.843,0.087
167900,5.000,0.366,1.828,0.087
168100,5.000,0.368,1.839,0.087
168300,5.000,0.365,1.824,0.088
168500,5.000,0.365,1.824,0.088
168700,5.000,0.368,1.843,0.088
168900,5.000,0.376,1.881,0.088
169100,5.000,0.368,1.843,0.088
169300,5.000,0.365,1.828,0.088
169500,5.000,0.365,1.828,0.088
169700,5.000,0.368,1.839,0.088
169900,5.000,0.366,1.828,0.088
170100,5.000,0.366,1.828,0.089
170300,5.000,0.368,1.839,0.089
170500,5.000,0.366,1.832,0.089
170700,5.000,0.368,1.839,0.089
170900,5.000,0.368,1.839,0.089
171100,5.000,0.365,1.828,0.089
171300,5.000,0.368,1.839,0.089
171500,5.000,0.366,1.832,0.089
171700,5.000,0.366,1.832,0.089
171900,5.000,0.367,1.835,0.089
172100,5.000,0.366,1.828,0.090
172300,5.000,0.366,1.828,0.090
172500,5.000,0.367,1.839,0.090
172700,5.000,0.365,1.828,0.090
172900,5.000,0.367,1.835,0.090
173100,5.000,0.365,1.824,0.090
173300,5.000,0.365,1.824,0.090
173500,5.000,0.367,1.839,0.090
173700,5.000,0.367,1.835,0.090
173900,5.000,0.367,1.835,0.091
174100,5.000,0.367,1.835,0.091
174300,5.000,0.366,1.828,0.091
174500,5.000,0.367,1.835,0.091
174700,5.000,0.366,1.832,0.091
174900,5.000,0.366,1.832,0.091
175100,5.000,0.367,1.835,0.091
175300,5.000,0.366,1.832,0.091
175500,5.000,0.366,1.832,0.091
175700,5.000,0.368,1.839,0.091
175900,5.000,0.365,1.828,0.092
176100,5.000,0.366,1.832,0.092
176300,5.000,0.366,1.832,0.092
176500,5.000,0.366,1.832,0.092
176700,5.000,0.366,1.832,0.092
176900,5.000,0.366,1.832,0.092
177100,5.000,0.367,1.835,0.092
177300,5.000,0.367,1.835,0.092
177500,5.000,0.366,1.832,0.092
177700,5.000,0.366,1.832,0.093
177900,5.000,0.365,1.828,0.093
178100,5.000,0.365,1.828,0.093
178300,5.000,0.367,1.835,0.093
178500,5.000,0.366,1.832,0.093
178700,5.000,0.366,1.832,0.093
178900,5.000,0.366,1.832,0.093
179100,5.000,0.366,1.832,0.093
179300,5.000,0.366,1.832,0.093
179500,5.000,0.366,1.832,0.093
179700,5.000,0.366,1.828,0.094
179900,5.000,0.366,1.828,0.094
180100,5.000,0.366,1.832,0.094
180300,5.000,0.366,1.832,0.094
180500,5.000,0.366,1.832,0.094
180700,5.000,0.367,1.835,0.094
180900,5.000,0.365,1.828,0.094
181100,5.000,0.365,1.828,0.094
181300,5.000,0.367,1.835,0.094
181500,5.000,0.365,1.828,0.094
181700,5.000,0.367,1.832,0.095
181900,5.000,0.367,1.832,0.095
182100,5.000,0.366,1.828,0.095
182300,5.000,0.367,1.835,0.095
182500,5.000,0.366,1.828,0.095
182700,5.000,0.366,1.828,0.095
182900,5.000,0.367,1.835,0.095
183100,5.000,0.365,1.828,0.095
183300,5.000,0.367,1.835,0.095
183500,5.000,0.365,1.824,0.096
183700,5.000,0.365,1.824,0.096
183900,5.000,0.367,1.839,0.096
184100,5.000,0.365,1.828,0.096
184300,5.000,0.365,1.828,0.096
184500,5.000,0.367,1.835,0.096
184700,5.000,0.365,1.824,0.096
184900,5.000,0.367,1.835,0.096
185100,5.000,0.367,1.835,0.096
185300,5.000,0.364,1.824,0.096
185500,5.000,0.368,1.839,0.097
185700,5.000,0.364,1.824,0.097
185900,5.000,0.364,1.824,0.097
186100,5.000,0.368,1.839,0.097
186300,5.000,0.365,1.824,0.097
186500,5.000,0.365,1.824,0.097
186700,5.000,0.365,1.824,0.097
186900,5.000,0.365,1.824,0.097
187100,5.000,0.368,1.839,0.097
187300,5.000,0.364,1.824,0.098
187500,5.000,0.364,1.824,0.098
187700,5.000,0.368,1.839,0.098
187900,5.000,0.365,1.824,0.098
188100,5.000,0.368,1.839,0.098
188300,5.000,0.368,1.839,0.098
188500,5.000,0.365,1.824,0.098
188700,5.000,0.369,1.847,0.098
188900,5.000,0.365,1.828,0.098
189100,5.000,0.365,1.828,0.098
189300,5.000,0.368,1.839,0.099
189500,5.000,0.364,1.824,0.099
189700,5.000,0.364,1.824,0.099
189900,5.000,0.368,1.843,0.099
190100,5.000,0.364,1.820,0.099
190300,5.000,0.368,1.843,0.099
190500,5.000,0.364,1.820,0.099
190700,5.000,0.364,1.820,0.099
190900,5.000,0.368,1.843,0.099
191100,5.000,0.364,1.820,0.100
191300,5.000,0.368,1.843,0.100
191500,5.000,0.368,1.843,0.100
191700,5.000,0.364,1.820,0.100
191900,5.000,0.368,1.839,0.100
192100,5.000,0.368,1.839,0.100
192300,5.000,0.364,1.820,0.100
192500,5.000,0.368,1.843,0.100
192700,5.000,0.365,1.824,0.100
192900,5.000,0.365,1.824,0.100
193100,5.000,0.368,1.843,0.101
193300,5.000,0.364,1.820,0.101
193500,5.000,0.368,1.839,0.101
193700,5.000,0.368,1.839,0.101
193900,5.000,0.368,1.839,0.101
194100,5.000,0.368,1.839,0.101
194300,5.000,0.364,1.820,0.101
194500,5.000,0.368,1.843,0.101
194700,5.000,0.368,1.843,0.101
194900,5.000,0.365,1.824,0.102
195100,5.000,0.367,1.835,0.102
195300,5.000,0.367,1.835,0.102
195500,5.000,0.364,1.824,0.102
195700,5.000,0.368,1.839,0.102
195900,5.000,0.365,1.824,0.102
196100,5.000,0.365,1.824,0.102
196300,5.000,0.368,1.839,0.102
196500,5.000,0.364,1.820,0.102
196700,5.000,0.368,1.839,0.102
196900,5.000,0.368,1.839,0.103
197100,5.000,0.365,1.824,0.103
197300,5.000,0.367,1.835,0.103
197500,5.000,0.365,1.828,0.103
197700,5.000,0.367,1.839,0.103
197900,5.000,0.367,1.839,0.103
198100,5.000,0.373,1.866,0.103
198300,5.000,0.367,1.835,0.103
198500,5.000,0.367,1.835,0.103
198700,5.000,0.366,1.828,0.104
198900,5.000,0.367,1.835,0.104
199100,5.000,0.366,1.832,0.104
199300,5.000,0.366,1.832,0.104
199500,5.000,0.367,1.835,0.104
199700,5.000,0.388,1.942,0.104
199900,5.000,0.367,1.835,0.104
200100,5.000,0.367,1.835,0.104
200300,5.000,0.365,1.828,0.104
200500,5.000,0.367,1.835,0.104
200700,5.000,0.366,1.828,0.105
200900,5.000,0.366,1.828,0.105
201100,5.000,0.367,1.835,0.105
201300,5.000,0.365,1.828,0.105
201500,5.000,0.367,1.835,0.105
201700,5.000,0.367,1.835,0.105
201900,5.000,0.366,1.828,0.105
202100,5.000,0.367,1.832,0.105
202300,5.000,0.365,1.828,0.105
202500,5.000,0.365,1.828,0.105
202700,5.000,0.367,1.835,0.106
202900,5.000,0.365,1.828,0.106
203100,5.000,0.365,1.828,0.106
203300,5.000,0.367,1.835,0.106
203500,5.000,0.366,1.832,0.106
203700,5.000,0.367,1.839,0.106
203900,5.000,0.367,1.839,0.106
204100,5.000,0.365,1.828,0.106
204300,5.000,0.367,1.835,0.106
204500,5.000,0.366,1.832,0.107
204700,5.000,0.367,1.839,0.107
204900,5.000,0.367,1.839,0.107
205100,5.000,0.365,1.824,0.107
205300,5.000,0.368,1.839,0.107
205500,5.000,0.365,1.828,0.107
205700,5.000,0.365,1.828,0.107
205900,5.000,0.367,1.835,0.107
206100,5.000,0.365,1.828,0.107
206300,5.000,0.365,1.828,0.107
206500,5.000,0.368,1.839,0.108
206700,5.000,0.365,1.828,0.108
206900,5.000,0.368,1.839,0.108
207100,5.000,0.368,1.839,0.108
207300,5.000,0.365,1.828,0.108
207500,5.000,0.368,1.839,0.108
207700,5.000,0.365,1.824,0.108
207900,5.000,0.367,1.835,0.108
208100,5.000,0.367,1.835,0.108
208300,5.000,0.366,1.828,0.109
208500,5.000,0.368,1.843,0.109
208700,5.000,0.366,1.832,0.109
208900,5.000,0.366,1.832,0.109
209100,5.000,0.367,1.835,0.109
209300,5.000,0.366,1.832,0.109
209500,5.000,0.366,1.832,0.109
209700,5.000,0.368,1.839,0.109
209900,5.000,0.366,1.828,0.109
210100,5.000,0.367,1.835,0.109
210300,5.000,0.367,1.835,0.110
210500,5.000,0.367,1.835,0.110
210700,5.000,0.366,1.832,0.110
210900,5.000,0.366,1.828,0.110
211100,5.000,0.367,1.835,0.110
211300,5.000,0.367,1.835,0.110
211500,5.000,0.366,1.828,0.110
211700,5.000,0.367,1.835,0.110
211900,5.000,0.367,1.835,0.110
212100,5.000,0.366,1.832,0.111
212300,5.000,0.367,1.835,0.111
212500,5.000,0.367,1.835,0.111
212700,5.000,0.367,1.835,0.111
212900,5.000,0.366,1.832,0.111
213100,5.000,0.367,1.835,0.111
213300,5.000,0.367,1.835,0.111
213500,5.000,0.367,1.835,0.111
213700,5.000,0.366,1.832,0.111
213900,5.000,0.367,1.832,0.111
214100,5.000,0.367,1.832,0.112
214300,5.000,0.366,1.835,0.112
214500,5.000,0.366,1.832,0.112
214700,5.000,0.366,1.832,0.112
214900,5.000,0.366,1.828,0.112
215100,5.000,0.366,1.828,0.112
215300,5.000,0.367,1.835,0.112
215500,5.000,0.366,1.832,0.112
215700,5.000,0.367,1.835,0.112
215900,5.000,0.367,1.835,0.113
216100,5.000,0.366,1.828,0.113
216300,5.000,0.367,1.835,0.113
216500,5.000,0.366,1.832,0.113
216700,5.000,0.366,1.832,0.113
216900,5.000,0.367,1.835,0.113
217100,5.000,0.366,1.828,0.113
217300,5.000,0.366,1.828,0.113
217500,5.000,0.368,1.839,0.113
217700,5.000,0.365,1.828,0.113
217900,5.000,0.367,1.835,0.114
218100,5.000,0.365,1.828,0.114
218300,5.000,0.365,1.828,0.114
218500,5.000,0.369,1.847,0.114
218700,5.000,0.366,1.832,0.114
218900,5.000,0.368,1.835,0.114
219100,5.000,0.368,1.835,0.114
219300,5.000,0.365,1.828,0.114
219500,5.000,0.368,1.839,0.114
219700,5.000,0.365,1.824,0.115
219900,5.000,0.365,1.824,0.115
220100,5.000,0.368,1.839,0.115
220300,5.000,0.365,1.824,0.115
220500,5.000,0.365,1.824,0.115
220700,5.000,0.368,1.839,0.115
220900,5.000,0.365,1.828,0.115
221100,5.000,0.368,1.843,0.115
221300,5.000,0.368,1.843,0.115
221500,5.000,0.364,1.824,0.115
221700,5.000,0.368,1.839,0.116
221900,5.000,0.364,1.824,0.116
222100,5.000,0.368,1.839,0.116
222300,5.000,0.368,1.839,0.116
222500,5.000,0.365,1.824,0.116
222700,5.000,0.368,1.839,0.116
222900,5.000,0.368,1.839,0.116
223100,5.000,0.365,1.824,0.116
223300,5.000,0.368,1.839,0.116
223500,5.000,0.366,1.828,0.116
223700,5.000,0.366,1.828,0.117
223900,5.000,0.368,1.843,0.117
224100,5.000,0.365,1.824,0.117
224300,5.000,0.368,1.839,0.117
224500,5.000,0.368,1.839,0.117
224700,5.000,0.364,1.824,0.117
224900,5.000,0.369,1.847,0.117
225100,5.000,0.364,1.820,0.117
225300,5.000,0.368,1.839,0.117
225500,5.000,0.368,1.839,0.118
225700,5.000,0.364,1.820,0.118
225900,5.000,0.369,1.847,0.118
226100,5.000,0.369,1.847,0.118
226300,5.000,0.364,1.820,0.118
226500,5.000,0.368,1.843,0.118
226700,5.000,0.364,1.820,0.118
226900,5.000,0.364,1.820,0.118
227100,5.000,0.368,1.843,0.118
227300,5.000,0.364,1.824,0.118
227500,5.000,0.368,1.843,0.119
227700,5.000,0.368,1.843,0.119
227900,5.000,0.365,1.824,0.119
228100,5.000,0.368,1.843,0.119
228300,5.000,0.368,1.843,0.119
228500,5.000,0.365,1.828,0.119
228700,5.000,0.368,1.839,0.119
228900,5.000,0.365,1.824,0.119
229100,5.000,0.368,1.843,0.119
229300,5.000,0.368,1.843,0.120
229500,5.000,0.365,1.824,0.120
229700,5.000,0.368,1.843,0.120
229900,5.000,0.364,1.820,0.120
230100,5.000,0.364,1.820,0.120
230300,5.000,0.368,1.843,0.120
230500,5.000,0.364,1.820,0.120
230700,5.000,0.369,1.847,0.120
230900,5.000,0.369,1.847,0.120
231100,5.000,0.364,1.820,0.120
231300,5.000,0.368,1.843,0.121
231500,5.000,0.368,1.843,0.121
231700,5.000,0.365,1.824,0.121
231900,5.000,0.368,1.843,0.121
232100,5.000,0.364,1.820,0.121
232300,5.000,0.368,1.843,0.121
232500,5.000,0.368,1.843,0.121
232700,5.000,0.365,1.828,0.121
232900,5.000,0.368,1.839,0.121
233100,5.000,0.365,1.824,0.122
233300,5.000,0.365,1.824,0.122
233500,5.000,0.368,1.839,0.122
233700,5.000,0.366,1.828,0.122
233900,5.000,0.366,1.828,0.122
234100,5.000,0.367,1.835,0.122
234300,5.000,0.365,1.828,0.122
234500,5.000,0.368,1.839,0.122
234700,5.000,0.368,1.839,0.122
234900,5.000,0.365,1.828,0.122
235100,5.000,0.367,1.839,0.123
235300,5.000,0.365,1.828,0.123
235500,5.000,0.365,1.828,0.123
235700,5.000,0.366,1.832,0.123
235900,5.000,0.366,1.828,0.123
236100,5.000,0.366,1.832,0.123
236300,5.000,0.366,1.832,0.123
236500,5.000,0.366,1.832,0.123
236700,5.000,0.368,1.839,0.123
236900,5.000,0.365,1.828,0.124
237100,5.000,0.365,1.828,0.124
237300,5.000,0.366,1.832,0.124
237500,5.000,0.366,1.832,0.124
237700,5.000,0.367,1.835,0.124
237900,5.000,0.367,1.835,0.124
238100,5.000,0.366,1.828,0.124
238300,5.000,0.367,1.835,0.124
238500,5.000,0.367,1.835,0.124
238700,5.000,0.367,1.835,0.124
238900,5.000,0.366,1.832,0.125
239100,5.000,0.366,1.828,0.125
239300,5.000,0.366,1.832,0.125
239500,5.000,0.367,1.832,0.125
239700,5.000,0.367,1.832,0.125
239900,5.000,0.366,1.832,0.125
240100,5.000,0.367,1.835,0.125
240300,5.000,0.367,1.835,0.125
240500,5.000,0.366,1.832,0.125
240700,5.000,0.366,1.832,0.126
240900,5.000,0.366,1.832,0.126
241100,5.000,0.366,1.832,0.126
241300,5.000,0.366,1.832,0.126
241500,5.000,0.367,1.835,0.126
241700,5.000,0.367,1.835,0.126
241900,5.000,0.367,1.835,0.126
242100,5.000,0.366,1.828,0.126
242300,5.000,0.367,1.835,0.126
242500,5.000,0.367,1.835,0.126
242700,5.000,0.367,1.835,0.127
242900,5.000,0.367,1.835,0.127
243100,5.000,0.365,1.828,0.127
243300,5.000,0.368,1.843,0.127
243500,5.000,0.368,1.843,0.127
243700,5.000,0.365,1.828,0.127
243900,5.000,0.367,1.835,0.127
244100,5.000,0.365,1.824,0.127
244300,5.000,0.365,1.824,0.127
244500,5.000,0.368,1.843,0.127
244700,5.000,0.365,1.824,0.128
244900,5.000,0.365,1.839,0.128
245100,5.000,0.368,1.839,0.128
245300,5.000,0.365,1.824,0.128
245500,5.000,0.368,1.839,0.128
245700,5.000,0.368,1.839,0.128
245900,5.000,0.365,1.824,0.128
246100,5.000,0.367,1.839,0.128
246300,5.000,0.365,1.824,0.128
246500,5.000,0.368,1.839,0.129
246700,5.000,0.368,1.839,0.129
246900,5.000,0.364,1.824,0.129
247100,5.000,0.368,1.839,0.129
247300,5.000,0.365,1.824,0.129
247500,5.000,0.365,1.824,0.129
247700,5.000,0.368,1.839,0.129
247900,5.000,0.364,1.824,0.129
248100,5.000,0.364,1.824,0.129
248300,5.000,0.370,1.847,0.129
248500,5.000,0.365,1.824,0.130
248700,5.000,0.368,1.843,0.130
248900,5.000,0.368,1.843,0.130
249100,5.000,0.364,1.820,0.130
249300,5.000,0.369,1.843,0.130
249500,5.000,0.364,1.820,0.130
249700,5.000,0.368,1.839,0.130
249900,5.000,0.368,1.839,0.130
250100,5.000,0.364,1.824,0.130
250300,5.000,0.368,1.843,0.131
250500,5.000,0.365,1.824,0.131
250700,5.000,0.365,1.824,0.131
250900,5.000,0.368,1.839,0.131
251100,5.000,0.364,1.820,0.131
251300,5.000,0.364,1.820,0.131
251500,5.000,0.368,1.843,0.131
251700,5.000,0.364,1.824,0.131
251900,5.000,0.368,1.843,0.131
252100,5.000,0.368,1.843,0.131
252300,5.000,0.364,1.824,0.132
252500,5.000,0.368,1.843,0.132
252700,5.000,0.364,1.824,0.132
252900,5.000,0.364,1.824,0.132
253100,5.000,0.368,1.843,0.132
253300,5.000,0.365,1.824,0.132
253500,5.000,0.368,1.839,0.132
253700,5.000,0.364,1.820,0.132
253900,5.000,0.364,1.820,0.132
254100,5.000,0.369,1.843,0.133
254300,5.000,0.365,1.824,0.133
254500,5.000,0.365,1.824,0.133
254700,5.000,0.367,1.839,0.133
254900,5.000,0.365,1.824,0.133
255100,5.000,0.368,1.839,0.133
255300,5.000,0.368,1.839,0.133
255500,5.000,0.365,1.824,0.133
255700,5.000,0.368,1.839,0.133
255900,5.000,0.368,1.839,0.133
256100,5.000,0.365,1.828,0.134
256300,5.000,0.368,1.839,0.134
256500,5.000,0.365,1.828,0.134
256700,5.000,0.367,1.835,0.134
256900,5.000,0.367,1.835,0.134
257100,5.000,0.366,1.832,0.134
257300,5.000,0.368,1.839,0.134
257500,5.000,0.366,1.828,0.134
257700,5.000,0.366,1.828,0.134
257900,5.000,0.367,1.835,0.135
258100,5.000,0.391,1.954,0.135
258300,5.000,0.368,1.839,0.135
258500,5.000,0.368,1.839,0.135
258700,5.000,0.366,1.828,0.135
258900,5.000,0.367,1.839,0.135
259100,5.000,0.367,1.839,0.135
259300,5.000,0.365,1.828,0.135
259500,5.000,0.366,1.835,0.135
259700,5.000,0.365,1.828,0.135
259900,5.000,0.368,1.839,0.136
260100,5.000,0.368,1.839,0.136
260300,5.000,0.365,1.828,0.136
260500,5.000,0.368,1.839,0.136
260700,5.000,0.365,1.828,0.136
260900,5.000,0.365,1.828,0.136
261100,5.000,0.367,1.839,0.136
261300,5.000,0.365,1.828,0.136
261500,5.000,0.368,1.839,0.136
261700,5.000,0.368,1.839,0.137
261900,5.000,0.366,1.828,0.137
262100,5.000,0.368,1.839,0.137
262300,5.000,0.368,1.839,0.137
262500,5.000,0.365,1.824,0.137
262700,5.000,0.367,1.835,0.137
262900,5.000,0.365,1.824,0.137
263100,5.000,0.368,1.839,0.137
263300,5.000,0.368,1.839,0.137
263500,5.000,0.365,1.824,0.137
263700,5.000,0.368,1.839,0.138
263900,5.000,0.365,1.828,0.138
264100,5.000,0.365,1.828,0.138
264300,5.000,0.367,1.835,0.138
264500,5.000,0.365,1.824,0.138
264700,5.000,0.368,1.839,0.138
264900,5.000,0.368,1.839,0.138
265100,5.000,0.366,1.828,0.138
265300,5.000,0.367,1.835,0.138
265500,5.000,0.367,1.835,0.138
265700,5.000,0.366,1.828,0.139
265900,5.000,0.367,1.835,0.139
266100,5.000,0.365,1.828,0.139
266300,5.000,0.365,1.828,0.139
266500,5.000,0.367,1.835,0.139
266700,5.000,0.366,1.828,0.139
266900,5.000,0.366,1.832,0.139
267100,5.000,0.366,1.832,0.139
267300,5.000,0.366,1.832,0.139
267500,5.000,0.366,1.832,0.140
267700,5.000,0.367,1.832,0.140
267900,5.000,0.367,1.832,0.140
268100,5.000,0.365,1.828,0.140
268300,5.000,0.368,1.839,0.140
268500,5.000,0.367,1.835,0.140
268700,5.000,0.367,1.835,0.140
268900,5.000,0.367,1.832,0.140
269100,5.000,0.366,1.832,0.140
269300,5.000,0.366,1.832,0.140
269500,5.000,0.366,1.832,0.141
269700,5.000,0.366,1.832,0.141
269900,5.000,0.366,1.832,0.141
270100,5.000,0.366,1.828,0.141
270300,5.000,0.367,1.835,0.141
270500,5.000,0.367,1.835,0.141
270700,5.000,0.366,1.835,0.141
270900,5.000,0.367,1.835,0.141
271100,5.000,0.367,1.835,0.141
271300,5.000,0.365,1.828,0.142
271500,5.000,0.367,1.835,0.142
271700,5.000,0.365,1.828,0.142
271900,5.000,0.365,1.828,0.142
272100,5.000,0.367,1.835,0.142
272300,5.000,0.365,1.828,0.142
272500,5.000,0.368,1.839,0.142
272700,5.000,0.368,1.839,0.142
272900,5.000,0.365,1.828,0.142
273100,5.000,0.367,1.835,0.142
273300,5.000,0.367,1.835,0.143
273500,5.000,0.365,1.828,0.143
273700,5.000,0.368,1.839,0.143
273900,5.000,0.364,1.824,0.143
274100,5.000,0.368,1.839,0.143
274300,5.000,0.368,1.839,0.143
274500,5.000,0.365,1.824,0.143
274700,5.000,0.367,1.839,0.143
274900,5.000,0.364,1.820,0.143
275100,5.000,0.364,1.820,0.144
275300,5.000,0.367,1.835,0.144
275500,5.000,0.365,1.824,0.144
275700,5.000,0.368,1.839,0.144
275900,5.000,0.368,1.839,0.144
276100,5.000,0.364,1.820,0.144
276300,5.000,0.368,1.843,0.144
276500,5.000,0.368,1.843,0.144
276700,5.000,0.364,1.824,0.144
276900,5.000,0.368,1.843,0.144
277100,5.000,0.364,1.820,0.145
277300,5.000,0.369,1.847,0.145
277500,5.000,0.369,1.847,0.145
277700,5.000,0.364,1.824,0.145
277900,5.000,0.369,1.847,0.145
278100,5.000,0.364,1.820,0.145
278300,5.000,0.364,1.820,0.145
278500,5.000,0.369,1.847,0.145
278700,5.000,0.364,1.820,0.145
278900,5.000,0.364,1.820,0.146
279100,5.000,0.368,1.843,0.146
279300,5.000,0.365,1.824,0.146
279500,5.000,0.367,1.839,0.146
279700,5.000,0.367,1.839,0.146
279900,5.000,0.365,1.828,0.146
280100,5.000,0.367,1.835,0.146
280300,5.000,0.366,1.828,0.146
280500,5.000,0.366,1.828,0.146
280700,5.000,0.367,1.839,0.146
280900,5.000,0.365,1.824,0.147
281100,5.000,0.367,1.839,0.147
281300,5.000,0.366,1.832,0.147
281500,5.000,0.366,1.832,0.147
281700,5.000,0.367,1.835,0.147
281900,5.000,0.365,1.828,0.147
282100,5.000,0.365,1.828,0.147
282300,5.000,0.366,1.832,0.147
282500,5.000,0.366,1.832,0.147
282700,5.000,0.367,1.835,0.148
282900,5.000,0.367,1.835,0.148
283100,5.000,0.366,1.828,0.148
283300,5.000,0.367,1.835,0.148
283500,5.000,0.366,1.828,0.148
283700,5.000,0.366,1.828,0.148
283900,5.000,0.366,1.832,0.148
284100,5.000,0.366,1.832,0.148
284300,5.000,0.366,1.832,0.148
284500,5.000,0.366,1.832,0.148
284700,5.000,0.366,1.832,0.149
284900,5.000,0.366,1.832,0.149
285100,5.000,0.367,1.835,0.149
285300,5.000,0.367,1.835,0.149
285500,5.000,0.366,1.828,0.149
285700,5.000,0.366,1.832,0.149
285900,5.000,0.366,1.828,0.149
286100,5.000,0.366,1.828,0.149
286300,5.000,0.367,1.839,0.149
286500,5.000,0.365,1.828,0.149
286700,5.000,0.367,1.835,0.150
286900,5.000,0.367,1.835,0.150
287100,5.000,0.365,1.828,0.150
287300,5.000,0.367,1.832,0.150
287500,5.000,0.367,1.832,0.150
287700,5.000,0.367,1.835,0.150
287900,5.000,0.367,1.835,0.150
288100,5.000,0.366,1.828,0.150
288300,5.000,0.368,1.839,0.150
288500,5.000,0.368,1.839,0.151
288700,5.000,0.365,1.824,0.151
288900,5.000,0.367,1.835,0.151
289100,5.000,0.365,1.824,0.151
289300,5.000,0.365,1.824,0.151
289500,5.000,0.367,1.839,0.151
289700,5.000,0.365,1.828,0.151
289900,5.000,0.365,1.828,0.151
290100,5.000,0.367,1.839,0.151
290300,5.000,0.365,1.824,0.151
290500,5.000,0.367,1.835,0.152
290700,5.000,0.367,1.835,0.152
290900,5.000,0.364,1.820,0.152
291100,5.000,0.369,1.847,0.152
291300,5.000,0.364,1.824,0.152
291500,5.000,0.368,1.839,0.152
291700,5.000,0.368,1.839,0.152
291900,5.000,0.364,1.824,0.152
292100,5.000,0.368,1.843,0.152
292300,5.000,0.364,1.820,0.153
292500,5.000,0.364,1.820,0.153
292700,5.000,0.368,1.843,0.153
292900,5.000,0.366,1.828,0.153
293100,5.000,0.366,1.828,0.153
293300,5.000,0.368,1.843,0.153
293500,5.000,0.364,1.820,0.153
293700,5.000,0.368,1.839,0.153
293900,5.000,0.368,1.839,0.153
294100,5.000,0.364,1.824,0.153
294300,5.000,0.367,1.839,0.154
294500,5.000,0.366,1.828,0.154
294700,5.000,0.372,1.862,0.154
294900,5.000,0.372,1.862,0.154
295100,5.000,0.367,1.835,0.154
295300,5.000,0.370,1.854,0.154
295500,5.000,0.366,1.828,0.154
295700,5.000,0.366,1.828,0.154
295900,5.000,0.370,1.851,0.154
296100,5.000,0.366,1.832,0.155
296300,5.000,0.366,1.832,0.155
296500,5.000,0.370,1.851,0.155
296700,5.000,0.367,1.835,0.155
296900,5.000,0.372,1.862,0.155
297100,5.000,0.372,1.862,0.155
297300,5.000,0.372,1.858,0.155
297500,5.000,0.373,1.862,0.155
297700,5.000,0.373,1.870,0.155
297900,5.000,0.373,1.870,0.155
298100,5.000,0.383,1.916,0.156
298300,5.000,0.346,1.732,0.156
298500,5.000,0.347,1.736,0.156
298700,5.000,0.344,1.721,0.156
298900,5.000,0.344,1.721,0.156
299100,5.000,0.349,1.744,0.156
299300,5.000,0.350,1.748,0.156
299500,5.000,0.350,1.748,0.156
299700,5.000,0.352,1.759,0.156
299900,5.000,0.349,1.748,0.156
300100,5.000,0.353,1.767,0.157
300300,5.000,0.353,1.767,0.157
300500,5.000,0.348,1.744,0.157
300700,5.000,0.350,1.751,0.157
300900,5.000,0.350,1.751,0.157
301100,5.000,0.345,1.725,0.157
301300,5.000,0.347,1.736,0.157
301500,5.000,0.343,1.713,0.157
301700,5.000,0.347,1.732,0.157
301900,5.000,0.347,1.732,0.158
302100,5.000,0.343,1.713,0.158
302300,5.000,0.347,1.732,0.158
302500,5.000,0.342,1.709,0.158
302700,5.000,0.342,1.709,0.158
302900,5.000,0.347,1.736,0.158
303100,5.000,0.343,1.713,0.158
303300,5.000,0.346,1.732,0.158
303500,5.000,0.346,1.732,0.158
303700,5.000,0.342,1.709,0.158
303900,5.000,0.346,1.732,0.158
304100,5.000,0.346,1.732,0.159
304300,5.000,0.343,1.713,0.159
304500,5.000,0.346,1.729,0.159
304700,5.000,0.342,1.709,0.159
304900,5.000,0.342,1.709,0.159
305100,5.000,0.345,1.729,0.159
305300,5.000,0.342,1.713,0.159
305500,5.000,0.346,1.729,0.159
305700,5.000,0.342,1.709,0.159
305900,5.000,0.342,1.709,0.159
