300,5.000,0.577,2.881,0.000
500,5.000,0.540,2.698,0.000
700,5.000,0.573,2.862,0.000
900,5.000,0.573,2.862,0.000
1100,5.000,0.578,2.885,0.000
1300,5.000,0.580,2.897,0.000
1500,5.000,0.580,2.897,0.001
1700,5.000,0.578,2.889,0.001
1900,5.000,0.578,2.885,0.001
2100,5.000,0.578,2.885,0.001
2300,5.000,0.577,2.881,0.001
2500,5.000,0.577,2.881,0.001
2700,5.000,0.580,2.897,0.002
2900,5.000,0.581,2.900,0.002
3100,5.000,0.581,2.900,0.002
3300,5.000,0.581,2.900,0.002
3500,5.000,0.578,2.889,0.002
3700,5.000,0.576,2.877,0.002
3900,5.000,0.568,2.839,0.003
4100,5.000,0.568,2.839,0.003
4300,5.000,0.574,2.866,0.003
4500,5.000,0.564,2.816,0.003
4700,5.000,0.564,2.816,0.003
4900,5.000,0.566,2.828,0.003
5100,5.000,0.570,2.843,0.003
5300,5.000,0.559,2.793,0.004
5500,5.000,0.556,2.774,0.004
5700,5.000,0.556,2.774,0.004
5900,5.000,0.564,2.816,0.004
6100,5.000,0.555,2.774,0.004
6300,5.000,0.562,2.809,0.004
6500,5.000,0.562,2.809,0.005
6700,5.000,0.564,2.816,0.005
6900,5.000,0.551,2.751,0.005
7100,5.000,0.560,2.793,0.005
7300,5.000,0.560,2.793,0.005
7500,5.000,0.565,2.824,0.005
7700,5.000,0.558,2.786,0.006
7900,5.000,0.558,2.786,0.006
8100,5.000,0.559,2.790,0.006
8300,5.000,0.568,2.835,0.006
8500,5.000,0.556,2.778,0.006
8700,5.000,0.556,2.778,0.006
8900,5.000,0.557,2.782,0.007
9100,5.000,0.565,2.824,0.007
9300,5.000,0.555,2.771,0.007
9500,5.000,0.556,2.778,0.007
9700,5.000,0.556,2.778,0.007
9900,5.000,0.565,2.820,0.007
10100,5.000,0.558,2.786,0.008
10300,5.000,0.560,2.793,0.008
10500,5.000,0.560,2.793,0.008
10700,5.000,0.562,2.805,0.008
10900,5.000,0.557,2.782,0.008
11100,5.000,0.557,2.782,0.008
11300,5.000,0.572,2.858,0.008
11500,5.000,0.558,2.786,0.009
11700,5.000,0.554,2.767,0.009
11900,5.000,0.554,2.767,0.009
12100,5.000,0.559,2.793,0.009
12300,5.000,0.561,2.801,0.009
12500,5.000,0.556,2.774,0.009
12700,5.000,0.564,2.816,0.010
12900,5.000,0.564,2.816,0.010
13100,5.000,0.557,2.782,0.010
13300,5.000,0.556,2.774,0.010
13500,5.000,0.556,2.774,0.010
13700,5.000,0.564,2.816,0.010
13900,5.000,0.557,2.782,0.011
14100,5.000,0.554,2.767,0.011
14300,5.000,0.554,2.767,0.011
14500,5.000,0.565,2.824,0.011
14700,5.000,0.563,2.813,0.011
14900,5.000,0.556,2.778,0.011
15100,5.000,0.556,2.778,0.011
15300,5.000,0.566,2.828,0.012
15500,5.000,0.560,2.797,0.012
15700,5.000,0.560,2.797,0.012
15900,5.000,0.564,2.816,0.012
16100,5.000,0.564,2.816,0.012
16300,5.000,0.559,2.793,0.012
16500,5.000,0.559,2.790,0.013
16700,5.000,0.559,2.790,0.013
16900,5.000,0.567,2.828,0.013
17100,5.000,0.561,2.805,0.013
17300,5.000,0.556,2.774,0.013
17500,5.000,0.556,2.774,0.013
17700,5.000,0.565,2.824,0.014
17900,5.000,0.556,2.778,0.014
18100,5.000,0.564,2.820,0.014
18300,5.000,0.564,2.820,0.014
18500,5.000,0.560,2.797,0.014
18700,5.000,0.561,2.805,0.014
18900,5.000,0.561,2.805,0.015
19100,5.000,0.558,2.790,0.015
19300,5.000,0.565,2.824,0.015
19500,5.000,0.554,2.767,0.015
19700,5.000,0.558,2.790,0.015
19900,5.000,0.558,2.790,0.015
20100,5.000,0.562,2.809,0.016
20300,5.000,0.556,2.774,0.016
20500,5.000,0.562,2.809,0.016
20700,5.000,0.562,2.809,0.016
20900,5.000,0.564,2.816,0.016
21100,5.000,0.550,2.744,0.016
21300,5.000,0.550,2.790,0.016
21500,5.000,0.559,2.790,0.017
21700,5.000,0.565,2.820,0.017
21900,5.000,0.552,2.755,0.017
22100,5.000,0.552,2.755,0.017
22300,5.000,0.560,2.797,0.017
22500,5.000,0.564,2.816,0.017
22700,5.000,0.554,2.767,0.018
22900,5.000,0.558,2.786,0.018
23100,5.000,0.558,2.786,0.018
23300,5.000,0.566,2.828,0.018
23500,5.000,0.556,2.774,0.018
23700,5.000,0.564,2.816,0.018
23900,5.000,0.564,2.816,0.019
24100,5.000,0.566,2.828,0.019
24300,5.000,0.555,2.771,0.019
24500,5.000,0.555,2.771,0.019
24700,5.000,0.562,2.809,0.019
24900,5.000,0.563,2.813,0.019
25100,5.000,0.558,2.786,0.019
25300,5.000,0.558,2.786,0.020
25500,5.000,0.559,2.793,0.020
25700,5.000,0.567,2.835,0.020
25900,5.000,0.556,2.778,0.020
26100,5.000,0.556,2.778,0.020
26300,5.000,0.561,2.805,0.020
26500,5.000,0.560,2.797,0.021
26700,5.000,0.555,2.774,0.021
26900,5.000,0.564,2.816,0.021
27100,5.000,0.564,2.816,0.021
27300,5.000,0.563,2.813,0.021
27500,5.000,0.552,2.759,0.021
27700,5.000,0.552,2.759,0.022
27900,5.000,0.563,2.813,0.022
28100,5.000,0.556,2.778,0.022
28300,5.000,0.555,2.774,0.022
28500,5.000,0.555,2.774,0.022
28700,5.000,0.567,2.832,0.022
28900,5.000,0.555,2.771,0.023
29100,5.000,0.553,2.763,0.023
29300,5.000,0.553,2.763,0.023
29500,5.000,0.560,2.797,0.023
29700,5.000,0.559,2.793,0.023
29900,5.000,0.552,2.759,0.023
30100,5.000,0.564,2.816,0.024
30300,5.000,0.564,2.816,0.024
30500,5.000,0.560,2.797,0.024
30700,5.000,0.561,2.801,0.024
30900,5.000,0.561,2.801,0.024
31100,5.000,0.566,2.828,0.024
31300,5.000,0.559,2.793,0.024
31500,5.000,0.556,2.778,0.025
31700,5.000,0.556,2.778,0.025
31900,5.000,0.567,2.832,0.025
32100,5.000,0.559,2.793,0.025
32300,5.000,0.559,2.767,0.025
32500,5.000,0.554,2.767,0.025
32700,5.000,0.567,2.828,0.026
32900,5.000,0.559,2.793,0.026
33100,5.000,0.559,2.793,0.026
33300,5.000,0.556,2.778,0.026
33500,5.000,0.564,2.816,0.026
33700,5.000,0.556,2.778,0.026
33900,5.000,0.559,2.793,0.027
34100,5.000,0.559,2.793,0.027
34300,5.000,0.567,2.835,0.027
34500,5.000,0.551,2.751,0.027
34700,5.000,0.556,2.778,0.027
34900,5.000,0.556,2.778,0.027
35100,5.000,0.563,2.813,0.027
35300,5.000,0.552,2.755,0.028
35500,5.000,0.552,2.755,0.028
35700,5.000,0.564,2.816,0.028
35900,5.000,0.558,2.786,0.028
36100,5.000,0.554,2.767,0.028
36300,5.000,0.554,2.767,0.028
36500,5.000,0.555,2.771,0.029
36700,5.000,0.569,2.843,0.029
36900,5.000,0.549,2.744,0.029
37100,5.000,0.560,2.797,0.029
37300,5.000,0.560,2.797,0.029
37500,5.000,0.567,2.832,0.029
37700,5.000,0.558,2.786,0.030
37900,5.000,0.564,2.820,0.030
38100,5.000,0.564,2.820,0.030
38300,5.000,0.564,2.816,0.030
38500,5.000,0.553,2.763,0.030
38700,5.000,0.553,2.763,0.030
38900,5.000,0.566,2.828,0.031
39100,5.000,0.563,2.813,0.031
39300,5.000,0.554,2.763,0.031
39500,5.000,0.554,2.763,0.031
39700,5.000,0.564,2.816,0.031
39900,5.000,0.563,2.813,0.031
40100,5.000,0.554,2.767,0.031
40300,5.000,0.554,2.767,0.032
40500,5.000,0.568,2.839,0.032
40700,5.000,0.563,2.813,0.032
40900,5.000,0.555,2.771,0.032
41100,5.000,0.566,2.828,0.032
41300,5.000,0.566,2.828,0.032
41500,5.000,0.563,2.809,0.033
41700,5.000,0.552,2.755,0.033
41900,5.000,0.552,2.755,0.033
42100,5.000,0.567,2.832,0.033
42300,5.000,0.558,2.786,0.033
42500,5.000,0.560,2.797,0.033
42700,5.000,0.560,2.797,0.034
42900,5.000,0.562,2.805,0.034
43100,5.000,0.555,2.771,0.034
43300,5.000,0.555,2.771,0.034
43500,5.000,0.551,2.751,0.034
43700,5.000,0.564,2.816,0.034
43900,5.000,0.554,2.771,0.035
44100,5.000,0.556,2.778,0.035
44300,5.000,0.556,2.778,0.035
44500,5.000,0.567,2.832,0.035
44700,5.000,0.562,2.805,0.035
44900,5.000,0.558,2.786,0.035
45100,5.000,0.558,2.786,0.035
45300,5.000,0.564,2.820,0.036
45500,5.000,0.555,2.771,0.036
45700,5.000,0.563,2.813,0.036
45900,5.000,0.563,2.813,0.036
46100,5.000,0.567,2.832,0.036
46300,5.000,0.554,2.767,0.036
46500,5.000,0.554,2.767,0.037
46700,5.000,0.558,2.786,0.037
46900,5.000,0.564,2.816,0.037
47100,5.000,0.559,2.790,0.037
47300,5.000,0.559,2.790,0.037
47500,5.000,0.556,2.782,0.037
47700,5.000,0.567,2.832,0.038
47900,5.000,0.561,2.801,0.038
48100,5.000,0.560,2.797,0.038
48300,5.000,0.560,2.797,0.038
48500,5.000,0.563,2.813,0.038
48700,5.000,0.553,2.763,0.038
48900,5.000,0.558,2.790,0.039
49100,5.000,0.558,2.790,0.039
49300,5.000,0.563,2.809,0.039
49500,5.000,0.556,2.778,0.039
49700,5.000,0.556,2.778,0.039
49900,5.000,0.558,2.790,0.039
50100,5.000,0.564,2.816,0.039
50300,5.000,0.550,2.748,0.040
50500,5.000,0.550,2.748,0.040
50700,5.000,0.558,2.790,0.040
50900,5.000,0.561,2.805,0.040
51100,5.000,0.555,2.771,0.040
51300,5.000,0.564,2.816,0.040
51500,5.000,0.564,2.816,0.041
51700,5.000,0.565,2.820,0.041
51900,5.000,0.556,2.778,0.041
52100,5.000,0.560,2.797,0.041
52300,5.000,0.560,2.797,0.041
52500,5.000,0.561,2.801,0.041
52700,5.000,0.553,2.763,0.042
52900,5.000,0.553,2.763,0.042
53100,5.000,0.567,2.828,0.042
53300,5.000,0.560,2.797,0.042
53500,5.000,0.554,2.767,0.042
53700,5.000,0.554,2.767,0.042
53900,5.000,0.561,2.805,0.042
54100,5.000,0.563,2.813,0.043
54300,5.000,0.550,2.748,0.043
54500,5.000,0.562,2.809,0.043
54700,5.000,0.562,2.809,0.043
54900,5.000,0.562,2.809,0.043
55100,5.000,0.558,2.786,0.043
55300,5.000,0.558,2.786,0.044
55500,5.000,0.567,2.832,0.044
55700,5.000,0.563,2.813,0.044
55900,5.000,0.553,2.763,0.044
56100,5.000,0.553,2.763,0.044
56300,5.000,0.567,2.832,0.044
56500,5.000,0.562,2.805,0.045
56700,5.000,0.556,2.778,0.045
56900,5.000,0.556,2.778,0.045
57100,5.000,0.566,2.828,0.045
57300,5.000,0.562,2.805,0.045
57500,5.000,0.562,2.805,0.045
57700,5.000,0.557,2.782,0.046
57900,5.000,0.565,2.824,0.046
58100,5.000,0.559,2.793,0.046
58300,5.000,0.559,2.790,0.046
58500,5.000,0.559,2.790,0.046
58700,5.000,0.561,2.801,0.046
58900,5.000,0.560,2.797,0.047
59100,5.000,0.554,2.767,0.047
59300,5.000,0.554,2.767,0.047
59500,5.000,0.564,2.820,0.047
59700,5.000,0.555,2.774,0.047
59900,5.000,0.565,2.820,0.047
60100,5.000,0.565,2.820,0.047
60300,5.000,0.564,2.816,0.048
60500,5.000,0.554,2.767,0.048
60700,5.000,0.554,2.767,0.048
60900,5.000,0.557,2.782,0.048
61100,5.000,0.565,2.820,0.048
61300,5.000,0.554,2.767,0.048
61500,5.000,0.557,2.782,0.049
61700,5.000,0.557,2.782,0.049
61900,5.000,0.566,2.828,0.049
62100,5.000,0.558,2.790,0.049
62300,5.000,0.563,2.809,0.049
62500,5.000,0.563,2.809,0.049
62700,5.000,0.566,2.828,0.050
62900,5.000,0.553,2.759,0.050
63100,5.000,0.564,2.816,0.050
63300,5.000,0.564,2.816,0.050
63500,5.000,0.568,2.839,0.050
63700,5.000,0.556,2.778,0.050
63900,5.000,0.556,2.778,0.050
64100,5.000,0.561,2.801,0.051
64300,5.000,0.564,2.816,0.051
64500,5.000,0.556,2.774,0.051
64700,5.000,0.556,2.774,0.051
64900,5.000,0.560,2.801,0.051
65100,5.000,0.565,2.820,0.051
65300,5.000,0.558,2.790,0.052
65500,5.000,0.557,2.782,0.052
65700,5.000,0.557,2.782,0.052
65900,5.000,0.564,2.816,0.052
66100,5.000,0.552,2.759,0.052
66300,5.000,0.552,2.759,0.052
66500,5.000,0.559,2.793,0.053
66700,5.000,0.559,2.793,0.053
66900,5.000,0.555,2.774,0.053
67100,5.000,0.555,2.774,0.053
67300,5.000,0.565,2.820,0.053
67500,5.000,0.556,2.778,0.053
67700,5.000,0.554,2.771,0.054
67900,5.000,0.554,2.771,0.054
68100,5.000,0.561,2.801,0.054
68300,5.000,0.561,2.801,0.054
68500,5.000,0.555,2.771,0.054
68700,5.000,0.564,2.816,0.054
68900,5.000,0.564,2.816,0.055
69100,5.000,0.565,2.820,0.055
69300,5.000,0.557,2.778,0.055
69500,5.000,0.557,2.778,0.055
69700,5.000,0.567,2.832,0.055
69900,5.000,0.557,2.782,0.055
70100,5.000,0.561,2.801,0.055
70300,5.000,0.561,2.801,0.056
70500,5.000,0.566,2.828,0.056
70700,5.000,0.561,2.801,0.056
70900,5.000,0.555,2.771,0.056
71100,5.000,0.555,2.771,0.056
71300,5.000,0.565,2.824,0.056
71500,5.000,0.562,2.809,0.057
71700,5.000,0.562,2.809,0.057
71900,5.000,0.565,2.824,0.057
72100,5.000,0.565,2.824,0.057
72300,5.000,0.554,2.767,0.057
72500,5.000,0.558,2.790,0.057
72700,5.000,0.558,2.790,0.058
72900,5.000,0.566,2.828,0.058
73100,5.000,0.556,2.778,0.058
73300,5.000,0.555,2.771,0.058
73500,5.000,0.555,2.771,0.058
73700,5.000,0.564,2.816,0.058
73900,5.000,0.555,2.774,0.058
74100,5.000,0.560,2.793,0.059
74300,5.000,0.560,2.793,0.059
74500,5.000,0.559,2.790,0.059
74700,5.000,0.558,2.790,0.059
74900,5.000,0.558,2.790,0.059
75100,5.000,0.555,2.771,0.059
75300,5.000,0.564,2.813,0.060
75500,5.000,0.556,2.774,0.060
75700,5.000,0.560,2.797,0.060
75900,5.000,0.560,2.797,0.060
76100,5.000,0.569,2.843,0.060
76300,5.000,0.557,2.782,0.060
76500,5.000,0.558,2.786,0.061
76700,5.000,0.558,2.786,0.061
76900,5.000,0.564,2.816,0.061
77100,5.000,0.552,2.759,0.061
77300,5.000,0.552,2.759,0.061
77500,5.000,0.561,2.801,0.061
77700,5.000,0.562,2.805,0.062
77900,5.000,0.554,2.767,0.062
78100,5.000,0.554,2.767,0.062
78300,5.000,0.560,2.801,0.062
78500,5.000,0.566,2.828,0.062
78700,5.000,0.550,2.748,0.062
78900,5.000,0.560,2.797,0.063
79100,5.000,0.560,2.797,0.063
79300,5.000,0.572,2.858,0.063
79500,5.000,0.552,2.759,0.063
79700,5.000,0.562,2.809,0.063
79900,5.000,0.562,2.809,0.063
80100,5.000,0.563,2.813,0.063
80300,5.000,0.550,2.748,0.064
80500,5.000,0.550,2.748,0.064
80700,5.000,0.564,2.816,0.064
80900,5.000,0.560,2.793,0.064
81100,5.000,0.554,2.771,0.064
81300,5.000,0.554,2.771,0.064
81500,5.000,0.559,2.793,0.065
81700,5.000,0.562,2.809,0.065
81900,5.000,0.554,2.763,0.065
82100,5.000,0.554,2.763,0.065
82300,5.000,0.560,2.797,0.065
82500,5.000,0.563,2.809,0.065
82700,5.000,0.556,2.778,0.066
82900,5.000,0.569,2.843,0.066
83100,5.000,0.569,2.843,0.066
83300,5.000,0.562,2.809,0.066
83500,5.000,0.555,2.774,0.066
83700,5.000,0.555,2.774,0.066
83900,5.000,0.565,2.824,0.066
84100,5.000,0.561,2.801,0.067
84300,5.000,0.562,2.805,0.067
84500,5.000,0.562,2.805,0.067
84700,5.000,0.567,2.832,0.067
84900,5.000,0.558,2.790,0.067
85100,5.000,0.556,2.778,0.067
85300,5.000,0.556,2.778,0.068
85500,5.000,0.565,2.824,0.068
85700,5.000,0.557,2.782,0.068
85900,5.000,0.559,2.790,0.068
86100,5.000,0.559,2.835,0.068
86300,5.000,0.568,2.835,0.068
86500,5.000,0.563,2.813,0.069
86700,5.000,0.556,2.778,0.069
86900,5.000,0.556,2.778,0.069
87100,5.000,0.566,2.828,0.069
87300,5.000,0.551,2.751,0.069
87500,5.000,0.560,2.797,0.069
87700,5.000,0.560,2.797,0.070
87900,5.000,0.564,2.816,0.070
88100,5.000,0.554,2.767,0.070
88300,5.000,0.554,2.767,0.070
88500,5.000,0.555,2.771,0.070
88700,5.000,0.563,2.809,0.070
88900,5.000,0.556,2.774,0.070
89100,5.000,0.556,2.774,0.071
89300,5.000,0.561,2.801,0.071
89500,5.000,0.570,2.847,0.071
89700,5.000,0.557,2.782,0.071
89900,5.000,0.564,2.816,0.071
90100,5.000,0.564,2.816,0.071
90300,5.000,0.565,2.824,0.072
90500,5.000,0.556,2.778,0.072
90700,5.000,0.556,2.778,0.072
90900,5.000,0.556,2.778,0.072
91100,5.000,0.566,2.828,0.072
91300,5.000,0.558,2.786,0.072
91500,5.000,0.558,2.786,0.073
91700,5.000,0.565,2.820,0.073
91900,5.000,0.558,2.790,0.073
92100,5.000,0.557,2.782,0.073
92300,5.000,0.557,2.782,0.073
92500,5.000,0.558,2.790,0.073
92700,5.000,0.562,2.809,0.073
92900,5.000,0.559,2.790,0.074
93100,5.000,0.563,2.813,0.074
93300,5.000,0.563,2.813,0.074
93500,5.000,0.567,2.832,0.074
93700,5.000,0.553,2.763,0.074
93900,5.000,0.560,2.797,0.074
94100,5.000,0.560,2.797,0.075
94300,5.000,0.563,2.813,0.075
94500,5.000,0.560,2.797,0.075
94700,5.000,0.560,2.797,0.075
94900,5.000,0.560,2.793,0.075
95100,5.000,0.561,2.801,0.075
95300,5.000,0.552,2.755,0.076
95500,5.000,0.552,2.755,0.076
95700,5.000,0.561,2.801,0.076
95900,5.000,0.560,2.793,0.076
96100,5.000,0.558,2.786,0.076
96300,5.000,0.568,2.835,0.076
96500,5.000,0.568,2.835,0.077
96700,5.000,0.553,2.763,0.077
96900,5.000,0.556,2.778,0.077
97100,5.000,0.556,2.778,0.077
97300,5.000,0.564,2.813,0.077
97500,5.000,0.562,2.805,0.077
97700,5.000,0.551,2.751,0.078
97900,5.000,0.551,2.751,0.078
98100,5.000,0.563,2.809,0.078
98300,5.000,0.558,2.786,0.078
98500,5.000,0.554,2.767,0.078
98700,5.000,0.554,2.767,0.078
98900,5.000,0.561,2.801,0.078
99100,5.000,0.562,2.805,0.079
99300,5.000,0.562,2.805,0.079
99500,5.000,0.553,2.763,0.079
99700,5.000,0.563,2.809,0.079
99900,5.000,0.563,2.809,0.079
100100,5.000,0.559,2.790,0.079
100300,5.000,0.559,2.790,0.080
100500,5.000,0.566,2.828,0.080
100700,5.000,0.557,2.782,0.080
100900,5.000,0.554,2.771,0.080
101100,5.000,0.554,2.771,0.080
101300,5.000,0.564,2.816,0.080
101500,5.000,0.556,2.774,0.081
101700,5.000,0.563,2.809,0.081
101900,5.000,0.563,2.809,0.081
102100,5.000,0.564,2.816,0.081
102300,5.000,0.552,2.759,0.081
102500,5.000,0.552,2.759,0.081
102700,5.000,0.556,2.782,0.081
102900,5.000,0.562,2.809,0.082
103100,5.000,0.561,2.801,0.082
103300,5.000,0.564,2.816,0.082
103500,5.000,0.564,2.816,0.082
103700,5.000,0.559,2.790,0.082
103900,5.000,0.558,2.790,0.082
104100,5.000,0.560,2.797,0.083
104300,5.000,0.560,2.797,0.083
104500,5.000,0.566,2.828,0.083
104700,5.000,0.551,2.751,0.083
104900,5.000,0.562,2.805,0.083
105100,5.000,0.562,2.805,0.083
105300,5.000,0.564,2.816,0.084
105500,5.000,0.556,2.778,0.084
105700,5.000,0.556,2.778,0.084
105900,5.000,0.559,2.793,0.084
106100,5.000,0.561,2.801,0.084
106300,5.000,0.553,2.763,0.084
106500,5.000,0.553,2.763,0.085
106700,5.000,0.561,2.801,0.085
106900,5.000,0.567,2.832,0.085
107100,5.000,0.558,2.790,0.085
107300,5.000,0.563,2.809,0.085
107500,5.000,0.563,2.809,0.085
107700,5.000,0.562,2.805,0.086
107900,5.000,0.553,2.759,0.086
108100,5.000,0.553,2.759,0.086
108300,5.000,0.560,2.797,0.086
108500,5.000,0.561,2.805,0.086
108700,5.000,0.555,2.771,0.086
108900,5.000,0.555,2.771,0.086
109100,5.000,0.565,2.824,0.087
109300,5.000,0.558,2.786,0.087
109500,5.000,0.551,2.751,0.087
109700,5.000,0.551,2.751,0.087
109900,5.000,0.560,2.797,0.087
110100,5.000,0.567,2.828,0.087
110300,5.000,0.556,2.774,0.088
110500,5.000,0.560,2.793,0.088
110700,5.000,0.560,2.793,0.088
110900,5.000,0.563,2.813,0.088
111100,5.000,0.553,2.763,0.088
111300,5.000,0.553,2.763,0.088
111500,5.000,0.564,2.816,0.089
111700,5.000,0.554,2.767,0.089
111900,5.000,0.558,2.786,0.089
112100,5.000,0.558,2.786,0.089
112300,5.000,0.569,2.839,0.089
112500,5.000,0.559,2.793,0.089
112700,5.000,0.555,2.771,0.089
112900,5.000,0.555,2.771,0.090
113100,5.000,0.565,2.820,0.090
113300,5.000,0.561,2.797,0.090
113500,5.000,0.561,2.797,0.090
113700,5.000,0.554,2.771,0.090
113900,5.000,0.568,2.835,0.090
114100,5.000,0.562,2.805,0.091
114300,5.000,0.558,2.790,0.091
114500,5.000,0.558,2.790,0.091
114700,5.000,0.562,2.809,0.091
114900,5.000,0.557,2.782,0.091
115100,5.000,0.555,2.771,0.091
115300,5.000,0.555,2.771,0.092
115500,5.000,0.567,2.832,0.092
115700,5.000,0.556,2.778,0.092
115900,5.000,0.557,2.782,0.092
116100,5.000,0.557,2.782,0.092
116300,5.000,0.564,2.816,0.092
116500,5.000,0.553,2.763,0.093
116700,5.000,0.553,2.763,0.093
116900,5.000,0.555,2.771,0.093
117100,5.000,0.566,2.824,0.093
117300,5.000,0.556,2.782,0.093
117500,5.000,0.562,2.805,0.093
117700,5.000,0.562,2.805,0.094
117900,5.000,0.568,2.839,0.094
118100,5.000,0.556,2.778,0.094
118300,5.000,0.558,2.786,0.094
118500,5.000,0.558,2.786,0.094
118700,5.000,0.563,2.809,0.094
118900,5.000,0.554,2.767,0.094
119100,5.000,0.554,2.767,0.095
119300,5.000,0.572,2.855,0.095
119500,5.000,0.562,2.805,0.095
119700,5.000,0.553,2.759,0.095
119900,5.000,0.553,2.759,0.095
120100,5.000,0.557,2.782,0.095
120300,5.000,0.565,2.824,0.096
120500,5.000,0.555,2.774,0.096
120700,5.000,0.555,2.774,0.096
120900,5.000,0.566,2.824,0.096
121100,5.000,0.558,2.790,0.096
121300,5.000,0.556,2.774,0.096
121500,5.000,0.560,2.797,0.097
121700,5.000,0.560,2.797,0.097
121900,5.000,0.563,2.813,0.097
122100,5.000,0.552,2.755,0.097
122300,5.000,0.552,2.755,0.097
122500,5.000,0.566,2.828,0.097
122700,5.000,0.563,2.809,0.097
122900,5.000,0.552,2.755,0.098
123100,5.000,0.552,2.755,0.098
123300,5.000,0.564,2.820,0.098
123500,5.000,0.560,2.797,0.098
123700,5.000,0.552,2.755,0.098
123900,5.000,0.552,2.755,0.098
124100,5.000,0.563,2.813,0.099
124300,5.000,0.562,2.805,0.099
124500,5.000,0.559,2.793,0.099
124700,5.000,0.566,2.824,0.099
124900,5.000,0.566,2.824,0.099
125100,5.000,0.557,2.782,0.099
125300,5.000,0.556,2.774,0.100
125500,5.000,0.556,2.774,0.100
125700,5.000,0.567,2.835,0.100
125900,5.000,0.558,2.786,0.100
126100,5.000,0.560,2.797,0.100
126300,5.000,0.560,2.797,0.100
126500,5.000,0.565,2.824,0.101
126700,5.000,0.556,2.778,0.101
126900,5.000,0.558,2.786,0.101
127100,5.000,0.558,2.786,0.101
127300,5.000,0.565,2.824,0.101
127500,5.000,0.561,2.797,0.101
127700,5.000,0.561,2.797,0.101
127900,5.000,0.565,2.824,0.102
128100,5.000,0.565,2.824,0.102
128300,5.000,0.560,2.797,0.102
128500,5.000,0.554,2.767,0.102
128700,5.000,0.554,2.767,0.102
128900,5.000,0.564,2.820,0.102
129100,5.000,0.554,2.767,0.103
129300,5.000,0.563,2.813,0.103
129500,5.000,0.563,2.813,0.103
129700,5.000,0.567,2.828,0.103
129900,5.000,0.557,2.782,0.103
130100,5.000,0.557,2.782,0.103
130300,5.000,0.557,2.782,0.104
130500,5.000,0.563,2.813,0.104
130700,5.000,0.555,2.771,0.104
130900,5.000,0.555,2.771,0.104
131100,5.000,0.558,2.790,0.104
131300,5.000,0.567,2.835,0.104
131500,5.000,0.558,2.786,0.105
131700,5.000,0.563,2.813,0.105
131900,5.000,0.563,2.813,0.105
132100,5.000,0.563,2.813,0.105
132300,5.000,0.554,2.767,0.105
132500,5.000,0.559,2.793,0.105
132700,5.000,0.559,2.793,0.105
132900,5.000,0.564,2.816,0.106
133100,5.000,0.557,2.786,0.106
133300,5.000,0.557,2.786,0.106
133500,5.000,0.565,2.820,0.106
133700,5.000,0.563,2.813,0.106
133900,5.000,0.557,2.782,0.106
134100,5.000,0.557,2.782,0.107
134300,5.000,0.561,2.801,0.107
134500,5.000,0.565,2.824,0.107
134700,5.000,0.552,2.755,0.107
134900,5.000,0.562,2.809,0.107
135100,5.000,0.562,2.809,0.107
135300,5.000,0.559,2.790,0.108
135500,5.000,0.552,2.755,0.108
135700,5.000,0.560,2.797,0.108
135900,5.000,0.560,2.797,0.108
136100,5.000,0.561,2.801,0.108
136300,5.000,0.557,2.782,0.108
136500,5.000,0.557,2.782,0.109
136700,5.000,0.567,2.832,0.109
136900,5.000,0.559,2.790,0.109
137100,5.000,0.553,2.763,0.109
137300,5.000,0.553,2.763,0.109
137500,5.000,0.564,2.813,0.109
137700,5.000,0.561,2.801,0.109
137900,5.000,0.554,2.771,0.110
138100,5.000,0.554,2.771,0.110
138300,5.000,0.567,2.832,0.110
138500,5.000,0.563,2.813,0.110
138700,5.000,0.556,2.778,0.110
138900,5.000,0.564,2.816,0.110
139100,5.000,0.564,2.816,0.111
139300,5.000,0.559,2.793,0.111
139500,5.000,0.553,2.763,0.111
139700,5.000,0.553,2.763,0.111
139900,5.000,0.565,2.824,0.111
140100,5.000,0.559,2.793,0.111
140300,5.000,0.554,2.767,0.112
140500,5.000,0.554,2.767,0.112
140700,5.000,0.564,2.816,0.112
140900,5.000,0.556,2.778,0.112
141100,5.000,0.556,2.778,0.112
141300,5.000,0.557,2.782,0.112
141500,5.000,0.569,2.843,0.112
141700,5.000,0.555,2.771,0.113
141900,5.000,0.556,2.778,0.113
142100,5.000,0.556,2.778,0.113
142300,5.000,0.561,2.805,0.113
142500,5.000,0.557,2.782,0.113
142700,5.000,0.555,2.771,0.113
142900,5.000,0.555,2.771,0.114
143100,5.000,0.565,2.824,0.114
143300,5.000,0.557,2.782,0.114
143500,5.000,0.563,2.813,0.114
143700,5.000,0.563,2.813,0.114
143900,5.000,0.565,2.824,0.114
144100,5.000,0.551,2.751,0.115
144300,5.000,0.551,2.751,0.115
144500,5.000,0.560,2.797,0.115
144700,5.000,0.564,2.816,0.115
144900,5.000,0.556,2.778,0.115
145100,5.000,0.556,2.778,0.115
145300,5.000,0.563,2.813,0.116
145500,5.000,0.568,2.835,0.116
145700,5.000,0.557,2.782,0.116
145900,5.000,0.557,2.786,0.116
146100,5.000,0.557,2.786,0.116
146300,5.000,0.565,2.820,0.116
146500,5.000,0.551,2.751,0.117
146700,5.000,0.563,2.813,0.117
146900,5.000,0.563,2.813,0.117
147100,5.000,0.563,2.809,0.117
147300,5.000,0.554,2.767,0.117
147500,5.000,0.554,2.767,0.117
147700,5.000,0.559,2.790,0.117
147900,5.000,0.564,2.816,0.118
148100,5.000,0.556,2.774,0.118
148300,5.000,0.556,2.774,0.118
148500,5.000,0.564,2.816,0.118
148700,5.000,0.559,2.790,0.118
148900,5.000,0.557,2.782,0.118
149100,5.000,0.556,2.778,0.119
149300,5.000,0.556,2.778,0.119
149500,5.000,0.561,2.801,0.119
149700,5.000,0.553,2.763,0.119
149900,5.000,0.562,2.805,0.119
150100,5.000,0.562,2.805,0.119
150300,5.000,0.562,2.809,0.120
150500,5.000,0.558,2.786,0.120
150700,5.000,0.558,2.786,0.120
150900,5.000,0.566,2.828,0.120
151100,5.000,0.557,2.782,0.120
151300,5.000,0.556,2.778,0.120
151500,5.000,0.556,2.778,0.120
151700,5.000,0.561,2.801,0.121
151900,5.000,0.563,2.813,0.121
152100,5.000,0.563,2.813,0.121
152300,5.000,0.568,2.839,0.121
152500,5.000,0.568,2.839,0.121
152700,5.000,0.562,2.805,0.121
152900,5.000,0.553,2.759,0.122
153100,5.000,0.553,2.759,0.122
153300,5.000,0.564,2.816,0.122
153500,5.000,0.556,2.778,0.122
153700,5.000,0.559,2.793,0.122
153900,5.000,0.559,2.793,0.122
154100,5.000,0.561,2.801,0.123
154300,5.000,0.556,2.778,0.123
154500,5.000,0.556,2.778,0.123
154700,5.000,0.556,2.778,0.123
154900,5.000,0.566,2.828,0.123
155100,5.000,0.559,2.790,0.123
155300,5.000,0.559,2.790,0.124
155500,5.000,0.560,2.793,0.124
155700,5.000,0.560,2.797,0.124
155900,5.000,0.561,2.801,0.124
156100,5.000,0.553,2.763,0.124
156300,5.000,0.553,2.763,0.124
156500,5.000,0.562,2.809,0.125
156700,5.000,0.557,2.782,0.125
156900,5.000,0.559,2.790,0.125
157100,5.000,0.559,2.790,0.125
157300,5.000,0.567,2.832,0.125
157500,5.000,0.557,2.786,0.125
157700,5.000,0.561,2.801,0.125
157900,5.000,0.561,2.801,0.126
158100,5.000,0.564,2.816,0.126
158300,5.000,0.555,2.774,0.126
158500,5.000,0.555,2.774,0.126
158700,5.000,0.558,2.786,0.126
158900,5.000,0.568,2.835,0.126
159100,5.000,0.557,2.782,0.127
159300,5.000,0.563,2.813,0.127
159500,5.000,0.563,2.813,0.127
159700,5.000,0.566,2.828,0.127
159900,5.000,0.553,2.763,0.127
160100,5.000,0.557,2.782,0.127
160300,5.000,0.557,2.782,0.128
160500,5.000,0.564,2.816,0.128
160700,5.000,0.556,2.774,0.128
160900,5.000,0.560,2.793,0.128
161100,5.000,0.560,2.793,0.128
161300,5.000,0.561,2.801,0.128
161500,5.000,0.553,2.759,0.128
161700,5.000,0.553,2.759,0.129
161900,5.000,0.564,2.816,0.129
162100,5.000,0.565,2.824,0.129
162300,5.000,0.558,2.786,0.129
162500,5.000,0.558,2.786,0.129
162700,5.000,0.558,2.786,0.129
162900,5.000,0.565,2.820,0.130
163100,5.000,0.550,2.748,0.130
163300,5.000,0.560,2.797,0.130
163500,5.000,0.560,2.797,0.130
163700,5.000,0.561,2.801,0.130
163900,5.000,0.555,2.771,0.130
164100,5.000,0.555,2.771,0.131
164300,5.000,0.567,2.832,0.131
164500,5.000,0.561,2.801,0.131
164700,5.000,0.555,2.774,0.131
164900,5.000,0.555,2.774,0.131
165100,5.000,0.562,2.805,0.131
165300,5.000,0.561,2.801,0.132
165500,5.000,0.555,2.771,0.132
165700,5.000,0.555,2.771,0.132
165900,5.000,0.565,2.824,0.132
166100,5.000,0.563,2.813,0.132
166300,5.000,0.559,2.793,0.132
166500,5.000,0.566,2.828,0.133
166700,5.000,0.566,2.828,0.133
166900,5.000,0.559,2.793,0.133
167100,5.000,0.552,2.759,0.133
167300,5.000,0.552,2.759,0.133
167500,5.000,0.565,2.820,0.133
167700,5.000,0.559,2.793,0.133
167900,5.000,0.557,2.782,0.134
168100,5.000,0.557,2.782,0.134
168300,5.000,0.567,2.832,0.134
168500,5.000,0.559,2.793,0.134
168700,5.000,0.555,2.771,0.134
168900,5.000,0.555,2.771,0.134
169100,5.000,0.564,2.816,0.135
169300,5.000,0.562,2.805,0.135
169500,5.000,0.549,2.740,0.135
169700,5.000,0.565,2.820,0.135
169900,5.000,0.565,2.820,0.135
170100,5.000,0.558,2.790,0.135
170300,5.000,0.562,2.809,0.136
170500,5.000,0.562,2.809,0.136
170700,5.000,0.567,2.832,0.136
170900,5.000,0.556,2.774,0.136
171100,5.000,0.555,2.774,0.136
171300,5.000,0.555,2.774,0.136
171500,5.000,0.561,2.805,0.136
171700,5.000,0.558,2.790,0.137
171900,5.000,0.558,2.755,0.137
172100,5.000,0.552,2.755,0.137
172300,5.000,0.568,2.839,0.137
172500,5.000,0.562,2.805,0.137
172700,5.000,0.562,2.805,0.137
172900,5.000,0.558,2.790,0.138
173100,5.000,0.565,2.824,0.138
173300,5.000,0.558,2.786,0.138
173500,5.000,0.562,2.809,0.138
173700,5.000,0.562,2.809,0.138
173900,5.000,0.567,2.832,0.138
174100,5.000,0.558,2.786,0.139
174300,5.000,0.557,2.782,0.139
174500,5.000,0.557,2.782,0.139
174700,5.000,0.564,2.816,0.139
174900,5.000,0.553,2.759,0.139
175100,5.000,0.553,2.759,0.139
175300,5.000,0.564,2.813,0.140
175500,5.000,0.562,2.809,0.140
175700,5.000,0.554,2.767,0.140
175900,5.000,0.554,2.767,0.140
176100,5.000,0.559,2.793,0.140
176300,5.000,0.565,2.824,0.140
176500,5.000,0.550,2.748,0.141
176700,5.000,0.558,2.790,0.141
176900,5.000,0.558,2.790,0.141
177100,5.000,0.565,2.824,0.141
177300,5.000,0.558,2.786,0.141
177500,5.000,0.565,2.820,0.141
177700,5.000,0.565,2.820,0.141
177900,5.000,0.561,2.805,0.142
178100,5.000,0.555,2.774,0.142
178300,5.000,0.555,2.774,0.142
178500,5.000,0.561,2.801,0.142
178700,5.000,0.562,2.809,0.142
178900,5.000,0.551,2.751,0.142
179100,5.000,0.551,2.751,0.143
179300,5.000,0.561,2.805,0.143
179500,5.000,0.562,2.805,0.143
179700,5.000,0.552,2.755,0.143
179900,5.000,0.552,2.755,0.143
180100,5.000,0.562,2.809,0.143
180300,5.000,0.565,2.824,0.144
180500,5.000,0.558,2.790,0.144
180700,5.000,0.567,2.832,0.144
180900,5.000,0.567,2.832,0.144
181100,5.000,0.561,2.805,0.144
181300,5.000,0.553,2.763,0.144
181500,5.000,0.553,2.763,0.144
181700,5.000,0.564,2.816,0.145
181900,5.000,0.557,2.782,0.145
182100,5.000,0.559,2.793,0.145
182300,5.000,0.559,2.793,0.145
182500,5.000,0.563,2.813,0.145
182700,5.000,0.557,2.782,0.145
182900,5.000,0.557,2.767,0.146
183100,5.000,0.554,2.767,0.146
183300,5.000,0.565,2.824,0.146
183500,5.000,0.555,2.771,0.146
183700,5.000,0.555,2.771,0.146
183900,5.000,0.555,2.771,0.146
184100,5.000,0.567,2.832,0.147
184300,5.000,0.558,2.786,0.147
184500,5.000,0.558,2.786,0.147
184700,5.000,0.558,2.786,0.147
184900,5.000,0.563,2.813,0.147
185100,5.000,0.554,2.767,0.147
185300,5.000,0.558,2.786,0.148
185500,5.000,0.558,2.786,0.148
185700,5.000,0.567,2.832,0.148
185900,5.000,0.552,2.755,0.148
186100,5.000,0.552,2.755,0.148
186300,5.000,0.556,2.778,0.148
186500,5.000,0.564,2.820,0.148
186700,5.000,0.556,2.778,0.149
186900,5.000,0.556,2.778,0.149
187100,5.000,0.556,2.778,0.149
187300,5.000,0.566,2.828,0.149
187500,5.000,0.560,2.797,0.149
187700,5.000,0.563,2.813,0.149
187900,5.000,0.563,2.813,0.150
188100,5.000,0.565,2.820,0.150
188300,5.000,0.554,2.767,0.150
188500,5.000,0.557,2.782,0.150
188700,5.000,0.557,2.782,0.150
188900,5.000,0.561,2.801,0.150
189100,5.000,0.553,2.763,0.151
189300,5.000,0.553,2.763,0.151
189500,5.000,0.559,2.790,0.151
189700,5.000,0.562,2.809,0.151
189900,5.000,0.555,2.771,0.151
190100,5.000,0.555,2.771,0.151
190300,5.000,0.557,2.782,0.151
190500,5.000,0.563,2.809,0.152
190700,5.000,0.554,2.767,0.152
190900,5.000,0.563,2.809,0.152
191100,5.000,0.563,2.809,0.152
191300,5.000,0.566,2.828,0.152
191500,5.000,0.557,2.782,0.152
191700,5.000,0.559,2.790,0.153
191900,5.000,0.559,2.790,0.153
192100,5.000,0.561,2.801,0.153
192300,5.000,0.552,2.755,0.153
192500,5.000,0.552,2.755,0.153
192700,5.000,0.567,2.832,0.153
192900,5.000,0.559,2.790,0.154
193100,5.000,0.552,2.759,0.154
193300,5.000,0.552,2.759,0.154
193500,5.000,0.562,2.805,0.154
193700,5.000,0.562,2.809,0.154
193900,5.000,0.562,2.809,0.154
194100,5.000,0.561,2.801,0.155
194300,5.000,0.561,2.801,0.155
194500,5.000,0.566,2.828,0.155
194700,5.000,0.557,2.782,0.155
194900,5.000,0.557,2.782,0.155
195100,5.000,0.564,2.816,0.155
195300,5.000,0.560,2.793,0.156
195500,5.000,0.552,2.759,0.156
195700,5.000,0.552,2.759,0.156
195900,5.000,0.563,2.813,0.156
196100,5.000,0.560,2.797,0.156
196300,5.000,0.555,2.771,0.156
196500,5.000,0.555,2.771,0.156
196700,5.000,0.561,2.801,0.157
196900,5.000,0.560,2.797,0.157
197100,5.000,0.560,2.797,0.157
197300,5.000,0.553,2.759,0.157
197500,5.000,0.563,2.813,0.157
197700,5.000,0.558,2.790,0.157
197900,5.000,0.559,2.793,0.158
198100,5.000,0.559,2.793,0.158
198300,5.000,0.567,2.832,0.158
198500,5.000,0.560,2.797,0.158
198700,5.000,0.555,2.771,0.158
198900,5.000,0.555,2.771,0.158
199100,5.000,0.564,2.816,0.159
199300,5.000,0.558,2.790,0.159
199500,5.000,0.559,2.790,0.159
199700,5.000,0.559,2.790,0.159
199900,5.000,0.563,2.809,0.159
200100,5.000,0.557,2.782,0.159
200300,5.000,0.557,2.782,0.159
200500,5.000,0.560,2.797,0.160
200700,5.000,0.565,2.824,0.160
200900,5.000,0.555,2.771,0.160
201100,5.000,0.558,2.786,0.160
201300,5.000,0.558,2.786,0.160
201500,5.000,0.568,2.839,0.160
201700,5.000,0.559,2.790,0.161
201900,5.000,0.558,2.790,0.161
202100,5.000,0.558,2.790,0.161
202300,5.000,0.565,2.824,0.161
202500,5.000,0.551,2.751,0.161
202700,5.000,0.561,2.801,0.161
202900,5.000,0.561,2.801,0.162
203100,5.000,0.564,2.816,0.162
203300,5.000,0.554,2.767,0.162
203500,5.000,0.554,2.767,0.162
203700,5.000,0.559,2.790,0.162
203900,5.000,0.564,2.816,0.162
204100,5.000,0.554,2.763,0.162
204300,5.000,0.554,2.763,0.163
204500,5.000,0.557,2.782,0.163
204700,5.000,0.564,2.816,0.163
204900,5.000,0.554,2.767,0.163
205100,5.000,0.565,2.824,0.163
205300,5.000,0.565,2.824,0.163
205500,5.000,0.565,2.820,0.164
205700,5.000,0.554,2.771,0.164
205900,5.000,0.554,2.771,0.164
206100,5.000,0.562,2.809,0.164
206300,5.000,0.562,2.809,0.164
206500,5.000,0.558,2.790,0.164
206700,5.000,0.558,2.790,0.165
206900,5.000,0.564,2.816,0.165
207100,5.000,0.559,2.793,0.165
207300,5.000,0.550,2.748,0.165
207500,5.000,0.550,2.748,0.165
207700,5.000,0.564,2.816,0.165
207900,5.000,0.561,2.801,0.166
208100,5.000,0.556,2.778,0.166
208300,5.000,0.566,2.824,0.166
208500,5.000,0.566,2.824,0.166
208700,5.000,0.561,2.801,0.166
208900,5.000,0.553,2.759,0.166
209100,5.000,0.553,2.759,0.167
209300,5.000,0.566,2.828,0.167
209500,5.000,0.554,2.767,0.167
209700,5.000,0.557,2.786,0.167
209900,5.000,0.557,2.786,0.167
210100,5.000,0.563,2.813,0.167
210300,5.000,0.557,2.782,0.167
210500,5.000,0.553,2.759,0.168
210700,5.000,0.553,2.759,0.168
210900,5.000,0.563,2.809,0.168
211100,5.000,0.560,2.797,0.168
211300,5.000,0.560,2.797,0.168
211500,5.000,0.565,2.820,0.168
211700,5.000,0.565,2.820,0.169
211900,5.000,0.556,2.778,0.169
212100,5.000,0.563,2.809,0.169
212300,5.000,0.563,2.809,0.169
212500,5.000,0.566,2.828,0.169
212700,5.000,0.557,2.782,0.169
212900,5.000,0.560,2.793,0.170
213100,5.000,0.560,2.793,0.170
213300,5.000,0.568,2.839,0.170
213500,5.000,0.558,2.786,0.170
213700,5.000,0.559,2.793,0.170
213900,5.000,0.559,2.793,0.170
214100,5.000,0.562,2.805,0.170
214300,5.000,0.554,2.767,0.171
214500,5.000,0.554,2.767,0.171
214700,5.000,0.560,2.793,0.171
214900,5.000,0.566,2.828,0.171
215100,5.000,0.556,2.774,0.171
215300,5.000,0.558,2.790,0.171
215500,5.000,0.558,2.790,0.172
215700,5.000,0.564,2.816,0.172
215900,5.000,0.554,2.767,0.172
216100,5.000,0.559,2.790,0.172
216300,5.000,0.559,2.790,0.172
216500,5.000,0.560,2.797,0.172
216700,5.000,0.554,2.767,0.173
216900,5.000,0.554,2.767,0.173
217100,5.000,0.559,2.793,0.173
217300,5.000,0.561,2.801,0.173
217500,5.000,0.550,2.748,0.173
217700,5.000,0.550,2.748,0.173
217900,5.000,0.559,2.793,0.174
218100,5.000,0.564,2.816,0.174
218300,5.000,0.550,2.748,0.174
218500,5.000,0.562,2.809,0.174
218700,5.000,0.562,2.809,0.174
218900,5.000,0.561,2.805,0.174
219100,5.000,0.559,2.793,0.175
219300,5.000,0.563,2.813,0.175
219500,5.000,0.563,2.813,0.175
219700,5.000,0.564,2.816,0.175
219900,5.000,0.555,2.774,0.175
220100,5.000,0.555,2.774,0.175
220300,5.000,0.567,2.832,0.175
220500,5.000,0.563,2.809,0.176
220700,5.000,0.555,2.774,0.176
220900,5.000,0.555,2.774,0.176
221100,5.000,0.561,2.801,0.176
221300,5.000,0.560,2.793,0.176
221500,5.000,0.553,2.763,0.176
221700,5.000,0.553,2.763,0.177
221900,5.000,0.563,2.813,0.177
222100,5.000,0.562,2.809,0.177
222300,5.000,0.553,2.763,0.177
222500,5.000,0.565,2.820,0.177
222700,5.000,0.565,2.820,0.177
222900,5.000,0.556,2.778,0.178
223100,5.000,0.553,2.759,0.178
223300,5.000,0.553,2.759,0.178
223500,5.000,0.561,2.801,0.178
223700,5.000,0.558,2.786,0.178
223900,5.000,0.557,2.786,0.178
224100,5.000,0.557,2.786,0.178
224300,5.000,0.563,2.809,0.179
224500,5.000,0.554,2.767,0.179
224700,5.000,0.554,2.767,0.179
224900,5.000,0.554,2.767,0.179
225100,5.000,0.565,2.824,0.179
225300,5.000,0.556,2.774,0.179
225500,5.000,0.559,2.790,0.180
225700,5.000,0.559,2.801,0.180
225900,5.000,0.561,2.801,0.180
226100,5.000,0.562,2.809,0.180
226300,5.000,0.558,2.786,0.180
226500,5.000,0.558,2.786,0.180
226700,5.000,0.571,2.855,0.181
226900,5.000,0.555,2.771,0.181
227100,5.000,0.557,2.778,0.181
227300,5.000,0.557,2.778,0.181
227500,5.000,0.567,2.832,0.181
227700,5.000,0.558,2.786,0.181
227900,5.000,0.558,2.786,0.182
228100,5.000,0.558,2.790,0.182
228300,5.000,0.566,2.824,0.182
228500,5.000,0.562,2.805,0.182
228700,5.000,0.558,2.786,0.182
228900,5.000,0.558,2.786,0.182
229100,5.000,0.566,2.828,0.183
229300,5.000,0.558,2.790,0.183
229500,5.000,0.564,2.816,0.183
229700,5.000,0.564,2.816,0.183
229900,5.000,0.560,2.797,0.183
230100,5.000,0.559,2.790,0.183
230300,5.000,0.558,2.786,0.183
230500,5.000,0.558,2.786,0.184
230700,5.000,0.565,2.820,0.184
230900,5.000,0.548,2.740,0.184
231100,5.000,0.548,2.740,0.184
231300,5.000,0.557,2.782,0.184
231500,5.000,0.570,2.843,0.184
231700,5.000,0.559,2.790,0.185
231900,5.000,0.559,2.790,0.185
232100,5.000,0.559,2.793,0.185
232300,5.000,0.564,2.816,0.185
232500,5.000,0.552,2.755,0.185
232700,5.000,0.558,2.782,0.185
232900,5.000,0.558,2.782,0.186
233100,5.000,0.567,2.832,0.186
233300,5.000,0.556,2.774,0.186
233500,5.000,0.565,2.824,0.186
233700,5.000,0.565,2.824,0.186
233900,5.000,0.566,2.828,0.186
234100,5.000,0.553,2.759,0.186
234300,5.000,0.553,2.759,0.187
234500,5.000,0.565,2.824,0.187
234700,5.000,0.563,2.813,0.187
234900,5.000,0.556,2.774,0.187
235100,5.000,0.556,2.774,0.187
235300,5.000,0.564,2.816,0.187
235500,5.000,0.565,2.824,0.188
235700,5.000,0.556,2.774,0.188
235900,5.000,0.562,2.805,0.188
236100,5.000,0.562,2.805,0.188
236300,5.000,0.561,2.801,0.188
236500,5.000,0.552,2.759,0.188
236700,5.000,0.552,2.759,0.189
236900,5.000,0.563,2.809,0.189
237100,5.000,0.562,2.805,0.189
237300,5.000,0.552,2.759,0.189
237500,5.000,0.552,2.759,0.189
237700,5.000,0.563,2.813,0.189
237900,5.000,0.558,2.786,0.190
238100,5.000,0.557,2.778,0.190
238300,5.000,0.557,2.778,0.190
238500,5.000,0.565,2.824,0.190
238700,5.000,0.556,2.774,0.190
238900,5.000,0.556,2.774,0.190
239100,5.000,0.556,2.778,0.190
239300,5.000,0.564,2.813,0.191
239500,5.000,0.558,2.790,0.191
239700,5.000,0.553,2.759,0.191
239900,5.000,0.553,2.759,0.191
240100,5.000,0.567,2.832,0.191
240300,5.000,0.560,2.797,0.191
240500,5.000,0.562,2.805,0.192
240700,5.000,0.562,2.805,0.192
240900,5.000,0.566,2.828,0.192
241100,5.000,0.557,2.782,0.192
241300,5.000,0.561,2.801,0.192
241500,5.000,0.561,2.801,0.192
241700,5.000,0.568,2.835,0.193
241900,5.000,0.555,2.771,0.193
242100,5.000,0.555,2.771,0.193
242300,5.000,0.562,2.805,0.193
242500,5.000,0.566,2.828,0.193
242700,5.000,0.559,2.793,0.193
242900,5.000,0.556,2.778,0.194
243100,5.000,0.556,2.778,0.194
243300,5.000,0.564,2.816,0.194
243500,5.000,0.554,2.767,0.194
243700,5.000,0.560,2.797,0.194
243900,5.000,0.560,2.797,0.194
244100,5.000,0.566,2.828,0.194
244300,5.000,0.555,2.774,0.195
244500,5.000,0.561,2.805,0.195
244700,5.000,0.561,2.805,0.195
244900,5.000,0.565,2.820,0.195
245100,5.000,0.556,2.774,0.195
245300,5.000,0.556,2.774,0.195
245500,5.000,0.560,2.797,0.196
245700,5.000,0.560,2.797,0.196
245900,5.000,0.556,2.774,0.196
246100,5.000,0.556,2.774,0.196
246300,5.000,0.556,2.778,0.196
246500,5.000,0.568,2.835,0.196
246700,5.000,0.552,2.759,0.197
246900,5.000,0.563,2.809,0.197
247100,5.000,0.563,2.809,0.197
247300,5.000,0.565,2.824,0.197
247500,5.000,0.559,2.793,0.197
247700,5.000,0.559,2.793,0.197
247900,5.000,0.562,2.809,0.198
248100,5.000,0.564,2.816,0.198
248300,5.000,0.556,2.778,0.198
248500,5.000,0.556,2.778,0.198
248700,5.000,0.567,2.835,0.198
248900,5.000,0.560,2.793,0.198
249100,5.000,0.558,2.786,0.198
249300,5.000,0.558,2.786,0.199
249500,5.000,0.563,2.813,0.199
249700,5.000,0.563,2.813,0.199
249900,5.000,0.549,2.744,0.199
250100,5.000,0.561,2.805,0.199
250300,5.000,0.561,2.805,0.199
250500,5.000,0.563,2.813,0.200
250700,5.000,0.557,2.782,0.200
250900,5.000,0.557,2.782,0.200
251100,5.000,0.569,2.839,0.200
251300,5.000,0.560,2.797,0.200
251500,5.000,0.559,2.790,0.200
251700,5.000,0.559,2.790,0.201
251900,5.000,0.565,2.824,0.201
252100,5.000,0.559,2.793,0.201
252300,5.000,0.557,2.782,0.201
252500,5.000,0.557,2.782,0.201
252700,5.000,0.559,2.790,0.201
252900,5.000,0.561,2.805,0.201
253100,5.000,0.561,2.805,0.202
253300,5.000,0.568,2.835,0.202
253500,5.000,0.568,2.835,0.202
253700,5.000,0.559,2.793,0.202
253900,5.000,0.558,2.786,0.202
254100,5.000,0.558,2.786,0.202
254300,5.000,0.566,2.828,0.203
254500,5.000,0.562,2.809,0.203
254700,5.000,0.557,2.782,0.203
254900,5.000,0.557,2.782,0.203
255100,5.000,0.567,2.832,0.203
255300,5.000,0.558,2.786,0.203
255500,5.000,0.563,2.809,0.204
255700,5.000,0.563,2.809,0.204
255900,5.000,0.561,2.801,0.204
256100,5.000,0.562,2.805,0.204
256300,5.000,0.562,2.805,0.204
256500,5.000,0.559,2.793,0.204
256700,5.000,0.565,2.824,0.205
256900,5.000,0.556,2.774,0.205
257100,5.000,0.557,2.782,0.205
257300,5.000,0.557,2.782,0.205
257500,5.000,0.566,2.824,0.205
257700,5.000,0.556,2.778,0.205
257900,5.000,0.561,2.801,0.206
258100,5.000,0.561,2.801,0.206
258300,5.000,0.563,2.813,0.206
258500,5.000,0.553,2.763,0.206
258700,5.000,0.553,2.763,0.206
258900,5.000,0.562,2.805,0.206
259100,5.000,0.567,2.832,0.206
259300,5.000,0.558,2.786,0.207
259500,5.000,0.558,2.786,0.207
259700,5.000,0.556,2.774,0.207
259900,5.000,0.564,2.816,0.207
260100,5.000,0.556,2.778,0.207
260300,5.000,0.559,2.790,0.207
260500,5.000,0.559,2.790,0.208
260700,5.000,0.566,2.828,0.208
260900,5.000,0.556,2.774,0.208
261100,5.000,0.565,2.824,0.208
261300,5.000,0.565,2.824,0.208
261500,5.000,0.564,2.816,0.208
261700,5.000,0.555,2.774,0.209
261900,5.000,0.555,2.774,0.209
262100,5.000,0.560,2.793,0.209
262300,5.000,0.562,2.809,0.209
262500,5.000,0.557,2.782,0.209
262700,5.000,0.557,2.782,0.209
262900,5.000,0.560,2.797,0.209
263100,5.000,0.567,2.832,0.210
263300,5.000,0.557,2.782,0.210
263500,5.000,0.557,2.782,0.210
263700,5.000,0.561,2.805,0.210
263900,5.000,0.563,2.813,0.210
264100,5.000,0.554,2.771,0.211
264300,5.000,0.564,2.816,0.211
264500,5.000,0.564,2.816,0.211
264700,5.000,0.561,2.801,0.211
264900,5.000,0.557,2.782,0.211
265100,5.000,0.557,2.782,0.211
265300,5.000,0.562,2.805,0.211
265500,5.000,0.559,2.790,0.212
265700,5.000,0.556,2.778,0.212
265900,5.000,0.556,2.778,0.212
266100,5.000,0.567,2.828,0.212
266300,5.000,0.556,2.774,0.212
266500,5.000,0.557,2.786,0.212
266700,5.000,0.557,2.786,0.213
266900,5.000,0.562,2.805,0.213
267100,5.000,0.562,2.809,0.213
267300,5.000,0.556,2.778,0.213
267500,5.000,0.567,2.832,0.213
267700,5.000,0.567,2.832,0.213
267900,5.000,0.557,2.782,0.214
268100,5.000,0.560,2.797,0.214
268300,5.000,0.560,2.797,0.214
268500,5.000,0.565,2.824,0.214
268700,5.000,0.558,2.786,0.214
268900,5.000,0.553,2.763,0.214
269100,5.000,0.553,2.763,0.214
269300,5.000,0.565,2.820,0.215
269500,5.000,0.558,2.786,0.215
269700,5.000,0.558,2.786,0.215
269900,5.000,0.556,2.774,0.215
270100,5.000,0.567,2.828,0.215
270300,5.000,0.561,2.797,0.215
270500,5.000,0.561,2.797,0.216
270700,5.000,0.556,2.774,0.216
270900,5.000,0.566,2.828,0.216
271100,5.000,0.558,2.786,0.216
271300,5.000,0.563,2.813,0.216
271500,5.000,0.563,2.813,0.216
271700,5.000,0.565,2.824,0.217
271900,5.000,0.556,2.774,0.217
272100,5.000,0.555,2.774,0.217
272300,5.000,0.555,2.774,0.217
272500,5.000,0.564,2.816,0.217
272700,5.000,0.551,2.751,0.217
272900,5.000,0.551,2.751,0.218
273100,5.000,0.563,2.813,0.218
273300,5.000,0.559,2.790,0.218
273500,5.000,0.557,2.782,0.218
273700,5.000,0.557,2.782,0.218
273900,5.000,0.557,2.782,0.218
274100,5.000,0.563,2.813,0.218
274300,5.000,0.556,2.778,0.219
274500,5.000,0.562,2.809,0.219
274700,5.000,0.562,2.809,0.219
274900,5.000,0.563,2.813,0.219
275100,5.000,0.558,2.786,0.219
275300,5.000,0.563,2.813,0.219
275500,5.000,0.563,2.813,0.220
275700,5.000,0.564,2.820,0.220
275900,5.000,0.550,2.744,0.220
276100,5.000,0.550,2.744,0.220
276300,5.000,0.563,2.809,0.220
276500,5.000,0.562,2.805,0.220
276700,5.000,0.554,2.767,0.221
276900,5.000,0.554,2.767,0.221
277100,5.000,0.563,2.813,0.221
277300,5.000,0.563,2.813,0.221
277500,5.000,0.554,2.767,0.221
277700,5.000,0.560,2.793,0.221
277900,5.000,0.560,2.793,0.222
278100,5.000,0.564,2.816,0.222
278300,5.000,0.559,2.793,0.222
278500,5.000,0.565,2.820,0.222
278700,5.000,0.565,2.820,0.222
278900,5.000,0.561,2.801,0.222
279100,5.000,0.551,2.755,0.222
279300,5.000,0.551,2.755,0.223
279500,5.000,0.564,2.816,0.223
279700,5.000,0.555,2.774,0.223
279900,5.000,0.560,2.797,0.223
280100,5.000,0.560,2.797,0.223
280300,5.000,0.557,2.782,0.223
280500,5.000,0.562,2.805,0.224
280700,5.000,0.562,2.805,0.224
280900,5.000,0.552,2.755,0.224
281100,5.000,0.564,2.816,0.224
281300,5.000,0.557,2.782,0.224
281500,5.000,0.556,2.774,0.224
281700,5.000,0.556,2.774,0.225
281900,5.000,0.563,2.816,0.225
282100,5.000,0.560,2.801,0.225
282300,5.000,0.558,2.790,0.225
282500,5.000,0.558,2.790,0.225
282700,5.000,0.565,2.824,0.225
282900,5.000,0.554,2.767,0.225
283100,5.000,0.558,2.790,0.226
283300,5.000,0.558,2.790,0.226
283500,5.000,0.567,2.832,0.226
283700,5.000,0.556,2.778,0.226
283900,5.000,0.556,2.778,0.226
284100,5.000,0.559,2.790,0.226
284300,5.000,0.564,2.816,0.227
284500,5.000,0.558,2.790,0.227
284700,5.000,0.559,2.790,0.227
284900,5.000,0.559,2.790,0.227
285100,5.000,0.573,2.862,0.227
285300,5.000,0.556,2.774,0.227
285500,5.000,0.563,2.809,0.228
285700,5.000,0.563,2.809,0.228
285900,5.000,0.563,2.813,0.228
286100,5.000,0.553,2.759,0.228
286300,5.000,0.559,2.790,0.228
286500,5.000,0.559,2.790,0.228
286700,5.000,0.562,2.809,0.229
286900,5.000,0.557,2.782,0.229
287100,5.000,0.557,2.782,0.229
287300,5.000,0.556,2.778,0.229
287500,5.000,0.569,2.843,0.229
287700,5.000,0.559,2.790,0.229
287900,5.000,0.559,2.790,0.229
288100,5.000,0.560,2.797,0.230
288300,5.000,0.564,2.816,0.230
288500,5.000,0.552,2.755,0.230
288700,5.000,0.562,2.805,0.230
288900,5.000,0.562,2.805,0.230
289100,5.000,0.567,2.832,0.230
289300,5.000,0.564,2.816,0.231
289500,5.000,0.561,2.801,0.231
289700,5.000,0.561,2.801,0.231
289900,5.000,0.562,2.805,0.231
290100,5.000,0.549,2.744,0.231
290300,5.000,0.549,2.744,0.231
290500,5.000,0.566,2.824,0.232
290700,5.000,0.558,2.790,0.232
290900,5.000,0.558,2.790,0.232
291100,5.000,0.558,2.790,0.232
291300,5.000,0.557,2.782,0.232
291500,5.000,0.563,2.813,0.232
291700,5.000,0.550,2.748,0.233
291900,5.000,0.562,2.809,0.233
292100,5.000,0.562,2.809,0.233
292300,5.000,0.562,2.809,0.233
292500,5.000,0.557,2.782,0.233
292700,5.000,0.557,2.782,0.233
292900,5.000,0.568,2.839,0.234
293100,5.000,0.562,2.805,0.234
293300,5.000,0.554,2.767,0.234
293500,5.000,0.554,2.767,0.234
293700,5.000,0.566,2.828,0.234
293900,5.000,0.562,2.809,0.234
294100,5.000,0.555,2.771,0.234
294300,5.000,0.555,2.771,0.235
294500,5.000,0.566,2.828,0.235
294700,5.000,0.563,2.809,0.235
294900,5.000,0.563,2.809,0.235
295100,5.000,0.564,2.813,0.235
295300,5.000,0.564,2.813,0.235
295500,5.000,0.560,2.797,0.236
295700,5.000,0.559,2.790,0.236
295900,5.000,0.559,2.790,0.236
296100,5.000,0.560,2.797,0.236
296300,5.000,0.559,2.790,0.236
296500,5.000,0.556,2.778,0.236
296700,5.000,0.556,2.778,0.237
296900,5.000,0.569,2.839,0.237
297100,5.000,0.554,2.767,0.237
297300,5.000,0.565,2.820,0.237
297500,5.000,0.565,2.820,0.237
297700,5.000,0.558,2.790,0.237
297900,5.000,0.562,2.809,0.237
298100,5.000,0.562,2.809,0.238
298300,5.000,0.553,2.759,0.238
298500,5.000,0.565,2.820,0.238
298700,5.000,0.554,2.767,0.238
298900,5.000,0.557,2.786,0.238
299100,5.000,0.557,2.786,0.238
299300,5.000,0.566,2.828,0.239
299500,5.000,0.558,2.786,0.239
299700,5.000,0.563,2.813,0.239
299900,5.000,0.563,2.813,0.239
300100,5.000,0.567,2.832,0.239
300300,5.000,0.553,2.763,0.239
300500,5.000,0.563,2.809,0.240
300700,5.000,0.563,2.809,0.240
300900,5.000,0.566,2.828,0.240
301100,5.000,0.557,2.782,0.240
301300,5.000,0.557,2.782,0.240
301500,5.000,0.560,2.797,0.240
301700,5.000,0.567,2.828,0.241
301900,5.000,0.557,2.782,0.241
302100,5.000,0.558,2.790,0.241
302300,5.000,0.558,2.790,0.241
302500,5.000,0.567,2.832,0.241
302700,5.000,0.557,2.782,0.241
302900,5.000,0.563,2.813,0.242
303100,5.000,0.563,2.813,0.242
303300,5.000,0.564,2.820,0.242
303500,5.000,0.553,2.759,0.242
303700,5.000,0.553,2.759,0.242
303900,5.000,0.563,2.813,0.242
304100,5.000,0.561,2.801,0.242
304300,5.000,0.559,2.793,0.243
304500,5.000,0.559,2.793,0.243
304700,5.000,0.559,2.790,0.243
304900,5.000,0.566,2.828,0.243
305100,5.000,0.550,2.748,0.243
305300,5.000,0.550,2.748,0.243
305500,5.000,0.562,2.809,0.244
305700,5.000,0.559,2.793,0.244
305900,5.000,0.554,2.771,0.244
306100,5.000,0.564,2.820,0.244
306300,5.000,0.564,2.820,0.244
306500,5.000,0.564,2.816,0.244
306700,5.000,0.558,2.790,0.245
306900,5.000,0.558,2.790,0.245
307100,5.000,0.566,2.824,0.245
307300,5.000,0.558,2.790,0.245
307500,5.000,0.559,2.793,0.245
307700,5.000,0.559,2.793,0.245
307900,5.000,0.567,2.832,0.245
308100,5.000,0.560,2.797,0.246
308300,5.000,0.555,2.774,0.246
308500,5.000,0.555,2.774,0.246
308700,5.000,0.566,2.824,0.246
308900,5.000,0.563,2.809,0.246
309100,5.000,0.553,2.759,0.246
309300,5.000,0.566,2.828,0.247
