300,5.000,0.383,1.916,0.000
500,5.000,0.375,1.874,0.000
700,5.000,0.370,1.851,0.000
900,5.000,0.369,1.847,0.000
1100,5.000,0.369,1.847,0.000
1300,5.000,0.370,1.851,0.000
1500,5.000,0.369,1.847,0.000
1700,5.000,0.369,1.847,0.000
1900,5.000,0.369,1.847,0.000
2100,5.000,0.370,1.847,0.001
2300,5.000,0.370,1.851,0.001
2500,5.000,0.370,1.851,0.001
2700,5.000,0.370,1.851,0.001
2900,5.000,0.370,1.851,0.001
3100,5.000,0.370,1.851,0.001
3300,5.000,0.369,1.847,0.001
3500,5.000,0.370,1.854,0.001
3700,5.000,0.370,1.851,0.001
3900,5.000,0.369,1.847,0.002
4100,5.000,0.369,1.847,0.002
4300,5.000,0.369,1.847,0.002
4500,5.000,0.370,1.851,0.002
4700,5.000,0.370,1.851,0.002
4900,5.000,0.370,1.851,0.002
5100,5.000,0.370,1.851,0.002
5300,5.000,0.369,1.847,0.002
5500,5.000,0.370,1.851,0.002
5700,5.000,0.370,1.851,0.002
5900,5.000,0.370,1.851,0.003
6100,5.000,0.369,1.847,0.003
6300,5.000,0.369,1.847,0.003
6500,5.000,0.370,1.851,0.003
6700,5.000,0.369,1.847,0.003
6900,5.000,0.370,1.851,0.003
7100,5.000,0.370,1.851,0.003
7300,5.000,0.369,1.847,0.003
7500,5.000,0.369,1.851,0.003
7700,5.000,0.370,1.851,0.004
7900,5.000,0.370,1.851,0.004
8100,5.000,0.370,1.851,0.004
8300,5.000,0.371,1.854,0.004
8500,5.000,0.370,1.851,0.004
8700,5.000,0.369,1.847,0.004
8900,5.000,0.369,1.847,0.004
9100,5.000,0.370,1.851,0.004
9300,5.000,0.370,1.851,0.004
9500,5.000,0.370,1.851,0.004
9700,5.000,0.369,1.847,0.005
9900,5.000,0.371,1.858,0.005
10100,5.000,0.369,1.847,0.005
10300,5.000,0.369,1.847,0.005
10500,5.000,0.370,1.851,0.005
10700,5.000,0.370,1.851,0.005
10900,5.000,0.369,1.847,0.005
11100,5.000,0.369,1.847,0.005
11300,5.000,0.369,1.847,0.005
11500,5.000,0.370,1.851,0.006
11700,5.000,0.369,1.847,0.006
11900,5.000,0.369,1.847,0.006
12100,5.000,0.369,1.847,0.006
12300,5.000,0.370,1.847,0.006
12500,5.000,0.370,1.851,0.006
12700,5.000,0.370,1.851,0.006
12900,5.000,0.370,1.851,0.006
13100,5.000,0.370,1.851,0.006
13300,5.000,0.370,1.851,0.006
13500,5.000,0.370,1.851,0.007
13700,5.000,0.369,1.847,0.007
13900,5.000,0.369,1.847,0.007
14100,5.000,0.369,1.847,0.007
14300,5.000,0.369,1.847,0.007
14500,5.000,0.369,1.847,0.007
14700,5.000,0.369,1.847,0.007
14900,5.000,0.372,1.858,0.007
15100,5.000,0.372,1.858,0.007
15300,5.000,0.370,1.854,0.008
15500,5.000,0.370,1.851,0.008
15700,5.000,0.369,1.847,0.008
15900,5.000,0.369,1.847,0.008
16100,5.000,0.370,1.851,0.008
16300,5.000,0.370,1.851,0.008
16500,5.000,0.369,1.847,0.008
16700,5.000,0.369,1.847,0.008
16900,5.000,0.370,1.851,0.008
17100,5.000,0.370,1.851,0.008
17300,5.000,0.370,1.851,0.009
17500,5.000,0.369,1.847,0.009
17700,5.000,0.369,1.847,0.009
17900,5.000,0.369,1.847,0.009
18100,5.000,0.369,1.847,0.009
18300,5.000,0.369,1.847,0.009
18500,5.000,0.370,1.851,0.009
18700,5.000,0.370,1.847,0.009
18900,5.000,0.370,1.851,0.009
19100,5.000,0.370,1.851,0.010
19300,5.000,0.370,1.847,0.010
19500,5.000,0.369,1.847,0.010
19700,5.000,0.370,1.851,0.010
19900,5.000,0.370,1.851,0.010
20100,5.000,0.372,1.858,0.010
20300,5.000,0.370,1.851,0.010
20500,5.000,0.370,1.851,0.010
20700,5.000,0.370,1.851,0.010
20900,5.000,0.369,1.847,0.010
21100,5.000,0.370,1.851,0.011
21300,5.000,0.370,1.851,0.011
21500,5.000,0.370,1.851,0.011
21700,5.000,0.369,1.847,0.011
21900,5.000,0.371,1.854,0.011
22100,5.000,0.370,1.851,0.011
22300,5.000,0.370,1.851,0.011
22500,5.000,0.370,1.851,0.011
22700,5.000,0.370,1.851,0.011
22900,5.000,0.370,1.851,0.012
23100,5.000,0.370,1.851,0.012
23300,5.000,0.370,1.851,0.012
23500,5.000,0.370,1.851,0.012
23700,5.000,0.370,1.851,0.012
23900,5.000,0.370,1.847,0.012
24100,5.000,0.370,1.851,0.012
24300,5.000,0.370,1.851,0.012
24500,5.000,0.370,1.851,0.012
24700,5.000,0.370,1.847,0.013
24900,5.000,0.370,1.854,0.013
25100,5.000,0.370,1.847,0.013
25300,5.000,0.370,1.851,0.013
25500,5.000,0.370,1.851,0.013
25700,5.000,0.369,1.851,0.013
25900,5.000,0.370,1.847,0.013
26100,5.000,0.370,1.847,0.013
26300,5.000,0.370,1.851,0.013
26500,5.000,0.369,1.847,0.013
26700,5.000,0.371,1.854,0.014
26900,5.000,0.371,1.854,0.014
27100,5.000,0.370,1.851,0.014
27300,5.000,0.369,1.847,0.014
27500,5.000,0.370,1.847,0.014
27700,5.000,0.370,1.847,0.014
27900,5.000,0.370,1.851,0.014
28100,5.000,0.370,1.851,0.014
28300,5.000,0.370,1.851,0.014
28500,5.000,0.369,1.847,0.015
28700,5.000,0.369,1.847,0.015
28900,5.000,0.370,1.851,0.015
29100,5.000,0.370,1.851,0.015
29300,5.000,0.370,1.851,0.015
29500,5.000,0.369,1.847,0.015
29700,5.000,0.370,1.851,0.015
29900,5.000,0.370,1.851,0.015
30100,5.000,0.370,1.851,0.015
30300,5.000,0.370,1.851,0.015
30500,5.000,0.370,1.851,0.016
30700,5.000,0.370,1.851,0.016
30900,5.000,0.370,1.851,0.016
31100,5.000,0.370,1.851,0.016
31300,5.000,0.369,1.847,0.016
31500,5.000,0.369,1.847,0.016
31700,5.000,0.369,1.847,0.016
31900,5.000,0.369,1.847,0.016
32100,5.000,0.369,1.847,0.016
32300,5.000,0.370,1.851,0.017
32500,5.000,0.370,1.851,0.017
32700,5.000,0.370,1.851,0.017
32900,5.000,0.370,1.851,0.017
33100,5.000,0.370,1.847,0.017
33300,5.000,0.370,1.847,0.017
33500,5.000,0.369,1.847,0.017
33700,5.000,0.369,1.847,0.017
33900,5.000,0.370,1.851,0.017
34100,5.000,0.370,1.851,0.017
34300,5.000,0.369,1.847,0.018
34500,5.000,0.370,1.851,0.018
34700,5.000,0.370,1.851,0.018
34900,5.000,0.371,1.858,0.018
35100,5.000,0.370,1.847,0.018
35300,5.000,0.370,1.847,0.018
35500,5.000,0.369,1.843,0.018
35700,5.000,0.369,1.843,0.018
35900,5.000,0.370,1.851,0.018
36100,5.000,0.369,1.847,0.019
36300,5.000,0.370,1.851,0.019
36500,5.000,0.370,1.851,0.019
36700,5.000,0.369,1.847,0.019
36900,5.000,0.370,1.851,0.019
37100,5.000,0.370,1.851,0.019
37300,5.000,0.369,1.847,0.019
37500,5.000,0.370,1.851,0.019
37700,5.000,0.369,1.847,0.019
37900,5.000,0.369,1.847,0.019
38100,5.000,0.370,1.851,0.020
38300,5.000,0.370,1.851,0.020
38500,5.000,0.369,1.847,0.020
38700,5.000,0.370,1.847,0.020
38900,5.000,0.370,1.847,0.020
39100,5.000,0.369,1.847,0.020
39300,5.000,0.370,1.851,0.020
39500,5.000,0.370,1.851,0.020
39700,5.000,0.370,1.851,0.020
39900,5.000,0.370,1.851,0.021
40100,5.000,0.369,1.847,0.021
40300,5.000,0.369,1.847,0.021
40500,5.000,0.370,1.851,0.021
40700,5.000,0.370,1.854,0.021
40900,5.000,0.370,1.851,0.021
41100,5.000,0.370,1.851,0.021
41300,5.000,0.370,1.847,0.021
41500,5.000,0.370,1.851,0.021
41700,5.000,0.393,1.965,0.021
41900,5.000,0.393,1.965,0.022
42100,5.000,0.370,1.851,0.022
42300,5.000,0.370,1.851,0.022
42500,5.000,0.370,1.854,0.022
42700,5.000,0.370,1.851,0.022
42900,5.000,0.370,1.851,0.022
43100,5.000,0.370,1.854,0.022
43300,5.000,0.370,1.851,0.022
43500,5.000,0.370,1.851,0.022
43700,5.000,0.370,1.851,0.023
43900,5.000,0.370,1.851,0.023
44100,5.000,0.370,1.847,0.023
44300,5.000,0.370,1.847,0.023
44500,5.000,0.370,1.851,0.023
44700,5.000,0.371,1.858,0.023
44900,5.000,0.370,1.851,0.023
45100,5.000,0.370,1.851,0.023
45300,5.000,0.370,1.851,0.023
45500,5.000,0.370,1.854,0.023
45700,5.000,0.370,1.851,0.024
45900,5.000,0.370,1.851,0.024
46100,5.000,0.370,1.851,0.024
46300,5.000,0.370,1.851,0.024
46500,5.000,0.370,1.854,0.024
46700,5.000,0.370,1.854,0.024
46900,5.000,0.370,1.851,0.024
47100,5.000,0.370,1.851,0.024
47300,5.000,0.370,1.851,0.024
47500,5.000,0.370,1.851,0.025
47700,5.000,0.370,1.851,0.025
47900,5.000,0.370,1.851,0.025
48100,5.000,0.370,1.851,0.025
48300,5.000,0.370,1.851,0.025
48500,5.000,0.369,1.847,0.025
48700,5.000,0.370,1.851,0.025
48900,5.000,0.370,1.851,0.025
49100,5.000,0.370,1.851,0.025
49300,5.000,0.369,1.847,0.026
49500,5.000,0.370,1.851,0.026
49700,5.000,0.372,1.858,0.026
49900,5.000,0.372,1.858,0.026
50100,5.000,0.370,1.851,0.026
50300,5.000,0.370,1.851,0.026
50500,5.000,0.369,1.847,0.026
50700,5.000,0.369,1.847,0.026
50900,5.000,0.370,1.851,0.026
51100,5.000,0.370,1.851,0.026
51300,5.000,0.370,1.851,0.027
51500,5.000,0.370,1.851,0.027
51700,5.000,0.370,1.851,0.027
51900,5.000,0.370,1.851,0.027
52100,5.000,0.370,1.851,0.027
52300,5.000,0.370,1.851,0.027
52500,5.000,0.370,1.851,0.027
52700,5.000,0.369,1.847,0.027
52900,5.000,0.370,1.854,0.027
53100,5.000,0.370,1.854,0.028
53300,5.000,0.370,1.847,0.028
53500,5.000,0.370,1.851,0.028
53700,5.000,0.370,1.851,0.028
53900,5.000,0.370,1.851,0.028
54100,5.000,0.370,1.851,0.028
54300,5.000,0.370,1.851,0.028
54500,5.000,0.370,1.851,0.028
54700,5.000,0.370,1.851,0.028
54900,5.000,0.371,1.854,0.028
55100,5.000,0.370,1.851,0.029
55300,5.000,0.370,1.851,0.029
55500,5.000,0.370,1.851,0.029
55700,5.000,0.369,1.847,0.029
55900,5.000,0.370,1.851,0.029
56100,5.000,0.370,1.851,0.029
56300,5.000,0.369,1.847,0.029
56500,5.000,0.370,1.847,0.029
56700,5.000,0.370,1.851,0.029
56900,5.000,0.370,1.851,0.030
57100,5.000,0.370,1.851,0.030
57300,5.000,0.370,1.851,0.030
57500,5.000,0.369,1.847,0.030
57700,5.000,0.369,1.847,0.030
57900,5.000,0.370,1.851,0.030
58100,5.000,0.370,1.851,0.030
58300,5.000,0.370,1.851,0.030
58500,5.000,0.370,1.851,0.030
58700,5.000,0.369,1.847,0.030
58900,5.000,0.370,1.851,0.031
59100,5.000,0.370,1.851,0.031
59300,5.000,0.370,1.851,0.031
59500,5.000,0.370,1.851,0.031
59700,5.000,0.372,1.858,0.031
59900,5.000,0.370,1.851,0.031
60100,5.000,0.370,1.851,0.031
60300,5.000,0.370,1.854,0.031
60500,5.000,0.370,1.851,0.031
60700,5.000,0.370,1.851,0.032
60900,5.000,0.370,1.851,0.032
61100,5.000,0.370,1.851,0.032
61300,5.000,0.369,1.847,0.032
61500,5.000,0.370,1.851,0.032
61700,5.000,0.370,1.851,0.032
61900,5.000,0.370,1.851,0.032
62100,5.000,0.370,1.847,0.032
62300,5.000,0.370,1.847,0.032
62500,5.000,0.370,1.851,0.032
62700,5.000,0.370,1.851,0.033
62900,5.000,0.370,1.851,0.033
63100,5.000,0.370,1.851,0.033
63300,5.000,0.370,1.847,0.033
63500,5.000,0.370,1.851,0.033
63700,5.000,0.370,1.851,0.033
63900,5.000,0.370,1.851,0.033
64100,5.000,0.370,1.851,0.033
64300,5.000,0.369,1.847,0.033
64500,5.000,0.371,1.854,0.034
64700,5.000,0.370,1.851,0.034
64900,5.000,0.370,1.851,0.034
65100,5.000,0.370,1.851,0.034
65300,5.000,0.370,1.851,0.034
65500,5.000,0.370,1.851,0.034
65700,5.000,0.370,1.851,0.034
65900,5.000,0.370,1.851,0.034
66100,5.000,0.369,1.847,0.034
66300,5.000,0.369,1.847,0.034
66500,5.000,0.370,1.851,0.035
66700,5.000,0.370,1.851,0.035
66900,5.000,0.369,1.847,0.035
67100,5.000,0.370,1.851,0.035
67300,5.000,0.370,1.851,0.035
67500,5.000,0.370,1.851,0.035
67700,5.000,0.369,1.847,0.035
67900,5.000,0.370,1.851,0.035
68100,5.000,0.370,1.851,0.035
68300,5.000,0.370,1.847,0.036
68500,5.000,0.370,1.851,0.036
68700,5.000,0.370,1.851,0.036
68900,5.000,0.370,1.851,0.036
69100,5.000,0.369,1.847,0.036
69300,5.000,0.370,1.851,0.036
69500,5.000,0.370,1.851,0.036
69700,5.000,0.370,1.854,0.036
69900,5.000,0.369,1.847,0.036
70100,5.000,0.369,1.847,0.036
70300,5.000,0.370,1.851,0.037
70500,5.000,0.370,1.851,0.037
70700,5.000,0.370,1.851,0.037
70900,5.000,0.370,1.851,0.037
71100,5.000,0.370,1.851,0.037
71300,5.000,0.369,1.847,0.037
71500,5.000,0.370,1.851,0.037
71700,5.000,0.369,1.847,0.037
71900,5.000,0.369,1.847,0.037
72100,5.000,0.370,1.847,0.038
72300,5.000,0.370,1.851,0.038
72500,5.000,0.370,1.851,0.038
72700,5.000,0.370,1.851,0.038
72900,5.000,0.370,1.851,0.038
73100,5.000,0.370,1.847,0.038
73300,5.000,0.370,1.847,0.038
73500,5.000,0.369,1.843,0.038
73700,5.000,0.369,1.847,0.038
73900,5.000,0.369,1.847,0.039
74100,5.000,0.369,1.847,0.039
74300,5.000,0.369,1.847,0.039
74500,5.000,0.372,1.858,0.039
74700,5.000,0.369,1.847,0.039
74900,5.000,0.370,1.851,0.039
75100,5.000,0.370,1.851,0.039
75300,5.000,0.369,1.847,0.039
75500,5.000,0.370,1.851,0.039
75700,5.000,0.370,1.851,0.039
75900,5.000,0.370,1.851,0.040
76100,5.000,0.369,1.847,0.040
76300,5.000,0.370,1.851,0.040
76500,5.000,0.370,1.851,0.040
76700,5.000,0.370,1.851,0.040
76900,5.000,0.369,1.843,0.040
77100,5.000,0.370,1.847,0.040
77300,5.000,0.370,1.847,0.040
77500,5.000,0.370,1.847,0.040
77700,5.000,0.369,1.847,0.041
77900,5.000,0.370,1.851,0.041
78100,5.000,0.370,1.851,0.041
78300,5.000,0.370,1.851,0.041
78500,5.000,0.370,1.851,0.041
78700,5.000,0.369,1.847,0.041
78900,5.000,0.369,1.847,0.041
79100,5.000,0.369,1.847,0.041
79300,5.000,0.370,1.854,0.041
79500,5.000,0.370,1.854,0.041
79700,5.000,0.370,1.854,0.042
79900,5.000,0.370,1.851,0.042
80100,5.000,0.370,1.851,0.042
80300,5.000,0.370,1.847,0.042
80500,5.000,0.370,1.847,0.042
80700,5.000,0.369,1.847,0.042
80900,5.000,0.369,1.847,0.042
81100,5.000,0.369,1.847,0.042
81300,5.000,0.369,1.847,0.042
81500,5.000,0.369,1.847,0.043
81700,5.000,0.369,1.847,0.043
81900,5.000,0.369,1.847,0.043
82100,5.000,0.369,1.847,0.043
82300,5.000,0.370,1.851,0.043
82500,5.000,0.369,1.847,0.043
82700,5.000,0.370,1.851,0.043
82900,5.000,0.370,1.851,0.043
83100,5.000,0.370,1.847,0.043
83300,5.000,0.369,1.847,0.043
83500,5.000,0.370,1.851,0.044
83700,5.000,0.370,1.851,0.044
83900,5.000,0.369,1.843,0.044
84100,5.000,0.370,1.847,0.044
84300,5.000,0.370,1.851,0.044
84500,5.000,0.369,1.847,0.044
84700,5.000,0.369,1.847,0.044
84900,5.000,0.370,1.851,0.044
85100,5.000,0.370,1.851,0.044
85300,5.000,0.370,1.851,0.045
85500,5.000,0.369,1.843,0.045
85700,5.000,0.369,1.847,0.045
85900,5.000,0.369,1.847,0.045
86100,5.000,0.369,1.847,0.045
86300,5.000,0.370,1.851,0.045
86500,5.000,0.370,1.851,0.045
86700,5.000,0.369,1.847,0.045
86900,5.000,0.369,1.847,0.045
87100,5.000,0.370,1.851,0.045
87300,5.000,0.369,1.847,0.046
87500,5.000,0.369,1.847,0.046
87700,5.000,0.369,1.847,0.046
87900,5.000,0.369,1.847,0.046
88100,5.000,0.369,1.847,0.046
88300,5.000,0.370,1.847,0.046
88500,5.000,0.370,1.847,0.046
88700,5.000,0.370,1.851,0.046
88900,5.000,0.370,1.847,0.046
89100,5.000,0.369,1.847,0.047
89300,5.000,0.369,1.847,0.047
89500,5.000,0.370,1.851,0.047
89700,5.000,0.368,1.843,0.047
89900,5.000,0.370,1.851,0.047
90100,5.000,0.370,1.851,0.047
90300,5.000,0.369,1.847,0.047
90500,5.000,0.369,1.847,0.047
90700,5.000,0.369,1.847,0.047
90900,5.000,0.369,1.847,0.047
91100,5.000,0.368,1.843,0.048
91300,5.000,0.369,1.847,0.048
91500,5.000,0.369,1.847,0.048
91700,5.000,0.369,1.847,0.048
91900,5.000,0.370,1.851,0.048
92100,5.000,0.369,1.847,0.048
92300,5.000,0.369,1.847,0.048
92500,5.000,0.369,1.847,0.048
92700,5.000,0.368,1.843,0.048
92900,5.000,0.370,1.851,0.049
93100,5.000,0.370,1.851,0.049
93300,5.000,0.369,1.847,0.049
93500,5.000,0.369,1.847,0.049
93700,5.000,0.369,1.847,0.049
93900,5.000,0.369,1.847,0.049
94100,5.000,0.370,1.851,0.049
94300,5.000,0.370,1.851,0.049
94500,5.000,0.368,1.843,0.049
94700,5.000,0.369,1.847,0.050
94900,5.000,0.369,1.847,0.050
95100,5.000,0.369,1.847,0.050
95300,5.000,0.369,1.847,0.050
95500,5.000,0.369,1.847,0.050
95700,5.000,0.369,1.847,0.050
95900,5.000,0.369,1.847,0.050
96100,5.000,0.369,1.847,0.050
96300,5.000,0.369,1.847,0.050
96500,5.000,0.370,1.847,0.050
96700,5.000,0.369,1.847,0.051
96900,5.000,0.369,1.847,0.051
97100,5.000,0.369,1.847,0.051
97300,5.000,0.369,1.843,0.051
97500,5.000,0.369,1.843,0.051
97700,5.000,0.370,1.851,0.051
97900,5.000,0.370,1.851,0.051
98100,5.000,0.369,1.843,0.051
98300,5.000,0.369,1.847,0.051
98500,5.000,0.370,1.847,0.052
98700,5.000,0.370,1.851,0.052
98900,5.000,0.370,1.851,0.052
99100,5.000,0.370,1.851,0.052
99300,5.000,0.370,1.851,0.052
99500,5.000,0.370,1.851,0.052
99700,5.000,0.369,1.847,0.052
99900,5.000,0.369,1.847,0.052
100100,5.000,0.394,1.969,0.052
100300,5.000,0.394,1.969,0.052
100500,5.000,0.369,1.847,0.053
100700,5.000,0.370,1.847,0.053
100900,5.000,0.370,1.847,0.053
101100,5.000,0.370,1.847,0.053
101300,5.000,0.369,1.847,0.053
101500,5.000,0.369,1.847,0.053
101700,5.000,0.369,1.847,0.053
101900,5.000,0.369,1.847,0.053
102100,5.000,0.370,1.851,0.053
102300,5.000,0.369,1.847,0.054
102500,5.000,0.370,1.851,0.054
102700,5.000,0.370,1.851,0.054
102900,5.000,0.369,1.847,0.054
103100,5.000,0.368,1.843,0.054
103300,5.000,0.369,1.847,0.054
103500,5.000,0.369,1.847,0.054
103700,5.000,0.370,1.851,0.054
103900,5.000,0.369,1.847,0.054
104100,5.000,0.369,1.847,0.054
104300,5.000,0.370,1.851,0.055
104500,5.000,0.370,1.851,0.055
104700,5.000,0.369,1.847,0.055
104900,5.000,0.369,1.847,0.055
105100,5.000,0.369,1.847,0.055
105300,5.000,0.369,1.843,0.055
105500,5.000,0.369,1.847,0.055
105700,5.000,0.369,1.847,0.055
105900,5.000,0.369,1.847,0.055
106100,5.000,0.369,1.847,0.056
106300,5.000,0.369,1.847,0.056
106500,5.000,0.369,1.847,0.056
106700,5.000,0.369,1.847,0.056
106900,5.000,0.369,1.847,0.056
107100,5.000,0.369,1.847,0.056
107300,5.000,0.369,1.847,0.056
107500,5.000,0.369,1.847,0.056
107700,5.000,0.369,1.847,0.056
107900,5.000,0.369,1.847,0.056
108100,5.000,0.369,1.847,0.057
108300,5.000,0.368,1.843,0.057
108500,5.000,0.370,1.851,0.057
108700,5.000,0.368,1.843,0.057
108900,5.000,0.369,1.843,0.057
109100,5.000,0.369,1.843,0.057
109300,5.000,0.370,1.851,0.057
109500,5.000,0.370,1.851,0.057
109700,5.000,0.369,1.847,0.057
109900,5.000,0.369,1.847,0.058
110100,5.000,0.368,1.843,0.058
110300,5.000,0.369,1.847,0.058
110500,5.000,0.369,1.847,0.058
110700,5.000,0.369,1.847,0.058
110900,5.000,0.369,1.847,0.058
111100,5.000,0.369,1.847,0.058
111300,5.000,0.369,1.847,0.058
111500,5.000,0.370,1.851,0.058
111700,5.000,0.369,1.847,0.058
111900,5.000,0.370,1.847,0.059
112100,5.000,0.370,1.847,0.059
112300,5.000,0.369,1.847,0.059
112500,5.000,0.369,1.847,0.059
112700,5.000,0.370,1.851,0.059
112900,5.000,0.370,1.851,0.059
113100,5.000,0.369,1.847,0.059
113300,5.000,0.370,1.851,0.059
113500,5.000,0.369,1.847,0.059
113700,5.000,0.369,1.847,0.060
113900,5.000,0.369,1.843,0.060
114100,5.000,0.370,1.847,0.060
114300,5.000,0.370,1.851,0.060
114500,5.000,0.370,1.851,0.060
114700,5.000,0.369,1.847,0.060
114900,5.000,0.370,1.851,0.060
115100,5.000,0.370,1.851,0.060
115300,5.000,0.370,1.851,0.060
115500,5.000,0.370,1.851,0.060
115700,5.000,0.369,1.847,0.061
115900,5.000,0.369,1.847,0.061
116100,5.000,0.369,1.847,0.061
116300,5.000,0.369,1.847,0.061
116500,5.000,0.369,1.847,0.061
116700,5.000,0.369,1.847,0.061
116900,5.000,0.369,1.847,0.061
117100,5.000,0.369,1.847,0.061
117300,5.000,0.369,1.847,0.061
117500,5.000,0.378,1.889,0.062
117700,5.000,0.378,1.889,0.062
117900,5.000,0.369,1.847,0.062
118100,5.000,0.369,1.847,0.062
118300,5.000,0.369,1.847,0.062
118500,5.000,0.370,1.847,0.062
118700,5.000,0.369,1.847,0.062
118900,5.000,0.369,1.847,0.062
119100,5.000,0.369,1.847,0.062
119300,5.000,0.370,1.851,0.063
119500,5.000,0.369,1.847,0.063
119700,5.000,0.369,1.847,0.063
119900,5.000,0.369,1.847,0.063
120100,5.000,0.369,1.847,0.063
120300,5.000,0.368,1.843,0.063
120500,5.000,0.369,1.847,0.063
120700,5.000,0.369,1.847,0.063
120900,5.000,0.369,1.847,0.063
121100,5.000,0.370,1.847,0.063
121300,5.000,0.369,1.847,0.064
121500,5.000,0.369,1.847,0.064
121700,5.000,0.369,1.843,0.064
121900,5.000,0.370,1.851,0.064
122100,5.000,0.369,1.847,0.064
122300,5.000,0.369,1.847,0.064
122500,5.000,0.369,1.847,0.064
122700,5.000,0.369,1.847,0.064
122900,5.000,0.370,1.847,0.064
123100,5.000,0.369,1.847,0.065
123300,5.000,0.369,1.847,0.065
123500,5.000,0.370,1.851,0.065
123700,5.000,0.369,1.843,0.065
123900,5.000,0.369,1.851,0.065
124100,5.000,0.370,1.851,0.065
124300,5.000,0.370,1.847,0.065
124500,5.000,0.369,1.847,0.065
124700,5.000,0.369,1.847,0.065
124900,5.000,0.369,1.847,0.065
125100,5.000,0.369,1.847,0.066
125300,5.000,0.369,1.847,0.066
125500,5.000,0.369,1.847,0.066
125700,5.000,0.369,1.847,0.066
125900,5.000,0.369,1.847,0.066
126100,5.000,0.369,1.847,0.066
126300,5.000,0.370,1.847,0.066
126500,5.000,0.370,1.847,0.066
126700,5.000,0.369,1.847,0.066
126900,5.000,0.370,1.854,0.067
127100,5.000,0.370,1.854,0.067
127300,5.000,0.369,1.847,0.067
127500,5.000,0.370,1.847,0.067
127700,5.000,0.369,1.847,0.067
127900,5.000,0.369,1.847,0.067
128100,5.000,0.369,1.847,0.067
128300,5.000,0.370,1.847,0.067
128500,5.000,0.369,1.843,0.067
128700,5.000,0.369,1.843,0.067
128900,5.000,0.370,1.851,0.068
129100,5.000,0.370,1.854,0.068
129300,5.000,0.370,1.854,0.068
129500,5.000,0.369,1.847,0.068
129700,5.000,0.369,1.847,0.068
129900,5.000,0.370,1.851,0.068
130100,5.000,0.369,1.847,0.068
130300,5.000,0.369,1.847,0.068
130500,5.000,0.370,1.851,0.068
130700,5.000,0.370,1.847,0.069
130900,5.000,0.369,1.847,0.069
131100,5.000,0.369,1.847,0.069
131300,5.000,0.369,1.847,0.069
131500,5.000,0.369,1.847,0.069
131700,5.000,0.370,1.851,0.069
131900,5.000,0.370,1.851,0.069
132100,5.000,0.370,1.847,0.069
132300,5.000,0.369,1.847,0.069
132500,5.000,0.369,1.847,0.069
132700,5.000,0.369,1.847,0.070
132900,5.000,0.369,1.847,0.070
133100,5.000,0.369,1.847,0.070
133300,5.000,0.369,1.847,0.070
133500,5.000,0.369,1.847,0.070
133700,5.000,0.369,1.847,0.070
133900,5.000,0.370,1.851,0.070
134100,5.000,0.370,1.847,0.070
134300,5.000,0.370,1.847,0.070
134500,5.000,0.369,1.847,0.071
134700,5.000,0.369,1.847,0.071
134900,5.000,0.369,1.851,0.071
135100,5.000,0.370,1.851,0.071
135300,5.000,0.370,1.851,0.071
135500,5.000,0.369,1.847,0.071
135700,5.000,0.369,1.847,0.071
135900,5.000,0.369,1.847,0.071
136100,5.000,0.370,1.847,0.071
136300,5.000,0.368,1.843,0.071
136500,5.000,0.368,1.843,0.072
136700,5.000,0.369,1.847,0.072
136900,5.000,0.369,1.851,0.072
137100,5.000,0.369,1.843,0.072
137300,5.000,0.370,1.851,0.072
137500,5.000,0.370,1.851,0.072
137700,5.000,0.370,1.851,0.072
137900,5.000,0.369,1.847,0.072
138100,5.000,0.369,1.847,0.072
138300,5.000,0.369,1.847,0.073
138500,5.000,0.370,1.851,0.073
138700,5.000,0.370,1.851,0.073
138900,5.000,0.370,1.851,0.073
139100,5.000,0.369,1.847,0.073
139300,5.000,0.369,1.847,0.073
139500,5.000,0.369,1.847,0.073
139700,5.000,0.369,1.847,0.073
139900,5.000,0.370,1.851,0.073
140100,5.000,0.369,1.851,0.073
140300,5.000,0.369,1.847,0.074
140500,5.000,0.370,1.851,0.074
140700,5.000,0.370,1.851,0.074
140900,5.000,0.370,1.847,0.074
141100,5.000,0.369,1.847,0.074
141300,5.000,0.369,1.847,0.074
141500,5.000,0.369,1.847,0.074
141700,5.000,0.369,1.847,0.074
141900,5.000,0.369,1.847,0.074
142100,5.000,0.369,1.847,0.075
142300,5.000,0.369,1.847,0.075
142500,5.000,0.369,1.847,0.075
142700,5.000,0.369,1.847,0.075
142900,5.000,0.369,1.847,0.075
143100,5.000,0.370,1.847,0.075
143300,5.000,0.369,1.847,0.075
143500,5.000,0.369,1.847,0.075
143700,5.000,0.370,1.851,0.075
143900,5.000,0.370,1.851,0.076
144100,5.000,0.370,1.847,0.076
144300,5.000,0.370,1.851,0.076
144500,5.000,0.370,1.851,0.076
144700,5.000,0.370,1.851,0.076
144900,5.000,0.369,1.847,0.076
145100,5.000,0.369,1.847,0.076
145300,5.000,0.369,1.847,0.076
145500,5.000,0.370,1.854,0.076
145700,5.000,0.370,1.851,0.076
145900,5.000,0.370,1.851,0.077
146100,5.000,0.370,1.851,0.077
146300,5.000,0.370,1.851,0.077
146500,5.000,0.370,1.851,0.077
146700,5.000,0.370,1.851,0.077
146900,5.000,0.379,1.896,0.077
147100,5.000,0.369,1.847,0.077
147300,5.000,0.370,1.851,0.077
147500,5.000,0.370,1.851,0.077
147700,5.000,0.370,1.851,0.078
147900,5.000,0.370,1.851,0.078
148100,5.000,0.370,1.851,0.078
148300,5.000,0.369,1.851,0.078
148500,5.000,0.369,1.851,0.078
148700,5.000,0.370,1.851,0.078
148900,5.000,0.371,1.854,0.078
149100,5.000,0.371,1.854,0.078
149300,5.000,0.370,1.847,0.078
149500,5.000,0.370,1.851,0.078
149700,5.000,0.370,1.851,0.079
149900,5.000,0.370,1.851,0.079
150100,5.000,0.370,1.851,0.079
150300,5.000,0.370,1.851,0.079
150500,5.000,0.369,1.847,0.079
150700,5.000,0.370,1.851,0.079
150900,5.000,0.370,1.851,0.079
151100,5.000,0.370,1.851,0.079
151300,5.000,0.370,1.851,0.079
151500,5.000,0.370,1.851,0.080
151700,5.000,0.370,1.851,0.080
151900,5.000,0.369,1.847,0.080
152100,5.000,0.369,1.847,0.080
152300,5.000,0.369,1.847,0.080
152500,5.000,0.370,1.851,0.080
152700,5.000,0.370,1.847,0.080
152900,5.000,0.370,1.847,0.080
153100,5.000,0.370,1.847,0.080
153300,5.000,0.370,1.854,0.080
153500,5.000,0.369,1.847,0.081
153700,5.000,0.370,1.851,0.081
153900,5.000,0.370,1.851,0.081
154100,5.000,0.370,1.854,0.081
154300,5.000,0.370,1.851,0.081
154500,5.000,0.370,1.854,0.081
154700,5.000,0.370,1.847,0.081
154900,5.000,0.370,1.847,0.081
155100,5.000,0.370,1.851,0.081
155300,5.000,0.370,1.847,0.082
155500,5.000,0.370,1.847,0.082
155700,5.000,0.370,1.847,0.082
155900,5.000,0.369,1.847,0.082
156100,5.000,0.370,1.847,0.082
156300,5.000,0.370,1.847,0.082
156500,5.000,0.370,1.847,0.082
156700,5.000,0.370,1.851,0.082
156900,5.000,0.370,1.851,0.082
157100,5.000,0.370,1.851,0.082
157300,5.000,0.369,1.847,0.083
157500,5.000,0.369,1.847,0.083
157700,5.000,0.369,1.847,0.083
157900,5.000,0.369,1.847,0.083
158100,5.000,0.370,1.851,0.083
158300,5.000,0.370,1.847,0.083
158500,5.000,0.391,1.958,0.083
158700,5.000,0.391,1.958,0.083
158900,5.000,0.371,1.854,0.083
159100,5.000,0.370,1.851,0.084
159300,5.000,0.370,1.851,0.084
159500,5.000,0.370,1.851,0.084
159700,5.000,0.370,1.851,0.084
159900,5.000,0.370,1.851,0.084
160100,5.000,0.370,1.851,0.084
160300,5.000,0.370,1.851,0.084
160500,5.000,0.370,1.851,0.084
160700,5.000,0.369,1.847,0.084
160900,5.000,0.369,1.847,0.084
161100,5.000,0.370,1.851,0.085
161300,5.000,0.369,1.847,0.085
161500,5.000,0.370,1.851,0.085
161700,5.000,0.370,1.851,0.085
161900,5.000,0.370,1.851,0.085
162100,5.000,0.370,1.851,0.085
162300,5.000,0.370,1.851,0.085
162500,5.000,0.369,1.847,0.085
162700,5.000,0.369,1.847,0.085
162900,5.000,0.370,1.851,0.086
163100,5.000,0.370,1.851,0.086
163300,5.000,0.370,1.851,0.086
163500,5.000,0.369,1.847,0.086
163700,5.000,0.370,1.851,0.086
163900,5.000,0.370,1.851,0.086
164100,5.000,0.370,1.851,0.086
164300,5.000,0.369,1.847,0.086
164500,5.000,0.370,1.851,0.086
164700,5.000,0.370,1.847,0.087
164900,5.000,0.370,1.851,0.087
165100,5.000,0.370,1.851,0.087
165300,5.000,0.370,1.851,0.087
165500,5.000,0.370,1.851,0.087
165700,5.000,0.370,1.854,0.087
165900,5.000,0.370,1.854,0.087
166100,5.000,0.369,1.847,0.087
166300,5.000,0.370,1.851,0.087
166500,5.000,0.370,1.851,0.087
166700,5.000,0.370,1.851,0.088
166900,5.000,0.370,1.851,0.088
167100,5.000,0.370,1.851,0.088
167300,5.000,0.370,1.851,0.088
167500,5.000,0.370,1.847,0.088
167700,5.000,0.370,1.847,0.088
167900,5.000,0.370,1.851,0.088
168100,5.000,0.370,1.851,0.088
168300,5.000,0.370,1.851,0.088
168500,5.000,0.370,1.851,0.089
168700,5.000,0.371,1.854,0.089
168900,5.000,0.371,1.854,0.089
169100,5.000,0.369,1.847,0.089
169300,5.000,0.370,1.851,0.089
169500,5.000,0.369,1.847,0.089
169700,5.000,0.369,1.847,0.089
169900,5.000,0.369,1.847,0.089
170100,5.000,0.370,1.851,0.089
170300,5.000,0.369,1.847,0.089
170500,5.000,0.369,1.847,0.090
170700,5.000,0.370,1.851,0.090
170900,5.000,0.370,1.851,0.090
171100,5.000,0.370,1.851,0.090
171300,5.000,0.369,1.847,0.090
171500,5.000,0.370,1.847,0.090
171700,5.000,0.369,1.847,0.090
171900,5.000,0.370,1.851,0.090
172100,5.000,0.370,1.851,0.090
172300,5.000,0.370,1.847,0.091
172500,5.000,0.370,1.851,0.091
172700,5.000,0.370,1.847,0.091
172900,5.000,0.370,1.847,0.091
173100,5.000,0.369,1.847,0.091
173300,5.000,0.368,1.843,0.091
173500,5.000,0.370,1.851,0.091
173700,5.000,0.370,1.851,0.091
173900,5.000,0.370,1.851,0.091
174100,5.000,0.370,1.851,0.091
174300,5.000,0.370,1.851,0.092
174500,5.000,0.370,1.851,0.092
174700,5.000,0.370,1.851,0.092
174900,5.000,0.370,1.847,0.092
175100,5.000,0.370,1.847,0.092
175300,5.000,0.370,1.851,0.092
175500,5.000,0.370,1.851,0.092
175700,5.000,0.370,1.851,0.092
175900,5.000,0.370,1.851,0.092
176100,5.000,0.370,1.851,0.093
176300,5.000,0.369,1.847,0.093
176500,5.000,0.370,1.851,0.093
176700,5.000,0.369,1.843,0.093
176900,5.000,0.369,1.843,0.093
177100,5.000,0.370,1.851,0.093
177300,5.000,0.370,1.851,0.093
177500,5.000,0.370,1.851,0.093
177700,5.000,0.369,1.847,0.093
177900,5.000,0.370,1.851,0.093
178100,5.000,0.369,1.847,0.094
178300,5.000,0.369,1.847,0.094
178500,5.000,0.369,1.847,0.094
178700,5.000,0.371,1.858,0.094
178900,5.000,0.369,1.847,0.094
179100,5.000,0.370,1.851,0.094
179300,5.000,0.370,1.851,0.094
179500,5.000,0.370,1.851,0.094
179700,5.000,0.370,1.851,0.094
179900,5.000,0.370,1.851,0.095
180100,5.000,0.370,1.851,0.095
180300,5.000,0.369,1.847,0.095
180500,5.000,0.370,1.851,0.095
180700,5.000,0.370,1.851,0.095
180900,5.000,0.370,1.851,0.095
181100,5.000,0.369,1.847,0.095
181300,5.000,0.370,1.854,0.095
181500,5.000,0.370,1.854,0.095
181700,5.000,0.369,1.847,0.095
181900,5.000,0.370,1.847,0.096
182100,5.000,0.370,1.847,0.096
182300,5.000,0.370,1.851,0.096
182500,5.000,0.370,1.851,0.096
182700,5.000,0.370,1.851,0.096
182900,5.000,0.370,1.851,0.096
183100,5.000,0.370,1.851,0.096
183300,5.000,0.369,1.847,0.096
183500,5.000,0.369,1.847,0.096
183700,5.000,0.371,1.854,0.097
183900,5.000,0.371,1.854,0.097
184100,5.000,0.370,1.851,0.097
184300,5.000,0.370,1.854,0.097
184500,5.000,0.369,1.847,0.097
184700,5.000,0.369,1.847,0.097
184900,5.000,0.370,1.851,0.097
185100,5.000,0.369,1.847,0.097
185300,5.000,0.369,1.847,0.097
185500,5.000,0.369,1.847,0.097
185700,5.000,0.370,1.851,0.098
185900,5.000,0.370,1.851,0.098
186100,5.000,0.371,1.854,0.098
186300,5.000,0.371,1.854,0.098
186500,5.000,0.370,1.851,0.098
186700,5.000,0.369,1.847,0.098
186900,5.000,0.369,1.847,0.098
187100,5.000,0.369,1.847,0.098
187300,5.000,0.370,1.851,0.098
187500,5.000,0.370,1.851,0.099
187700,5.000,0.370,1.851,0.099
187900,5.000,0.370,1.851,0.099
188100,5.000,0.369,1.847,0.099
188300,5.000,0.369,1.847,0.099
188500,5.000,0.369,1.847,0.099
188700,5.000,0.370,1.851,0.099
188900,5.000,0.370,1.854,0.099
189100,5.000,0.370,1.851,0.099
189300,5.000,0.370,1.847,0.100
189500,5.000,0.370,1.847,0.100
189700,5.000,0.370,1.851,0.100
189900,5.000,0.370,1.851,0.100
190100,5.000,0.370,1.851,0.100
190300,5.000,0.370,1.851,0.100
190500,5.000,0.369,1.847,0.100
190700,5.000,0.370,1.851,0.100
190900,5.000,0.370,1.851,0.100
191100,5.000,0.371,1.854,0.100
191300,5.000,0.370,1.851,0.101
191500,5.000,0.370,1.851,0.101
191700,5.000,0.370,1.851,0.101
191900,5.000,0.369,1.847,0.101
192100,5.000,0.370,1.851,0.101
192300,5.000,0.369,1.847,0.101
192500,5.000,0.369,1.847,0.101
192700,5.000,0.370,1.851,0.101
192900,5.000,0.370,1.851,0.101
193100,5.000,0.370,1.851,0.102
193300,5.000,0.370,1.851,0.102
193500,5.000,0.370,1.851,0.102
193700,5.000,0.369,1.847,0.102
193900,5.000,0.370,1.851,0.102
194100,5.000,0.370,1.851,0.102
194300,5.000,0.370,1.847,0.102
194500,5.000,0.370,1.851,0.102
194700,5.000,0.370,1.851,0.102
194900,5.000,0.370,1.851,0.102
195100,5.000,0.370,1.851,0.103
195300,5.000,0.369,1.843,0.103
195500,5.000,0.370,1.851,0.103
195700,5.000,0.370,1.851,0.103
195900,5.000,0.369,1.847,0.103
196100,5.000,0.370,1.851,0.103
196300,5.000,0.370,1.851,0.103
196500,5.000,0.369,1.847,0.103
196700,5.000,0.369,1.847,0.103
196900,5.000,0.370,1.851,0.104
197100,5.000,0.369,1.847,0.104
197300,5.000,0.369,1.847,0.104
197500,5.000,0.369,1.847,0.104
197700,5.000,0.370,1.851,0.104
197900,5.000,0.370,1.854,0.104
198100,5.000,0.370,1.854,0.104
198300,5.000,0.369,1.847,0.104
198500,5.000,0.370,1.851,0.104
198700,5.000,0.370,1.851,0.104
198900,5.000,0.370,1.851,0.105
199100,5.000,0.370,1.851,0.105
199300,5.000,0.369,1.847,0.105
199500,5.000,0.369,1.847,0.105
199700,5.000,0.370,1.851,0.105
199900,5.000,0.370,1.851,0.105
200100,5.000,0.370,1.847,0.105
200300,5.000,0.370,1.851,0.105
200500,5.000,0.370,1.851,0.105
200700,5.000,0.369,1.847,0.106
200900,5.000,0.369,1.847,0.106
201100,5.000,0.370,1.847,0.106
201300,5.000,0.370,1.847,0.106
201500,5.000,0.370,1.851,0.106
201700,5.000,0.369,1.847,0.106
201900,5.000,0.369,1.847,0.106
202100,5.000,0.369,1.847,0.106
202300,5.000,0.369,1.847,0.106
202500,5.000,0.370,1.847,0.106
202700,5.000,0.370,1.847,0.107
202900,5.000,0.370,1.851,0.107
203100,5.000,0.369,1.847,0.107
203300,5.000,0.370,1.851,0.107
203500,5.000,0.370,1.851,0.107
203700,5.000,0.370,1.851,0.107
203900,5.000,0.370,1.851,0.107
204100,5.000,0.369,1.847,0.107
204300,5.000,0.369,1.847,0.107
204500,5.000,0.369,1.847,0.108
204700,5.000,0.370,1.851,0.108
204900,5.000,0.370,1.851,0.108
205100,5.000,0.370,1.851,0.108
205300,5.000,0.370,1.847,0.108
205500,5.000,0.370,1.847,0.108
205700,5.000,0.370,1.851,0.108
205900,5.000,0.370,1.851,0.108
206100,5.000,0.370,1.851,0.108
206300,5.000,0.370,1.851,0.108
206500,5.000,0.370,1.851,0.109
206700,5.000,0.370,1.851,0.109
206900,5.000,0.370,1.851,0.109
207100,5.000,0.370,1.851,0.109
207300,5.000,0.369,1.847,0.109
207500,5.000,0.370,1.851,0.109
207700,5.000,0.370,1.851,0.109
207900,5.000,0.370,1.847,0.109
208100,5.000,0.370,1.851,0.109
208300,5.000,0.370,1.851,0.110
208500,5.000,0.370,1.851,0.110
208700,5.000,0.371,1.854,0.110
208900,5.000,0.369,1.847,0.110
209100,5.000,0.369,1.847,0.110
209300,5.000,0.369,1.847,0.110
209500,5.000,0.370,1.851,0.110
209700,5.000,0.370,1.847,0.110
209900,5.000,0.370,1.847,0.110
210100,5.000,0.370,1.851,0.110
210300,5.000,0.370,1.851,0.111
210500,5.000,0.370,1.854,0.111
210700,5.000,0.369,1.847,0.111
210900,5.000,0.369,1.847,0.111
211100,5.000,0.369,1.847,0.111
211300,5.000,0.369,1.847,0.111
211500,5.000,0.369,1.847,0.111
211700,5.000,0.370,1.851,0.111
211900,5.000,0.370,1.851,0.111
212100,5.000,0.370,1.847,0.112
212300,5.000,0.370,1.847,0.112
212500,5.000,0.369,1.847,0.112
212700,5.000,0.370,1.851,0.112
212900,5.000,0.370,1.851,0.112
213100,5.000,0.369,1.847,0.112
213300,5.000,0.369,1.847,0.112
213500,5.000,0.370,1.854,0.112
213700,5.000,0.370,1.851,0.112
213900,5.000,0.370,1.851,0.113
214100,5.000,0.370,1.851,0.113
214300,5.000,0.370,1.851,0.113
214500,5.000,0.370,1.847,0.113
214700,5.000,0.370,1.847,0.113
214900,5.000,0.369,1.847,0.113
215100,5.000,0.369,1.847,0.113
215300,5.000,0.370,1.851,0.113
215500,5.000,0.370,1.851,0.113
215700,5.000,0.370,1.851,0.113
215900,5.000,0.369,1.847,0.114
216100,5.000,0.369,1.847,0.114
216300,5.000,0.370,1.847,0.114
216500,5.000,0.370,1.847,0.114
216700,5.000,0.370,1.854,0.114
216900,5.000,0.370,1.854,0.114
217100,5.000,0.392,1.958,0.114
217300,5.000,0.377,1.885,0.114
217500,5.000,0.383,1.919,0.114
217700,5.000,0.370,1.851,0.115
217900,5.000,0.370,1.851,0.115
218100,5.000,0.370,1.847,0.115
218300,5.000,0.369,1.847,0.115
218500,5.000,0.374,1.870,0.115
218700,5.000,0.374,1.870,0.115
218900,5.000,0.370,1.851,0.115
219100,5.000,0.370,1.847,0.115
219300,5.000,0.370,1.847,0.115
219500,5.000,0.370,1.851,0.115
219700,5.000,0.370,1.851,0.116
219900,5.000,0.370,1.847,0.116
220100,5.000,0.370,1.847,0.116
220300,5.000,0.370,1.851,0.116
220500,5.000,0.370,1.851,0.116
220700,5.000,0.369,1.847,0.116
220900,5.000,0.370,1.851,0.116
221100,5.000,0.370,1.851,0.116
221300,5.000,0.370,1.851,0.116
221500,5.000,0.370,1.851,0.117
221700,5.000,0.370,1.851,0.117
221900,5.000,0.370,1.851,0.117
222100,5.000,0.370,1.847,0.117
222300,5.000,0.371,1.854,0.117
222500,5.000,0.371,1.854,0.117
222700,5.000,0.370,1.851,0.117
222900,5.000,0.369,1.847,0.117
223100,5.000,0.370,1.851,0.117
223300,5.000,0.370,1.851,0.117
223500,5.000,0.371,1.854,0.118
223700,5.000,0.370,1.851,0.118
223900,5.000,0.370,1.851,0.118
224100,5.000,0.370,1.851,0.118
224300,5.000,0.370,1.851,0.118
224500,5.000,0.370,1.851,0.118
224700,5.000,0.370,1.851,0.118
224900,5.000,0.370,1.851,0.118
225100,5.000,0.369,1.847,0.118
225300,5.000,0.370,1.847,0.119
225500,5.000,0.370,1.851,0.119
225700,5.000,0.370,1.851,0.119
225900,5.000,0.370,1.847,0.119
226100,5.000,0.371,1.854,0.119
226300,5.000,0.369,1.847,0.119
226500,5.000,0.369,1.847,0.119
226700,5.000,0.369,1.847,0.119
226900,5.000,0.370,1.851,0.119
227100,5.000,0.370,1.851,0.119
227300,5.000,0.370,1.851,0.120
227500,5.000,0.377,1.881,0.120
227700,5.000,0.370,1.851,0.120
227900,5.000,0.370,1.851,0.120
228100,5.000,0.370,1.851,0.120
228300,5.000,0.370,1.851,0.120
228500,5.000,0.370,1.851,0.120
228700,5.000,0.369,1.847,0.120
228900,5.000,0.369,1.847,0.120
229100,5.000,0.370,1.851,0.121
229300,5.000,0.369,1.847,0.121
229500,5.000,0.370,1.851,0.121
229700,5.000,0.370,1.851,0.121
229900,5.000,0.370,1.851,0.121
230100,5.000,0.370,1.851,0.121
230300,5.000,0.370,1.851,0.121
230500,5.000,0.370,1.854,0.121
230700,5.000,0.369,1.847,0.121
230900,5.000,0.370,1.851,0.121
231100,5.000,0.370,1.851,0.122
231300,5.000,0.369,1.847,0.122
231500,5.000,0.369,1.847,0.122
231700,5.000,0.370,1.851,0.122
231900,5.000,0.370,1.851,0.122
232100,5.000,0.370,1.851,0.122
232300,5.000,0.369,1.847,0.122
232500,5.000,0.370,1.851,0.122
232700,5.000,0.370,1.851,0.122
232900,5.000,0.370,1.851,0.123
233100,5.000,0.370,1.851,0.123
233300,5.000,0.370,1.847,0.123
233500,5.000,0.370,1.847,0.123
233700,5.000,0.369,1.847,0.123
233900,5.000,0.370,1.851,0.123
234100,5.000,0.369,1.847,0.123
234300,5.000,0.369,1.847,0.123
234500,5.000,0.370,1.851,0.123
234700,5.000,0.370,1.851,0.124
234900,5.000,0.370,1.851,0.124
235100,5.000,0.369,1.847,0.124
235300,5.000,0.369,1.847,0.124
235500,5.000,0.370,1.851,0.124
235700,5.000,0.369,1.847,0.124
235900,5.000,0.369,1.847,0.124
236100,5.000,0.370,1.851,0.124
236300,5.000,0.370,1.851,0.124
236500,5.000,0.370,1.851,0.124
236700,5.000,0.370,1.851,0.125
236900,5.000,0.370,1.851,0.125
237100,5.000,0.369,1.847,0.125
237300,5.000,0.370,1.851,0.125
237500,5.000,0.370,1.851,0.125
237700,5.000,0.370,1.851,0.125
237900,5.000,0.370,1.851,0.125
238100,5.000,0.370,1.851,0.125
238300,5.000,0.371,1.854,0.125
238500,5.000,0.371,1.854,0.126
238700,5.000,0.370,1.851,0.126
238900,5.000,0.370,1.851,0.126
239100,5.000,0.370,1.851,0.126
239300,5.000,0.369,1.847,0.126
239500,5.000,0.370,1.851,0.126
239700,5.000,0.370,1.851,0.126
239900,5.000,0.370,1.851,0.126
240100,5.000,0.370,1.851,0.126
240300,5.000,0.370,1.851,0.126
240500,5.000,0.369,1.847,0.127
240700,5.000,0.369,1.847,0.127
240900,5.000,0.369,1.847,0.127
241100,5.000,0.370,1.847,0.127
241300,5.000,0.370,1.847,0.127
241500,5.000,0.369,1.847,0.127
241700,5.000,0.370,1.854,0.127
241900,5.000,0.370,1.851,0.127
242100,5.000,0.370,1.847,0.127
242300,5.000,0.370,1.847,0.128
242500,5.000,0.370,1.851,0.128
242700,5.000,0.370,1.851,0.128
242900,5.000,0.369,1.851,0.128
243100,5.000,0.369,1.851,0.128
243300,5.000,0.371,1.854,0.128
243500,5.000,0.370,1.854,0.128
243700,5.000,0.370,1.854,0.128
243900,5.000,0.370,1.854,0.128
244100,5.000,0.377,1.889,0.128
244300,5.000,0.369,1.847,0.129
244500,5.000,0.369,1.847,0.129
244700,5.000,0.370,1.851,0.129
244900,5.000,0.369,1.847,0.129
245100,5.000,0.370,1.851,0.129
245300,5.000,0.370,1.851,0.129
245500,5.000,0.370,1.851,0.129
245700,5.000,0.370,1.851,0.129
245900,5.000,0.370,1.851,0.129
246100,5.000,0.369,1.847,0.130
246300,5.000,0.369,1.847,0.130
246500,5.000,0.370,1.851,0.130
246700,5.000,0.369,1.847,0.130
246900,5.000,0.369,1.847,0.130
247100,5.000,0.370,1.847,0.130
247300,5.000,0.370,1.851,0.130
247500,5.000,0.370,1.851,0.130
247700,5.000,0.370,1.851,0.130
247900,5.000,0.370,1.851,0.130
248100,5.000,0.370,1.847,0.131
248300,5.000,0.370,1.854,0.131
248500,5.000,0.370,1.854,0.131
248700,5.000,0.369,1.847,0.131
248900,5.000,0.370,1.851,0.131
249100,5.000,0.369,1.847,0.131
249300,5.000,0.370,1.854,0.131
249500,5.000,0.370,1.854,0.131
249700,5.000,0.369,1.847,0.131
249900,5.000,0.369,1.847,0.132
250100,5.000,0.369,1.847,0.132
250300,5.000,0.369,1.847,0.132
250500,5.000,0.370,1.851,0.132
250700,5.000,0.370,1.851,0.132
250900,5.000,0.370,1.851,0.132
251100,5.000,0.370,1.851,0.132
251300,5.000,0.369,1.847,0.132
251500,5.000,0.369,1.847,0.132
251700,5.000,0.369,1.847,0.132
251900,5.000,0.369,1.843,0.133
252100,5.000,0.370,1.847,0.133
252300,5.000,0.370,1.851,0.133
252500,5.000,0.369,1.847,0.133
252700,5.000,0.369,1.847,0.133
252900,5.000,0.370,1.851,0.133
253100,5.000,0.370,1.851,0.133
253300,5.000,0.370,1.851,0.133
253500,5.000,0.370,1.851,0.133
253700,5.000,0.370,1.847,0.134
253900,5.000,0.370,1.851,0.134
254100,5.000,0.370,1.851,0.134
254300,5.000,0.370,1.851,0.134
254500,5.000,0.370,1.851,0.134
254700,5.000,0.370,1.851,0.134
254900,5.000,0.370,1.851,0.134
255100,5.000,0.369,1.847,0.134
255300,5.000,0.369,1.847,0.134
255500,5.000,0.369,1.847,0.134
255700,5.000,0.370,1.851,0.135
255900,5.000,0.370,1.851,0.135
256100,5.000,0.370,1.851,0.135
256300,5.000,0.370,1.851,0.135
256500,5.000,0.370,1.851,0.135
256700,5.000,0.369,1.851,0.135
256900,5.000,0.369,1.847,0.135
257100,5.000,0.370,1.851,0.135
257300,5.000,0.370,1.851,0.135
257500,5.000,0.370,1.851,0.136
257700,5.000,0.370,1.847,0.136
257900,5.000,0.370,1.847,0.136
258100,5.000,0.370,1.851,0.136
258300,5.000,0.370,1.851,0.136
258500,5.000,0.369,1.851,0.136
258700,5.000,0.369,1.851,0.136
258900,5.000,0.370,1.847,0.136
259100,5.000,0.370,1.851,0.136
259300,5.000,0.370,1.851,0.137
259500,5.000,0.370,1.851,0.137
259700,5.000,0.370,1.851,0.137
259900,5.000,0.369,1.847,0.137
260100,5.000,0.370,1.851,0.137
260300,5.000,0.369,1.847,0.137
260500,5.000,0.369,1.847,0.137
260700,5.000,0.370,1.847,0.137
260900,5.000,0.370,1.851,0.137
261100,5.000,0.370,1.851,0.137
261300,5.000,0.370,1.851,0.138
261500,5.000,0.370,1.851,0.138
261700,5.000,0.370,1.847,0.138
261900,5.000,0.370,1.847,0.138
262100,5.000,0.370,1.851,0.138
262300,5.000,0.369,1.847,0.138
262500,5.000,0.369,1.847,0.138
262700,5.000,0.370,1.851,0.138
262900,5.000,0.370,1.851,0.138
263100,5.000,0.371,1.854,0.139
263300,5.000,0.369,1.847,0.139
263500,5.000,0.370,1.851,0.139
263700,5.000,0.370,1.851,0.139
263900,5.000,0.369,1.847,0.139
264100,5.000,0.370,1.851,0.139
264300,5.000,0.370,1.851,0.139
264500,5.000,0.370,1.851,0.139
264700,5.000,0.369,1.847,0.139
264900,5.000,0.370,1.851,0.139
265100,5.000,0.370,1.851,0.140
265300,5.000,0.370,1.847,0.140
265500,5.000,0.369,1.847,0.140
265700,5.000,0.369,1.847,0.140
265900,5.000,0.369,1.847,0.140
266100,5.000,0.370,1.851,0.140
266300,5.000,0.370,1.851,0.140
266500,5.000,0.370,1.854,0.140
266700,5.000,0.370,1.851,0.140
266900,5.000,0.370,1.851,0.141
267100,5.000,0.369,1.847,0.141
267300,5.000,0.370,1.851,0.141
267500,5.000,0.370,1.851,0.141
267700,5.000,0.369,1.851,0.141
267900,5.000,0.370,1.851,0.141
268100,5.000,0.371,1.854,0.141
268300,5.000,0.371,1.854,0.141
268500,5.000,0.369,1.847,0.141
268700,5.000,0.370,1.847,0.141
268900,5.000,0.370,1.847,0.142
269100,5.000,0.370,1.847,0.142
269300,5.000,0.370,1.847,0.142
269500,5.000,0.369,1.847,0.142
269700,5.000,0.370,1.851,0.142
269900,5.000,0.370,1.851,0.142
270100,5.000,0.370,1.851,0.142
270300,5.000,0.370,1.851,0.142
270500,5.000,0.369,1.847,0.142
270700,5.000,0.369,1.847,0.143
270900,5.000,0.370,1.851,0.143
271100,5.000,0.369,1.847,0.143
271300,5.000,0.370,1.851,0.143
271500,5.000,0.370,1.851,0.143
271700,5.000,0.370,1.851,0.143
271900,5.000,0.368,1.843,0.143
272100,5.000,0.368,1.843,0.143
272300,5.000,0.370,1.851,0.143
272500,5.000,0.369,1.847,0.143
272700,5.000,0.368,1.843,0.144
272900,5.000,0.368,1.843,0.144
273100,5.000,0.370,1.851,0.144
273300,5.000,0.370,1.854,0.144
273500,5.000,0.370,1.851,0.144
273700,5.000,0.370,1.851,0.144
273900,5.000,0.370,1.851,0.144
274100,5.000,0.370,1.851,0.144
274300,5.000,0.370,1.851,0.144
274500,5.000,0.369,1.847,0.145
274700,5.000,0.369,1.847,0.145
274900,5.000,0.369,1.847,0.145
275100,5.000,0.375,1.877,0.145
275300,5.000,0.375,1.877,0.145
275500,5.000,0.388,1.942,0.145
275700,5.000,0.370,1.851,0.145
275900,5.000,0.369,1.847,0.145
276100,5.000,0.369,1.847,0.145
276300,5.000,0.369,1.847,0.145
276500,5.000,0.369,1.847,0.146
276700,5.000,0.369,1.847,0.146
276900,5.000,0.370,1.851,0.146
277100,5.000,0.370,1.851,0.146
277300,5.000,0.370,1.851,0.146
277500,5.000,0.369,1.847,0.146
277700,5.000,0.370,1.847,0.146
277900,5.000,0.370,1.847,0.146
278100,5.000,0.369,1.847,0.146
278300,5.000,0.370,1.851,0.147
278500,5.000,0.370,1.851,0.147
278700,5.000,0.370,1.847,0.147
278900,5.000,0.369,1.847,0.147
279100,5.000,0.370,1.851,0.147
279300,5.000,0.370,1.851,0.147
279500,5.000,0.370,1.851,0.147
279700,5.000,0.369,1.847,0.147
279900,5.000,0.369,1.847,0.147
280100,5.000,0.370,1.851,0.147
280300,5.000,0.369,1.847,0.148
280500,5.000,0.370,1.854,0.148
280700,5.000,0.370,1.851,0.148
280900,5.000,0.370,1.851,0.148
281100,5.000,0.369,1.847,0.148
281300,5.000,0.369,1.847,0.148
281500,5.000,0.370,1.851,0.148
281700,5.000,0.370,1.851,0.148
281900,5.000,0.369,1.851,0.148
282100,5.000,0.370,1.851,0.149
282300,5.000,0.370,1.851,0.149
282500,5.000,0.370,1.851,0.149
282700,5.000,0.370,1.847,0.149
282900,5.000,0.370,1.851,0.149
283100,5.000,0.370,1.851,0.149
283300,5.000,0.369,1.847,0.149
283500,5.000,0.370,1.851,0.149
283700,5.000,0.369,1.847,0.149
283900,5.000,0.370,1.851,0.150
284100,5.000,0.370,1.851,0.150
284300,5.000,0.370,1.851,0.150
284500,5.000,0.370,1.851,0.150
284700,5.000,0.369,1.847,0.150
284900,5.000,0.369,1.847,0.150
285100,5.000,0.370,1.847,0.150
285300,5.000,0.370,1.851,0.150
285500,5.000,0.370,1.851,0.150
285700,5.000,0.370,1.851,0.150
285900,5.000,0.369,1.847,0.151
286100,5.000,0.369,1.847,0.151
286300,5.000,0.369,1.847,0.151
286500,5.000,0.370,1.851,0.151
286700,5.000,0.379,1.900,0.151
286900,5.000,0.370,1.847,0.151
287100,5.000,0.370,1.847,0.151
287300,5.000,0.370,1.851,0.151
287500,5.000,0.370,1.851,0.151
287700,5.000,0.370,1.847,0.152
287900,5.000,0.370,1.847,0.152
288100,5.000,0.370,1.847,0.152
288300,5.000,0.369,1.847,0.152
288500,5.000,0.369,1.847,0.152
288700,5.000,0.370,1.851,0.152
288900,5.000,0.370,1.851,0.152
289100,5.000,0.370,1.847,0.152
289300,5.000,0.370,1.851,0.152
289500,5.000,0.370,1.851,0.152
289700,5.000,0.369,1.847,0.153
289900,5.000,0.370,1.851,0.153
290100,5.000,0.369,1.847,0.153
290300,5.000,0.369,1.847,0.153
290500,5.000,0.369,1.847,0.153
290700,5.000,0.370,1.851,0.153
290900,5.000,0.370,1.851,0.153
291100,5.000,0.370,1.851,0.153
291300,5.000,0.370,1.851,0.153
291500,5.000,0.370,1.851,0.154
291700,5.000,0.369,1.847,0.154
291900,5.000,0.369,1.847,0.154
292100,5.000,0.370,1.851,0.154
292300,5.000,0.370,1.854,0.154
292500,5.000,0.370,1.847,0.154
292700,5.000,0.370,1.847,0.154
292900,5.000,0.370,1.854,0.154
293100,5.000,0.369,1.847,0.154
293300,5.000,0.370,1.847,0.154
293500,5.000,0.370,1.847,0.155
293700,5.000,0.369,1.847,0.155
293900,5.000,0.369,1.847,0.155
294100,5.000,0.369,1.847,0.155
294300,5.000,0.370,1.851,0.155
294500,5.000,0.370,1.851,0.155
294700,5.000,0.370,1.851,0.155
294900,5.000,0.370,1.851,0.155
295100,5.000,0.370,1.851,0.155
295300,5.000,0.370,1.847,0.156
295500,5.000,0.370,1.851,0.156
295700,5.000,0.370,1.851,0.156
295900,5.000,0.370,1.851,0.156
296100,5.000,0.370,1.851,0.156
296300,5.000,0.370,1.851,0.156
296500,5.000,0.369,1.847,0.156
296700,5.000,0.369,1.847,0.156
296900,5.000,0.370,1.851,0.156
297100,5.000,0.370,1.851,0.156
297300,5.000,0.370,1.851,0.157
