300,5.000,0.575,2.874,0.000
500,5.000,0.553,2.763,0.000
700,5.000,0.568,2.835,0.000
900,5.000,0.568,2.835,0.000
1100,5.000,0.586,2.927,0.000
1300,5.000,0.588,2.935,0.000
1500,5.000,0.587,2.931,0.001
1700,5.000,0.585,2.923,0.001
1900,5.000,0.585,2.923,0.001
2100,5.000,0.584,2.919,0.001
2300,5.000,0.585,2.919,0.001
2500,5.000,0.584,2.916,0.001
2700,5.000,0.584,2.916,0.002
2900,5.000,0.587,2.931,0.002
3100,5.000,0.580,2.897,0.002
3300,5.000,0.580,2.897,0.002
3500,5.000,0.575,2.870,0.002
3700,5.000,0.573,2.862,0.002
3900,5.000,0.570,2.847,0.003
4100,5.000,0.570,2.847,0.003
4300,5.000,0.570,2.847,0.003
4500,5.000,0.579,2.893,0.003
4700,5.000,0.563,2.813,0.003
4900,5.000,0.576,2.877,0.003
5100,5.000,0.576,2.877,0.004
5300,5.000,0.565,2.824,0.004
5500,5.000,0.556,2.774,0.004
5700,5.000,0.556,2.835,0.004
5900,5.000,0.568,2.835,0.004
6100,5.000,0.564,2.816,0.004
6300,5.000,0.558,2.786,0.005
6500,5.000,0.558,2.786,0.005
6700,5.000,0.570,2.847,0.005
6900,5.000,0.562,2.809,0.005
7100,5.000,0.559,2.790,0.005
7300,5.000,0.559,2.790,0.005
7500,5.000,0.566,2.828,0.005
7700,5.000,0.566,2.828,0.006
7900,5.000,0.566,2.828,0.006
8100,5.000,0.571,2.851,0.006
8300,5.000,0.571,2.851,0.006
8500,5.000,0.561,2.805,0.006
8700,5.000,0.557,2.782,0.006
8900,5.000,0.557,2.782,0.007
9100,5.000,0.570,2.847,0.007
9300,5.000,0.564,2.816,0.007
9500,5.000,0.562,2.809,0.007
9700,5.000,0.562,2.809,0.007
9900,5.000,0.570,2.847,0.007
10100,5.000,0.560,2.797,0.008
10300,5.000,0.561,2.801,0.008
10500,5.000,0.561,2.801,0.008
10700,5.000,0.567,2.828,0.008
10900,5.000,0.562,2.805,0.008
11100,5.000,0.562,2.805,0.008
11300,5.000,0.558,2.786,0.009
11500,5.000,0.574,2.870,0.009
11700,5.000,0.556,2.774,0.009
11900,5.000,0.564,2.816,0.009
12100,5.000,0.564,2.816,0.009
12300,5.000,0.569,2.843,0.009
12500,5.000,0.556,2.778,0.010
12700,5.000,0.564,2.816,0.010
12900,5.000,0.564,2.816,0.010
13100,5.000,0.571,2.851,0.010
13300,5.000,0.556,2.778,0.010
13500,5.000,0.564,2.820,0.010
13700,5.000,0.564,2.820,0.010
13900,5.000,0.567,2.832,0.011
14100,5.000,0.555,2.774,0.011
14300,5.000,0.555,2.774,0.011
14500,5.000,0.561,2.805,0.011
14700,5.000,0.572,2.858,0.011
14900,5.000,0.559,2.790,0.011
15100,5.000,0.565,2.824,0.012
15300,5.000,0.565,2.824,0.012
15500,5.000,0.568,2.835,0.012
15700,5.000,0.555,2.774,0.012
15900,5.000,0.564,2.820,0.012
16100,5.000,0.564,2.820,0.012
16300,5.000,0.569,2.843,0.013
16500,5.000,0.560,2.793,0.013
16700,5.000,0.560,2.793,0.013
16900,5.000,0.567,2.832,0.013
17100,5.000,0.565,2.820,0.013
17300,5.000,0.558,2.786,0.013
17500,5.000,0.558,2.786,0.014
17700,5.000,0.564,2.820,0.014
17900,5.000,0.567,2.832,0.014
18100,5.000,0.557,2.782,0.014
18300,5.000,0.557,2.782,0.014
18500,5.000,0.570,2.847,0.014
18700,5.000,0.564,2.820,0.015
18900,5.000,0.560,2.797,0.015
19100,5.000,0.568,2.835,0.015
19300,5.000,0.568,2.835,0.015
19500,5.000,0.560,2.797,0.015
19700,5.000,0.560,2.793,0.015
19900,5.000,0.560,2.793,0.015
20100,5.000,0.569,2.843,0.016
20300,5.000,0.559,2.793,0.016
20500,5.000,0.558,2.790,0.016
20700,5.000,0.558,2.790,0.016
20900,5.000,0.569,2.843,0.016
21100,5.000,0.559,2.790,0.016
21300,5.000,0.557,2.782,0.017
21500,5.000,0.557,2.782,0.017
21700,5.000,0.572,2.858,0.017
21900,5.000,0.563,2.813,0.017
22100,5.000,0.559,2.793,0.017
22300,5.000,0.569,2.843,0.017
22500,5.000,0.569,2.843,0.018
22700,5.000,0.559,2.790,0.018
22900,5.000,0.560,2.797,0.018
23100,5.000,0.560,2.797,0.018
23300,5.000,0.572,2.855,0.018
23500,5.000,0.562,2.809,0.018
23700,5.000,0.559,2.793,0.019
23900,5.000,0.559,2.793,0.019
24100,5.000,0.571,2.851,0.019
24300,5.000,0.558,2.786,0.019
24500,5.000,0.559,2.793,0.019
24700,5.000,0.559,2.793,0.019
24900,5.000,0.569,2.843,0.019
25100,5.000,0.559,2.793,0.020
25300,5.000,0.559,2.793,0.020
25500,5.000,0.562,2.809,0.020
25700,5.000,0.572,2.855,0.020
25900,5.000,0.560,2.793,0.020
26100,5.000,0.560,2.797,0.020
26300,5.000,0.560,2.797,0.021
26500,5.000,0.567,2.835,0.021
26700,5.000,0.560,2.797,0.021
26900,5.000,0.562,2.809,0.021
27100,5.000,0.562,2.809,0.021
27300,5.000,0.567,2.832,0.021
27500,5.000,0.559,2.793,0.022
27700,5.000,0.559,2.793,0.022
27900,5.000,0.561,2.805,0.022
28100,5.000,0.566,2.828,0.022
28300,5.000,0.558,2.786,0.022
28500,5.000,0.558,2.786,0.022
28700,5.000,0.565,2.824,0.022
28900,5.000,0.570,2.851,0.023
29100,5.000,0.557,2.782,0.023
29300,5.000,0.565,2.820,0.023
29500,5.000,0.565,2.820,0.023
29700,5.000,0.566,2.828,0.023
29900,5.000,0.559,2.793,0.024
30100,5.000,0.565,2.820,0.024
30300,5.000,0.565,2.820,0.024
30500,5.000,0.569,2.843,0.024
30700,5.000,0.555,2.774,0.024
30900,5.000,0.555,2.774,0.024
31100,5.000,0.567,2.832,0.024
31300,5.000,0.564,2.820,0.025
31500,5.000,0.560,2.801,0.025
31700,5.000,0.560,2.801,0.025
31900,5.000,0.563,2.813,0.025
32100,5.000,0.570,2.847,0.025
32300,5.000,0.557,2.782,0.025
32500,5.000,0.557,2.782,0.026
32700,5.000,0.567,2.835,0.026
32900,5.000,0.564,2.813,0.026
33100,5.000,0.558,2.786,0.026
33300,5.000,0.565,2.824,0.026
33500,5.000,0.565,2.824,0.026
33700,5.000,0.565,2.824,0.027
33900,5.000,0.556,2.778,0.027
34100,5.000,0.556,2.778,0.027
34300,5.000,0.570,2.843,0.027
34500,5.000,0.562,2.809,0.027
34700,5.000,0.556,2.778,0.027
34900,5.000,0.556,2.778,0.027
35100,5.000,0.573,2.858,0.028
35300,5.000,0.556,2.778,0.028
35500,5.000,0.561,2.801,0.028
35700,5.000,0.561,2.801,0.028
35900,5.000,0.569,2.843,0.028
36100,5.000,0.560,2.801,0.029
36300,5.000,0.560,2.797,0.029
36500,5.000,0.567,2.832,0.029
36700,5.000,0.567,2.832,0.029
36900,5.000,0.562,2.809,0.029
37100,5.000,0.560,2.793,0.029
37300,5.000,0.560,2.793,0.029
37500,5.000,0.575,2.870,0.030
37700,5.000,0.556,2.778,0.030
37900,5.000,0.562,2.805,0.030
38100,5.000,0.562,2.805,0.030
38300,5.000,0.570,2.847,0.030
38500,5.000,0.561,2.805,0.030
38700,5.000,0.561,2.805,0.031
38900,5.000,0.556,2.774,0.031
39100,5.000,0.573,2.858,0.031
39300,5.000,0.560,2.797,0.031
39500,5.000,0.560,2.797,0.031
39700,5.000,0.560,2.797,0.031
39900,5.000,0.570,2.843,0.032
40100,5.000,0.558,2.786,0.032
40300,5.000,0.563,2.813,0.032
40500,5.000,0.563,2.813,0.032
40700,5.000,0.571,2.847,0.032
40900,5.000,0.560,2.797,0.032
41100,5.000,0.563,2.813,0.033
41300,5.000,0.563,2.813,0.033
41500,5.000,0.568,2.835,0.033
41700,5.000,0.557,2.782,0.033
41900,5.000,0.557,2.782,0.033
42100,5.000,0.569,2.847,0.033
42300,5.000,0.562,2.805,0.033
42500,5.000,0.561,2.805,0.034
42700,5.000,0.561,2.805,0.034
42900,5.000,0.561,2.805,0.034
43100,5.000,0.570,2.843,0.034
43300,5.000,0.563,2.809,0.034
43500,5.000,0.563,2.809,0.034
43700,5.000,0.563,2.809,0.035
43900,5.000,0.567,2.832,0.035
44100,5.000,0.559,2.793,0.035
44300,5.000,0.566,2.828,0.035
44500,5.000,0.566,2.828,0.035
44700,5.000,0.564,2.820,0.035
44900,5.000,0.558,2.790,0.036
45100,5.000,0.558,2.790,0.036
45300,5.000,0.566,2.824,0.036
45500,5.000,0.568,2.835,0.036
45700,5.000,0.555,2.774,0.036
45900,5.000,0.555,2.774,0.036
46100,5.000,0.566,2.828,0.036
46300,5.000,0.568,2.835,0.037
46500,5.000,0.556,2.778,0.037
46700,5.000,0.566,2.828,0.037
46900,5.000,0.566,2.828,0.037
47100,5.000,0.564,2.816,0.037
47300,5.000,0.559,2.793,0.038
47500,5.000,0.570,2.847,0.038
47700,5.000,0.570,2.847,0.038
47900,5.000,0.561,2.801,0.038
48100,5.000,0.558,2.790,0.038
48300,5.000,0.558,2.790,0.038
48500,5.000,0.571,2.851,0.038
48700,5.000,0.557,2.782,0.039
48900,5.000,0.563,2.813,0.039
49100,5.000,0.563,2.813,0.039
49300,5.000,0.564,2.820,0.039
49500,5.000,0.566,2.828,0.039
49700,5.000,0.566,2.828,0.039
49900,5.000,0.556,2.778,0.040
50100,5.000,0.570,2.847,0.040
50300,5.000,0.561,2.801,0.040
50500,5.000,0.556,2.774,0.040
50700,5.000,0.556,2.774,0.040
50900,5.000,0.570,2.843,0.040
51100,5.000,0.564,2.816,0.041
51300,5.000,0.561,2.801,0.041
51500,5.000,0.561,2.801,0.041
51700,5.000,0.570,2.843,0.041
51900,5.000,0.560,2.797,0.041
52100,5.000,0.561,2.797,0.041
52300,5.000,0.561,2.797,0.041
52500,5.000,0.573,2.862,0.042
52700,5.000,0.556,2.778,0.042
52900,5.000,0.556,2.778,0.042
53100,5.000,0.562,2.809,0.042
53300,5.000,0.572,2.858,0.042
53500,5.000,0.557,2.782,0.042
53700,5.000,0.562,2.809,0.043
53900,5.000,0.562,2.809,0.043
54100,5.000,0.569,2.843,0.043
54300,5.000,0.555,2.774,0.043
54500,5.000,0.565,2.824,0.043
54700,5.000,0.565,2.824,0.043
54900,5.000,0.571,2.851,0.044
55100,5.000,0.556,2.778,0.044
55300,5.000,0.567,2.828,0.044
55500,5.000,0.567,2.828,0.044
55700,5.000,0.567,2.832,0.044
55900,5.000,0.557,2.786,0.044
56100,5.000,0.557,2.786,0.045
56300,5.000,0.569,2.843,0.045
56500,5.000,0.573,2.862,0.045
56700,5.000,0.557,2.782,0.045
56900,5.000,0.557,2.782,0.045
57100,5.000,0.565,2.824,0.045
57300,5.000,0.565,2.820,0.046
57500,5.000,0.556,2.778,0.046
57700,5.000,0.564,2.816,0.046
57900,5.000,0.564,2.816,0.046
58100,5.000,0.570,2.847,0.046
58300,5.000,0.558,2.790,0.046
58500,5.000,0.567,2.835,0.046
58700,5.000,0.567,2.835,0.047
58900,5.000,0.565,2.824,0.047
59100,5.000,0.558,2.786,0.047
59300,5.000,0.558,2.786,0.047
59500,5.000,0.572,2.858,0.047
59700,5.000,0.562,2.805,0.047
59900,5.000,0.561,2.801,0.048
60100,5.000,0.561,2.801,0.048
60300,5.000,0.568,2.835,0.048
60500,5.000,0.565,2.820,0.048
60700,5.000,0.558,2.786,0.048
60900,5.000,0.565,2.820,0.048
61100,5.000,0.565,2.820,0.049
61300,5.000,0.564,2.816,0.049
61500,5.000,0.560,2.797,0.049
61700,5.000,0.560,2.797,0.049
61900,5.000,0.571,2.855,0.049
62100,5.000,0.559,2.793,0.049
62300,5.000,0.559,2.793,0.050
62500,5.000,0.559,2.793,0.050
62700,5.000,0.571,2.851,0.050
62900,5.000,0.562,2.809,0.050
63100,5.000,0.556,2.782,0.050
63300,5.000,0.556,2.782,0.050
63500,5.000,0.572,2.855,0.050
63700,5.000,0.561,2.801,0.051
63900,5.000,0.561,2.801,0.051
64100,5.000,0.570,2.847,0.051
64300,5.000,0.570,2.847,0.051
64500,5.000,0.558,2.786,0.051
64700,5.000,0.559,2.793,0.052
64900,5.000,0.559,2.793,0.052
65100,5.000,0.571,2.851,0.052
65300,5.000,0.562,2.805,0.052
65500,5.000,0.561,2.805,0.052
65700,5.000,0.561,2.805,0.052
65900,5.000,0.570,2.847,0.052
66100,5.000,0.560,2.797,0.053
66300,5.000,0.565,2.820,0.053
66500,5.000,0.565,2.820,0.053
66700,5.000,0.567,2.832,0.053
66900,5.000,0.564,2.816,0.053
67100,5.000,0.564,2.816,0.053
67300,5.000,0.561,2.801,0.054
67500,5.000,0.571,2.855,0.054
67700,5.000,0.557,2.782,0.054
67900,5.000,0.559,2.793,0.054
68100,5.000,0.559,2.793,0.054
68300,5.000,0.570,2.847,0.054
68500,5.000,0.561,2.805,0.055
68700,5.000,0.564,2.816,0.055
68900,5.000,0.564,2.816,0.055
69100,5.000,0.567,2.835,0.055
69300,5.000,0.559,2.790,0.055
69500,5.000,0.564,2.816,0.055
69700,5.000,0.564,2.816,0.055
69900,5.000,0.569,2.839,0.056
70100,5.000,0.557,2.782,0.056
70300,5.000,0.557,2.782,0.056
70500,5.000,0.567,2.828,0.056
70700,5.000,0.567,2.832,0.056
70900,5.000,0.559,2.790,0.056
71100,5.000,0.564,2.816,0.057
71300,5.000,0.564,2.816,0.057
71500,5.000,0.564,2.816,0.057
71700,5.000,0.559,2.790,0.057
71900,5.000,0.564,2.816,0.057
72100,5.000,0.564,2.816,0.057
72300,5.000,0.569,2.843,0.058
72500,5.000,0.555,2.774,0.058
72700,5.000,0.555,2.774,0.058
72900,5.000,0.567,2.832,0.058
73100,5.000,0.562,2.805,0.058
73300,5.000,0.561,2.801,0.058
73500,5.000,0.561,2.801,0.059
73700,5.000,0.564,2.816,0.059
73900,5.000,0.567,2.832,0.059
74100,5.000,0.557,2.782,0.059
74300,5.000,0.557,2.782,0.059
74500,5.000,0.568,2.835,0.059
74700,5.000,0.564,2.816,0.060
74900,5.000,0.556,2.778,0.060
75100,5.000,0.569,2.839,0.060
75300,5.000,0.569,2.839,0.060
75500,5.000,0.566,2.828,0.060
75700,5.000,0.558,2.786,0.060
75900,5.000,0.558,2.786,0.060
76100,5.000,0.569,2.843,0.061
76300,5.000,0.561,2.801,0.061
76500,5.000,0.561,2.801,0.061
76700,5.000,0.561,2.801,0.061
76900,5.000,0.573,2.862,0.061
77100,5.000,0.558,2.786,0.061
77300,5.000,0.561,2.805,0.062
77500,5.000,0.561,2.805,0.062
77700,5.000,0.570,2.847,0.062
77900,5.000,0.561,2.801,0.062
78100,5.000,0.558,2.786,0.062
78300,5.000,0.570,2.847,0.062
78500,5.000,0.570,2.847,0.063
78700,5.000,0.563,2.813,0.063
78900,5.000,0.558,2.790,0.063
79100,5.000,0.558,2.790,0.063
79300,5.000,0.574,2.866,0.063
79500,5.000,0.558,2.790,0.063
79700,5.000,0.560,2.793,0.064
79900,5.000,0.560,2.793,0.064
80100,5.000,0.568,2.835,0.064
80300,5.000,0.561,2.805,0.064
80500,5.000,0.558,2.790,0.064
80700,5.000,0.558,2.790,0.064
80900,5.000,0.571,2.855,0.064
81100,5.000,0.559,2.790,0.065
81300,5.000,0.559,2.790,0.065
81500,5.000,0.562,2.805,0.065
81700,5.000,0.568,2.839,0.065
81900,5.000,0.557,2.782,0.065
82100,5.000,0.562,2.805,0.065
82300,5.000,0.562,2.805,0.066
82500,5.000,0.573,2.866,0.066
82700,5.000,0.557,2.782,0.066
82900,5.000,0.565,2.824,0.066
83100,5.000,0.565,2.824,0.066
83300,5.000,0.567,2.832,0.066
83500,5.000,0.560,2.797,0.067
83700,5.000,0.560,2.797,0.067
83900,5.000,0.567,2.828,0.067
84100,5.000,0.566,2.828,0.067
84300,5.000,0.561,2.801,0.067
84500,5.000,0.561,2.801,0.067
84700,5.000,0.563,2.813,0.068
84900,5.000,0.568,2.835,0.068
85100,5.000,0.558,2.786,0.068
85300,5.000,0.563,2.813,0.068
85500,5.000,0.563,2.813,0.068
85700,5.000,0.567,2.835,0.068
85900,5.000,0.556,2.774,0.069
86100,5.000,0.570,2.847,0.069
86300,5.000,0.570,2.847,0.069
86500,5.000,0.564,2.820,0.069
86700,5.000,0.558,2.786,0.069
86900,5.000,0.558,2.786,0.069
87100,5.000,0.567,2.832,0.069
87300,5.000,0.564,2.820,0.070
87500,5.000,0.559,2.790,0.070
87700,5.000,0.559,2.790,0.070
87900,5.000,0.567,2.832,0.070
88100,5.000,0.567,2.832,0.070
88300,5.000,0.559,2.793,0.070
88500,5.000,0.559,2.793,0.071
88700,5.000,0.564,2.816,0.071
88900,5.000,0.565,2.824,0.071
89100,5.000,0.557,2.782,0.071
89300,5.000,0.572,2.855,0.071
89500,5.000,0.572,2.855,0.071
89700,5.000,0.562,2.809,0.072
89900,5.000,0.559,2.793,0.072
90100,5.000,0.559,2.793,0.072
90300,5.000,0.569,2.843,0.072
90500,5.000,0.563,2.816,0.072
90700,5.000,0.562,2.809,0.072
90900,5.000,0.562,2.809,0.073
91100,5.000,0.571,2.851,0.073
91300,5.000,0.561,2.801,0.073
91500,5.000,0.557,2.782,0.073
91700,5.000,0.557,2.782,0.073
91900,5.000,0.571,2.851,0.073
92100,5.000,0.561,2.801,0.074
92300,5.000,0.560,2.793,0.074
92500,5.000,0.560,2.793,0.074
92700,5.000,0.569,2.843,0.074
92900,5.000,0.562,2.809,0.074
93100,5.000,0.561,2.801,0.074
93300,5.000,0.561,2.801,0.074
93500,5.000,0.572,2.855,0.075
93700,5.000,0.560,2.797,0.075
93900,5.000,0.561,2.801,0.075
94100,5.000,0.561,2.801,0.075
94300,5.000,0.569,2.839,0.075
94500,5.000,0.559,2.790,0.075
94700,5.000,0.559,2.790,0.076
94900,5.000,0.562,2.805,0.076
95100,5.000,0.572,2.855,0.076
95300,5.000,0.556,2.778,0.076
95500,5.000,0.556,2.778,0.076
95700,5.000,0.561,2.805,0.076
95900,5.000,0.567,2.835,0.077
96100,5.000,0.555,2.771,0.077
96300,5.000,0.567,2.832,0.077
96500,5.000,0.567,2.832,0.077
96700,5.000,0.570,2.843,0.077
96900,5.000,0.557,2.782,0.077
97100,5.000,0.564,2.816,0.078
97300,5.000,0.564,2.816,0.078
97500,5.000,0.569,2.839,0.078
97700,5.000,0.559,2.790,0.078
97900,5.000,0.559,2.790,0.078
98100,5.000,0.568,2.839,0.078
98300,5.000,0.565,2.824,0.078
98500,5.000,0.558,2.790,0.079
98700,5.000,0.558,2.790,0.079
98900,5.000,0.564,2.816,0.079
99100,5.000,0.565,2.824,0.079
99300,5.000,0.561,2.805,0.079
99500,5.000,0.561,2.805,0.079
99700,5.000,0.561,2.805,0.080
99900,5.000,0.569,2.843,0.080
100100,5.000,0.557,2.786,0.080
100300,5.000,0.567,2.832,0.080
100500,5.000,0.567,2.832,0.080
100700,5.000,0.561,2.801,0.080
100900,5.000,0.560,2.797,0.081
101100,5.000,0.560,2.797,0.081
101300,5.000,0.569,2.843,0.081
101500,5.000,0.571,2.851,0.081
101700,5.000,0.558,2.786,0.081
101900,5.000,0.558,2.786,0.081
102100,5.000,0.568,2.835,0.082
102300,5.000,0.564,2.816,0.082
102500,5.000,0.556,2.778,0.082
102700,5.000,0.565,2.824,0.082
102900,5.000,0.565,2.824,0.082
103100,5.000,0.561,2.805,0.082
103300,5.000,0.560,2.797,0.083
103500,5.000,0.560,2.797,0.083
103700,5.000,0.569,2.843,0.083
103900,5.000,0.562,2.805,0.083
104100,5.000,0.557,2.782,0.083
104300,5.000,0.557,2.782,0.083
104500,5.000,0.573,2.858,0.083
104700,5.000,0.561,2.805,0.084
104900,5.000,0.562,2.805,0.084
105100,5.000,0.562,2.805,0.084
105300,5.000,0.567,2.835,0.084
105500,5.000,0.563,2.813,0.084
105700,5.000,0.563,2.813,0.084
105900,5.000,0.558,2.786,0.085
106100,5.000,0.568,2.835,0.085
106300,5.000,0.565,2.824,0.085
106500,5.000,0.557,2.782,0.085
106700,5.000,0.557,2.782,0.085
106900,5.000,0.573,2.862,0.085
107100,5.000,0.559,2.793,0.086
107300,5.000,0.561,2.801,0.086
107500,5.000,0.561,2.801,0.086
107700,5.000,0.568,2.835,0.086
107900,5.000,0.560,2.797,0.086
108100,5.000,0.563,2.813,0.086
108300,5.000,0.563,2.813,0.087
108500,5.000,0.568,2.839,0.087
108700,5.000,0.557,2.782,0.087
108900,5.000,0.557,2.782,0.087
109100,5.000,0.563,2.813,0.087
109300,5.000,0.571,2.851,0.087
109500,5.000,0.557,2.782,0.087
109700,5.000,0.562,2.809,0.088
109900,5.000,0.562,2.809,0.088
110100,5.000,0.567,2.832,0.088
110300,5.000,0.561,2.801,0.088
110500,5.000,0.563,2.813,0.088
110700,5.000,0.563,2.813,0.088
110900,5.000,0.567,2.835,0.089
111100,5.000,0.555,2.771,0.089
111300,5.000,0.566,2.828,0.089
111500,5.000,0.566,2.828,0.089
111700,5.000,0.569,2.839,0.089
111900,5.000,0.557,2.782,0.089
112100,5.000,0.557,2.782,0.090
112300,5.000,0.564,2.816,0.090
112500,5.000,0.569,2.843,0.090
112700,5.000,0.557,2.786,0.090
112900,5.000,0.557,2.786,0.090
113100,5.000,0.563,2.813,0.090
113300,5.000,0.570,2.847,0.091
113500,5.000,0.557,2.786,0.091
113700,5.000,0.567,2.832,0.091
113900,5.000,0.567,2.832,0.091
114100,5.000,0.566,2.832,0.091
114300,5.000,0.557,2.782,0.091
114500,5.000,0.557,2.782,0.092
114700,5.000,0.566,2.824,0.092
114900,5.000,0.566,2.828,0.092
115100,5.000,0.558,2.786,0.092
115300,5.000,0.558,2.786,0.092
115500,5.000,0.570,2.847,0.092
115700,5.000,0.561,2.801,0.092
115900,5.000,0.558,2.786,0.093
116100,5.000,0.558,2.786,0.093
116300,5.000,0.569,2.843,0.093
116500,5.000,0.560,2.793,0.093
116700,5.000,0.560,2.797,0.093
116900,5.000,0.565,2.824,0.093
117100,5.000,0.565,2.824,0.094
117300,5.000,0.566,2.828,0.094
117500,5.000,0.556,2.778,0.094
117700,5.000,0.556,2.778,0.094
117900,5.000,0.571,2.851,0.094
118100,5.000,0.559,2.793,0.094
118300,5.000,0.560,2.797,0.095
118500,5.000,0.560,2.797,0.095
118700,5.000,0.573,2.862,0.095
118900,5.000,0.557,2.782,0.095
119100,5.000,0.560,2.793,0.095
119300,5.000,0.560,2.793,0.095
119500,5.000,0.571,2.851,0.096
119700,5.000,0.561,2.801,0.096
119900,5.000,0.561,2.801,0.096
120100,5.000,0.573,2.862,0.096
120300,5.000,0.573,2.862,0.096
120500,5.000,0.560,2.797,0.096
120700,5.000,0.562,2.805,0.097
120900,5.000,0.562,2.805,0.097
121100,5.000,0.571,2.851,0.097
121300,5.000,0.557,2.782,0.097
121500,5.000,0.561,2.801,0.097
121700,5.000,0.561,2.801,0.097
121900,5.000,0.571,2.855,0.097
122100,5.000,0.556,2.778,0.098
122300,5.000,0.566,2.824,0.098
122500,5.000,0.566,2.824,0.098
122700,5.000,0.565,2.824,0.098
122900,5.000,0.558,2.786,0.098
123100,5.000,0.558,2.786,0.098
123300,5.000,0.563,2.813,0.099
123500,5.000,0.567,2.835,0.099
123700,5.000,0.560,2.797,0.099
123900,5.000,0.559,2.793,0.099
124100,5.000,0.559,2.793,0.099
124300,5.000,0.573,2.862,0.099
124500,5.000,0.557,2.782,0.100
124700,5.000,0.566,2.824,0.100
124900,5.000,0.566,2.824,0.100
125100,5.000,0.565,2.820,0.100
125300,5.000,0.559,2.790,0.100
125500,5.000,0.559,2.790,0.100
125700,5.000,0.570,2.843,0.101
125900,5.000,0.562,2.809,0.101
126100,5.000,0.558,2.790,0.101
126300,5.000,0.558,2.790,0.101
126500,5.000,0.563,2.813,0.101
126700,5.000,0.566,2.828,0.101
126900,5.000,0.559,2.793,0.101
127100,5.000,0.566,2.828,0.102
127300,5.000,0.566,2.828,0.102
127500,5.000,0.567,2.832,0.102
127700,5.000,0.559,2.793,0.102
127900,5.000,0.568,2.839,0.102
128100,5.000,0.568,2.839,0.102
128300,5.000,0.563,2.816,0.103
128500,5.000,0.557,2.786,0.103
128700,5.000,0.557,2.786,0.103
128900,5.000,0.571,2.851,0.103
129100,5.000,0.564,2.816,0.103
129300,5.000,0.558,2.786,0.103
129500,5.000,0.558,2.786,0.104
129700,5.000,0.565,2.820,0.104
129900,5.000,0.567,2.832,0.104
130100,5.000,0.557,2.782,0.104
130300,5.000,0.557,2.782,0.104
130500,5.000,0.565,2.824,0.104
130700,5.000,0.566,2.828,0.105
130900,5.000,0.554,2.767,0.105
131100,5.000,0.573,2.862,0.105
131300,5.000,0.573,2.862,0.105
131500,5.000,0.560,2.793,0.105
131700,5.000,0.561,2.801,0.105
131900,5.000,0.561,2.801,0.106
132100,5.000,0.569,2.843,0.106
132300,5.000,0.559,2.793,0.106
132500,5.000,0.563,2.813,0.106
132700,5.000,0.563,2.813,0.106
132900,5.000,0.571,2.851,0.106
133100,5.000,0.557,2.782,0.106
133300,5.000,0.556,2.778,0.107
133500,5.000,0.556,2.778,0.107
133700,5.000,0.568,2.839,0.107
133900,5.000,0.563,2.809,0.107
134100,5.000,0.561,2.801,0.107
134300,5.000,0.571,2.851,0.107
134500,5.000,0.571,2.851,0.108
134700,5.000,0.562,2.805,0.108
134900,5.000,0.562,2.805,0.108
135100,5.000,0.562,2.805,0.108
135300,5.000,0.570,2.847,0.108
135500,5.000,0.557,2.782,0.108
135700,5.000,0.564,2.816,0.109
135900,5.000,0.564,2.816,0.109
136100,5.000,0.570,2.847,0.109
136300,5.000,0.557,2.782,0.109
136500,5.000,0.557,2.782,0.109
136700,5.000,0.562,2.805,0.109
136900,5.000,0.571,2.851,0.110
137100,5.000,0.556,2.778,0.110
137300,5.000,0.556,2.778,0.110
137500,5.000,0.563,2.813,0.110
137700,5.000,0.572,2.858,0.110
137900,5.000,0.556,2.778,0.110
138100,5.000,0.565,2.820,0.111
138300,5.000,0.565,2.820,0.111
138500,5.000,0.568,2.835,0.111
138700,5.000,0.559,2.793,0.111
138900,5.000,0.563,2.813,0.111
139100,5.000,0.563,2.813,0.111
139300,5.000,0.565,2.824,0.111
139500,5.000,0.560,2.797,0.112
139700,5.000,0.560,2.797,0.112
139900,5.000,0.566,2.832,0.112
140100,5.000,0.562,2.809,0.112
140300,5.000,0.556,2.778,0.112
140500,5.000,0.556,2.778,0.112
140700,5.000,0.563,2.813,0.113
140900,5.000,0.567,2.832,0.113
141100,5.000,0.560,2.797,0.113
141300,5.000,0.565,2.824,0.113
141500,5.000,0.565,2.824,0.113
141700,5.000,0.569,2.843,0.113
141900,5.000,0.558,2.786,0.114
142100,5.000,0.567,2.832,0.114
142300,5.000,0.567,2.832,0.114
142500,5.000,0.562,2.809,0.114
142700,5.000,0.561,2.801,0.114
142900,5.000,0.561,2.801,0.114
143100,5.000,0.570,2.847,0.115
143300,5.000,0.562,2.805,0.115
143500,5.000,0.556,2.782,0.115
143700,5.000,0.556,2.782,0.115
143900,5.000,0.569,2.839,0.115
144100,5.000,0.562,2.809,0.115
144300,5.000,0.559,2.790,0.115
144500,5.000,0.559,2.790,0.116
144700,5.000,0.570,2.851,0.116
144900,5.000,0.560,2.797,0.116
145100,5.000,0.560,2.797,0.116
145300,5.000,0.572,2.858,0.116
145500,5.000,0.572,2.858,0.116
145700,5.000,0.559,2.793,0.117
145900,5.000,0.558,2.786,0.117
146100,5.000,0.558,2.786,0.117
146300,5.000,0.571,2.851,0.117
146500,5.000,0.562,2.805,0.117
146700,5.000,0.561,2.801,0.117
146900,5.000,0.561,2.801,0.118
147100,5.000,0.569,2.847,0.118
147300,5.000,0.556,2.778,0.118
147500,5.000,0.556,2.778,0.118
147700,5.000,0.558,2.790,0.118
147900,5.000,0.570,2.847,0.118
148100,5.000,0.564,2.816,0.119
148300,5.000,0.559,2.790,0.119
148500,5.000,0.559,2.790,0.119
148700,5.000,0.574,2.862,0.119
148900,5.000,0.557,2.782,0.119
149100,5.000,0.562,2.809,0.119
149300,5.000,0.562,2.809,0.120
149500,5.000,0.568,2.839,0.120
149700,5.000,0.561,2.801,0.120
149900,5.000,0.563,2.809,0.120
150100,5.000,0.563,2.809,0.120
150300,5.000,0.569,2.839,0.120
150500,5.000,0.555,2.771,0.120
150700,5.000,0.555,2.771,0.121
150900,5.000,0.563,2.809,0.121
151100,5.000,0.570,2.847,0.121
151300,5.000,0.556,2.778,0.121
151500,5.000,0.556,2.778,0.121
151700,5.000,0.562,2.809,0.121
151900,5.000,0.570,2.847,0.122
152100,5.000,0.559,2.793,0.122
152300,5.000,0.566,2.828,0.122
152500,5.000,0.566,2.828,0.122
152700,5.000,0.566,2.824,0.122
152900,5.000,0.559,2.793,0.122
153100,5.000,0.564,2.816,0.123
153300,5.000,0.564,2.816,0.123
153500,5.000,0.565,2.824,0.123
153700,5.000,0.558,2.786,0.123
153900,5.000,0.558,2.786,0.123
154100,5.000,0.567,2.832,0.123
154300,5.000,0.563,2.813,0.124
154500,5.000,0.555,2.774,0.124
154700,5.000,0.555,2.774,0.124
154900,5.000,0.564,2.816,0.124
155100,5.000,0.570,2.847,0.124
155300,5.000,0.558,2.790,0.124
155500,5.000,0.568,2.835,0.125
155700,5.000,0.568,2.835,0.125
155900,5.000,0.565,2.824,0.125
156100,5.000,0.558,2.786,0.125
156300,5.000,0.567,2.832,0.125
156500,5.000,0.567,2.832,0.125
156700,5.000,0.567,2.828,0.125
156900,5.000,0.557,2.786,0.126
157100,5.000,0.557,2.786,0.126
157300,5.000,0.571,2.851,0.126
157500,5.000,0.558,2.790,0.126
157700,5.000,0.560,2.797,0.126
157900,5.000,0.560,2.797,0.126
158100,5.000,0.566,2.828,0.127
158300,5.000,0.563,2.813,0.127
158500,5.000,0.563,2.813,0.127
158700,5.000,0.573,2.862,0.127
158900,5.000,0.573,2.862,0.127
159100,5.000,0.565,2.820,0.127
159300,5.000,0.556,2.782,0.128
159500,5.000,0.556,2.782,0.128
159700,5.000,0.572,2.855,0.128
159900,5.000,0.567,2.832,0.128
160100,5.000,0.560,2.797,0.128
160300,5.000,0.560,2.797,0.128
160500,5.000,0.573,2.858,0.129
160700,5.000,0.558,2.786,0.129
160900,5.000,0.561,2.801,0.129
161100,5.000,0.561,2.801,0.129
161300,5.000,0.569,2.843,0.129
161500,5.000,0.556,2.778,0.129
161700,5.000,0.556,2.778,0.129
161900,5.000,0.560,2.797,0.130
162100,5.000,0.569,2.843,0.130
162300,5.000,0.562,2.805,0.130
162500,5.000,0.561,2.801,0.130
162700,5.000,0.561,2.801,0.130
162900,5.000,0.571,2.851,0.130
163100,5.000,0.557,2.782,0.131
163300,5.000,0.562,2.805,0.131
163500,5.000,0.562,2.805,0.131
163700,5.000,0.573,2.862,0.131
163900,5.000,0.557,2.782,0.131
164100,5.000,0.565,2.820,0.131
164300,5.000,0.565,2.820,0.132
164500,5.000,0.565,2.820,0.132
164700,5.000,0.559,2.790,0.132
164900,5.000,0.559,2.790,0.132
165100,5.000,0.560,2.793,0.132
165300,5.000,0.570,2.847,0.132
165500,5.000,0.558,2.786,0.132
165700,5.000,0.563,2.813,0.133
165900,5.000,0.563,2.813,0.133
166100,5.000,0.571,2.851,0.133
166300,5.000,0.557,2.786,0.133
166500,5.000,0.565,2.820,0.133
166700,5.000,0.565,2.820,0.134
166900,5.000,0.567,2.832,0.134
167100,5.000,0.556,2.774,0.134
167300,5.000,0.556,2.847,0.134
167500,5.000,0.570,2.847,0.134
167700,5.000,0.564,2.816,0.134
167900,5.000,0.558,2.790,0.134
168100,5.000,0.558,2.790,0.135
168300,5.000,0.564,2.816,0.135
168500,5.000,0.562,2.809,0.135
168700,5.000,0.559,2.793,0.135
168900,5.000,0.559,2.793,0.135
169100,5.000,0.563,2.813,0.135
169300,5.000,0.569,2.843,0.136
169500,5.000,0.558,2.786,0.136
169700,5.000,0.568,2.835,0.136
169900,5.000,0.568,2.835,0.136
170100,5.000,0.563,2.813,0.136
170300,5.000,0.558,2.790,0.136
170500,5.000,0.558,2.790,0.137
170700,5.000,0.570,2.847,0.137
170900,5.000,0.563,2.813,0.137
171100,5.000,0.557,2.782,0.137
171300,5.000,0.557,2.782,0.137
171500,5.000,0.568,2.835,0.137
171700,5.000,0.561,2.801,0.138
171900,5.000,0.557,2.782,0.138
172100,5.000,0.557,2.782,0.138
172300,5.000,0.569,2.843,0.138
172500,5.000,0.565,2.820,0.138
172700,5.000,0.557,2.782,0.138
172900,5.000,0.573,2.862,0.139
173100,5.000,0.573,2.862,0.139
173300,5.000,0.561,2.801,0.139
173500,5.000,0.558,2.786,0.139
173700,5.000,0.558,2.786,0.139
173900,5.000,0.570,2.843,0.139
174100,5.000,0.564,2.813,0.139
174300,5.000,0.560,2.797,0.140
174500,5.000,0.560,2.797,0.140
174700,5.000,0.572,2.858,0.140
174900,5.000,0.556,2.774,0.140
175100,5.000,0.560,2.797,0.140
175300,5.000,0.560,2.797,0.140
175500,5.000,0.566,2.828,0.141
175700,5.000,0.563,2.813,0.141
175900,5.000,0.563,2.813,0.141
176100,5.000,0.574,2.866,0.141
176300,5.000,0.574,2.866,0.141
176500,5.000,0.558,2.790,0.141
176700,5.000,0.562,2.805,0.142
176900,5.000,0.562,2.805,0.142
177100,5.000,0.569,2.839,0.142
177300,5.000,0.555,2.771,0.142
177500,5.000,0.565,2.824,0.142
177700,5.000,0.565,2.824,0.142
177900,5.000,0.570,2.847,0.143
178100,5.000,0.557,2.782,0.143
178300,5.000,0.557,2.809,0.143
178500,5.000,0.562,2.809,0.143
178700,5.000,0.568,2.835,0.143
178900,5.000,0.557,2.782,0.143
179100,5.000,0.557,2.782,0.143
179300,5.000,0.562,2.809,0.144
179500,5.000,0.572,2.855,0.144
179700,5.000,0.558,2.786,0.144
179900,5.000,0.568,2.835,0.144
180100,5.000,0.568,2.835,0.144
180300,5.000,0.569,2.839,0.144
180500,5.000,0.558,2.786,0.145
180700,5.000,0.563,2.809,0.145
180900,5.000,0.563,2.809,0.145
181100,5.000,0.570,2.847,0.145
181300,5.000,0.557,2.782,0.145
181500,5.000,0.557,2.782,0.145
181700,5.000,0.569,2.839,0.146
181900,5.000,0.563,2.809,0.146
182100,5.000,0.560,2.797,0.146
182300,5.000,0.560,2.797,0.146
182500,5.000,0.559,2.793,0.146
182700,5.000,0.568,2.839,0.146
182900,5.000,0.555,2.771,0.146
183100,5.000,0.571,2.851,0.147
183300,5.000,0.571,2.851,0.147
183500,5.000,0.563,2.813,0.147
183700,5.000,0.559,2.793,0.147
183900,5.000,0.568,2.835,0.147
184100,5.000,0.568,2.835,0.148
184300,5.000,0.560,2.797,0.148
184500,5.000,0.562,2.809,0.148
184700,5.000,0.562,2.809,0.148
184900,5.000,0.568,2.839,0.148
185100,5.000,0.562,2.805,0.148
185300,5.000,0.558,2.786,0.148
185500,5.000,0.558,2.786,0.149
185700,5.000,0.566,2.828,0.149
185900,5.000,0.563,2.813,0.149
186100,5.000,0.560,2.797,0.149
186300,5.000,0.560,2.797,0.149
186500,5.000,0.571,2.851,0.149
186700,5.000,0.563,2.809,0.150
186900,5.000,0.561,2.801,0.150
187100,5.000,0.570,2.847,0.150
187300,5.000,0.570,2.847,0.150
187500,5.000,0.561,2.805,0.150
187700,5.000,0.558,2.786,0.150
187900,5.000,0.558,2.786,0.151
188100,5.000,0.574,2.866,0.151
188300,5.000,0.560,2.797,0.151
188500,5.000,0.561,2.801,0.151
188700,5.000,0.561,2.801,0.151
188900,5.000,0.569,2.843,0.151
189100,5.000,0.561,2.801,0.151
189300,5.000,0.561,2.801,0.152
189500,5.000,0.554,2.767,0.152
189700,5.000,0.572,2.855,0.152
189900,5.000,0.557,2.786,0.152
190100,5.000,0.566,2.828,0.152
190300,5.000,0.566,2.828,0.153
190500,5.000,0.571,2.851,0.153
190700,5.000,0.559,2.790,0.153
190900,5.000,0.562,2.809,0.153
191100,5.000,0.562,2.809,0.153
191300,5.000,0.567,2.832,0.153
191500,5.000,0.562,2.805,0.153
191700,5.000,0.561,2.805,0.154
191900,5.000,0.561,2.805,0.154
192100,5.000,0.568,2.835,0.154
192300,5.000,0.556,2.782,0.154
192500,5.000,0.556,2.782,0.154
192700,5.000,0.560,2.801,0.154
192900,5.000,0.572,2.855,0.155
193100,5.000,0.559,2.793,0.155
193300,5.000,0.559,2.793,0.155
193500,5.000,0.563,2.813,0.155
193700,5.000,0.571,2.851,0.155
193900,5.000,0.561,2.805,0.155
194100,5.000,0.563,2.813,0.156
194300,5.000,0.563,2.813,0.156
194500,5.000,0.566,2.828,0.156
194700,5.000,0.558,2.790,0.156
194900,5.000,0.567,2.828,0.156
195100,5.000,0.567,2.828,0.156
195300,5.000,0.568,2.835,0.156
195500,5.000,0.558,2.786,0.157
195700,5.000,0.558,2.786,0.157
195900,5.000,0.567,2.832,0.157
196100,5.000,0.566,2.828,0.157
196300,5.000,0.554,2.767,0.157
196500,5.000,0.554,2.767,0.157
196700,5.000,0.565,2.824,0.158
196900,5.000,0.565,2.824,0.158
197100,5.000,0.562,2.805,0.158
197300,5.000,0.569,2.839,0.158
197500,5.000,0.569,2.839,0.158
197700,5.000,0.565,2.820,0.158
197900,5.000,0.558,2.786,0.159
198100,5.000,0.565,2.824,0.159
198300,5.000,0.565,2.824,0.159
198500,5.000,0.564,2.816,0.159
198700,5.000,0.559,2.797,0.159
198900,5.000,0.559,2.797,0.159
199100,5.000,0.569,2.843,0.160
199300,5.000,0.560,2.797,0.160
199500,5.000,0.557,2.786,0.160
199700,5.000,0.557,2.786,0.160
199900,5.000,0.567,2.832,0.160
200100,5.000,0.562,2.805,0.160
200300,5.000,0.562,2.805,0.160
200500,5.000,0.560,2.797,0.161
200700,5.000,0.572,2.855,0.161
200900,5.000,0.565,2.824,0.161
201100,5.000,0.558,2.786,0.161
201300,5.000,0.558,2.786,0.161
201500,5.000,0.568,2.839,0.162
201700,5.000,0.563,2.816,0.162
201900,5.000,0.560,2.801,0.162
202100,5.000,0.560,2.801,0.162
202300,5.000,0.572,2.858,0.162
202500,5.000,0.558,2.786,0.162
202700,5.000,0.562,2.805,0.162
202900,5.000,0.562,2.805,0.163
203100,5.000,0.571,2.855,0.163
203300,5.000,0.556,2.778,0.163
203500,5.000,0.556,2.778,0.163
203700,5.000,0.562,2.805,0.163
203900,5.000,0.572,2.855,0.163
204100,5.000,0.562,2.805,0.164
204300,5.000,0.560,2.797,0.164
204500,5.000,0.560,2.797,0.164
204700,5.000,0.570,2.847,0.164
204900,5.000,0.557,2.782,0.164
205100,5.000,0.560,2.793,0.164
205300,5.000,0.560,2.793,0.165
205500,5.000,0.571,2.851,0.165
205700,5.000,0.559,2.793,0.165
205900,5.000,0.563,2.813,0.165
206100,5.000,0.563,2.813,0.165
206300,5.000,0.565,2.824,0.165
206500,5.000,0.558,2.790,0.165
206700,5.000,0.558,2.790,0.166
206900,5.000,0.560,2.797,0.166
207100,5.000,0.571,2.851,0.166
207300,5.000,0.560,2.797,0.166
207500,5.000,0.560,2.797,0.166
207700,5.000,0.565,2.824,0.167
207900,5.000,0.570,2.843,0.167
208100,5.000,0.556,2.778,0.167
208300,5.000,0.563,2.816,0.167
208500,5.000,0.563,2.816,0.167
208700,5.000,0.570,2.847,0.167
208900,5.000,0.558,2.786,0.167
209100,5.000,0.568,2.835,0.168
209300,5.000,0.568,2.835,0.168
209500,5.000,0.563,2.813,0.168
209700,5.000,0.559,2.793,0.168
209900,5.000,0.559,2.793,0.168
210100,5.000,0.570,2.843,0.168
210300,5.000,0.561,2.801,0.169
210500,5.000,0.560,2.797,0.169
210700,5.000,0.560,2.797,0.169
210900,5.000,0.563,2.813,0.169
211100,5.000,0.568,2.835,0.169
211300,5.000,0.556,2.778,0.169
211500,5.000,0.569,2.843,0.170
211700,5.000,0.569,2.843,0.170
211900,5.000,0.562,2.805,0.170
212100,5.000,0.556,2.778,0.170
212300,5.000,0.556,2.778,0.170
212500,5.000,0.572,2.855,0.170
212700,5.000,0.562,2.805,0.170
212900,5.000,0.558,2.786,0.171
213100,5.000,0.558,2.786,0.171
213300,5.000,0.570,2.847,0.171
213500,5.000,0.560,2.797,0.171
213700,5.000,0.558,2.786,0.171
213900,5.000,0.558,2.786,0.171
214100,5.000,0.569,2.839,0.172
214300,5.000,0.565,2.824,0.172
214500,5.000,0.565,2.824,0.172
214700,5.000,0.571,2.851,0.172
214900,5.000,0.571,2.851,0.172
215100,5.000,0.562,2.805,0.172
215300,5.000,0.558,2.786,0.173
215500,5.000,0.558,2.786,0.173
215700,5.000,0.572,2.855,0.173
215900,5.000,0.563,2.809,0.173
216100,5.000,0.562,2.805,0.173
216300,5.000,0.562,2.805,0.173
216500,5.000,0.570,2.843,0.174
216700,5.000,0.559,2.790,0.174
216900,5.000,0.563,2.813,0.174
217100,5.000,0.563,2.813,0.174
217300,5.000,0.565,2.824,0.174
217500,5.000,0.571,2.855,0.174
217700,5.000,0.571,2.855,0.174
217900,5.000,0.560,2.793,0.175
218100,5.000,0.572,2.858,0.175
218300,5.000,0.563,2.813,0.175
218500,5.000,0.565,2.820,0.175
218700,5.000,0.565,2.820,0.175
218900,5.000,0.568,2.835,0.176
219100,5.000,0.556,2.778,0.176
219300,5.000,0.564,2.816,0.176
219500,5.000,0.564,2.816,0.176
219700,5.000,0.569,2.843,0.176
219900,5.000,0.557,2.782,0.176
220100,5.000,0.564,2.816,0.176
220300,5.000,0.564,2.816,0.177
220500,5.000,0.566,2.828,0.177
220700,5.000,0.556,2.782,0.177
220900,5.000,0.556,2.782,0.177
221100,5.000,0.560,2.793,0.177
221300,5.000,0.571,2.855,0.177
221500,5.000,0.559,2.790,0.178
221700,5.000,0.564,2.816,0.178
221900,5.000,0.564,2.816,0.178
222100,5.000,0.569,2.839,0.178
222300,5.000,0.556,2.774,0.178
222500,5.000,0.565,2.820,0.178
222700,5.000,0.565,2.820,0.179
222900,5.000,0.569,2.839,0.179
223100,5.000,0.558,2.786,0.179
223300,5.000,0.558,2.786,0.179
223500,5.000,0.567,2.832,0.179
223700,5.000,0.564,2.816,0.179
223900,5.000,0.559,2.790,0.179
224100,5.000,0.559,2.790,0.180
224300,5.000,0.563,2.813,0.180
224500,5.000,0.569,2.839,0.180
224700,5.000,0.556,2.774,0.180
224900,5.000,0.556,2.774,0.180
225100,5.000,0.569,2.843,0.181
225300,5.000,0.561,2.801,0.181
225500,5.000,0.559,2.793,0.181
225700,5.000,0.566,2.828,0.181
225900,5.000,0.566,2.828,0.181
226100,5.000,0.566,2.828,0.181
226300,5.000,0.559,2.790,0.181
226500,5.000,0.559,2.790,0.182
226700,5.000,0.573,2.862,0.182
226900,5.000,0.559,2.793,0.182
227100,5.000,0.559,2.790,0.182
227300,5.000,0.559,2.790,0.182
227500,5.000,0.568,2.839,0.182
227700,5.000,0.559,2.790,0.183
227900,5.000,0.556,2.774,0.183
228100,5.000,0.556,2.774,0.183
228300,5.000,0.572,2.858,0.183
228500,5.000,0.561,2.801,0.183
228700,5.000,0.559,2.790,0.183
228900,5.000,0.574,2.866,0.184
229100,5.000,0.574,2.866,0.184
229300,5.000,0.556,2.774,0.184
229500,5.000,0.559,2.793,0.184
229700,5.000,0.559,2.793,0.184
229900,5.000,0.572,2.858,0.184
230100,5.000,0.560,2.797,0.184
230300,5.000,0.560,2.797,0.185
230500,5.000,0.560,2.797,0.185
230700,5.000,0.569,2.843,0.185
230900,5.000,0.560,2.801,0.185
231100,5.000,0.558,2.786,0.185
231300,5.000,0.558,2.786,0.185
231500,5.000,0.572,2.855,0.186
231700,5.000,0.563,2.809,0.186
231900,5.000,0.563,2.809,0.186
232100,5.000,0.563,2.835,0.186
232300,5.000,0.568,2.835,0.186
232500,5.000,0.558,2.786,0.186
232700,5.000,0.560,2.797,0.187
232900,5.000,0.560,2.797,0.187
233100,5.000,0.571,2.851,0.187
233300,5.000,0.560,2.801,0.187
233500,5.000,0.562,2.805,0.187
233700,5.000,0.562,2.805,0.187
233900,5.000,0.569,2.843,0.188
234100,5.000,0.556,2.778,0.188
234300,5.000,0.556,2.778,0.188
234500,5.000,0.562,2.809,0.188
234700,5.000,0.565,2.824,0.188
234900,5.000,0.555,2.774,0.188
235100,5.000,0.555,2.774,0.188
235300,5.000,0.566,2.828,0.189
235500,5.000,0.569,2.843,0.189
235700,5.000,0.558,2.786,0.189
235900,5.000,0.566,2.828,0.189
236100,5.000,0.566,2.828,0.189
236300,5.000,0.563,2.809,0.189
236500,5.000,0.561,2.801,0.190
236700,5.000,0.566,2.824,0.190
236900,5.000,0.566,2.824,0.190
237100,5.000,0.567,2.832,0.190
237300,5.000,0.555,2.771,0.190
237500,5.000,0.555,2.771,0.190
237700,5.000,0.568,2.835,0.191
237900,5.000,0.565,2.824,0.191
238100,5.000,0.557,2.782,0.191
238300,5.000,0.557,2.782,0.191
238500,5.000,0.566,2.828,0.191
238700,5.000,0.568,2.835,0.191
238900,5.000,0.559,2.790,0.192
239100,5.000,0.566,2.828,0.192
239300,5.000,0.566,2.828,0.192
239500,5.000,0.564,2.816,0.192
239700,5.000,0.559,2.793,0.192
239900,5.000,0.569,2.843,0.192
240100,5.000,0.569,2.843,0.193
240300,5.000,0.566,2.828,0.193
240500,5.000,0.559,2.793,0.193
240700,5.000,0.559,2.793,0.193
240900,5.000,0.569,2.843,0.193
241100,5.000,0.562,2.805,0.193
241300,5.000,0.560,2.797,0.193
241500,5.000,0.560,2.797,0.194
241700,5.000,0.566,2.828,0.194
241900,5.000,0.562,2.809,0.194
242100,5.000,0.560,2.797,0.194
242300,5.000,0.560,2.797,0.194
242500,5.000,0.574,2.870,0.194
242700,5.000,0.557,2.786,0.195
242900,5.000,0.560,2.797,0.195
243100,5.000,0.560,2.797,0.195
243300,5.000,0.567,2.828,0.195
243500,5.000,0.565,2.824,0.195
243700,5.000,0.558,2.786,0.195
243900,5.000,0.558,2.786,0.196
244100,5.000,0.572,2.855,0.196
244300,5.000,0.556,2.778,0.196
244500,5.000,0.562,2.809,0.196
244700,5.000,0.562,2.809,0.196
244900,5.000,0.572,2.855,0.196
245100,5.000,0.558,2.790,0.197
245300,5.000,0.558,2.790,0.197
245500,5.000,0.562,2.805,0.197
245700,5.000,0.572,2.855,0.197
245900,5.000,0.568,2.835,0.197
246100,5.000,0.560,2.797,0.197
246300,5.000,0.560,2.797,0.198
246500,5.000,0.571,2.851,0.198
246700,5.000,0.557,2.786,0.198
246900,5.000,0.563,2.813,0.198
247100,5.000,0.563,2.813,0.198
247300,5.000,0.571,2.855,0.198
247500,5.000,0.558,2.786,0.198
247700,5.000,0.563,2.813,0.199
247900,5.000,0.563,2.813,0.199
248100,5.000,0.566,2.828,0.199
248300,5.000,0.561,2.805,0.199
248500,5.000,0.561,2.805,0.199
248700,5.000,0.559,2.790,0.199
248900,5.000,0.569,2.843,0.200
249100,5.000,0.561,2.801,0.200
249300,5.000,0.561,2.801,0.200
249500,5.000,0.566,2.828,0.200
249700,5.000,0.565,2.824,0.200
249900,5.000,0.557,2.782,0.200
250100,5.000,0.562,2.809,0.201
250300,5.000,0.562,2.809,0.201
250500,5.000,0.570,2.847,0.201
250700,5.000,0.555,2.774,0.201
250900,5.000,0.570,2.843,0.201
251100,5.000,0.570,2.843,0.201
251300,5.000,0.564,2.816,0.202
251500,5.000,0.557,2.786,0.202
251700,5.000,0.557,2.786,0.202
251900,5.000,0.570,2.847,0.202
252100,5.000,0.565,2.820,0.202
252300,5.000,0.559,2.793,0.202
252500,5.000,0.559,2.793,0.202
252700,5.000,0.566,2.828,0.203
252900,5.000,0.565,2.824,0.203
253100,5.000,0.556,2.778,0.203
253300,5.000,0.568,2.839,0.203
253500,5.000,0.568,2.839,0.203
253700,5.000,0.563,2.813,0.203
253900,5.000,0.560,2.797,0.204
254100,5.000,0.560,2.797,0.204
254300,5.000,0.572,2.858,0.204
254500,5.000,0.562,2.805,0.204
254700,5.000,0.559,2.793,0.204
254900,5.000,0.559,2.793,0.204
255100,5.000,0.570,2.847,0.205
255300,5.000,0.563,2.813,0.205
255500,5.000,0.558,2.790,0.205
255700,5.000,0.558,2.790,0.205
255900,5.000,0.569,2.839,0.205
256100,5.000,0.564,2.816,0.205
256300,5.000,0.564,2.816,0.206
256500,5.000,0.560,2.793,0.206
256700,5.000,0.568,2.839,0.206
256900,5.000,0.563,2.809,0.206
257100,5.000,0.555,2.771,0.206
257300,5.000,0.555,2.771,0.206
257500,5.000,0.573,2.862,0.207
257700,5.000,0.558,2.786,0.207
257900,5.000,0.565,2.820,0.207
258100,5.000,0.565,2.820,0.207
258300,5.000,0.568,2.839,0.207
258500,5.000,0.559,2.793,0.207
258700,5.000,0.563,2.809,0.207
258900,5.000,0.563,2.809,0.208
259100,5.000,0.570,2.847,0.208
259300,5.000,0.560,2.797,0.208
259500,5.000,0.560,2.797,0.208
259700,5.000,0.561,2.805,0.208
259900,5.000,0.571,2.855,0.208
260100,5.000,0.556,2.774,0.209
260300,5.000,0.562,2.809,0.209
260500,5.000,0.562,2.809,0.209
260700,5.000,0.568,2.839,0.209
260900,5.000,0.562,2.809,0.209
261100,5.000,0.563,2.813,0.209
261300,5.000,0.563,2.813,0.210
261500,5.000,0.569,2.843,0.210
261700,5.000,0.558,2.786,0.210
261900,5.000,0.563,2.813,0.210
262100,5.000,0.563,2.813,0.210
262300,5.000,0.569,2.843,0.210
262500,5.000,0.559,2.790,0.211
262700,5.000,0.559,2.790,0.211
262900,5.000,0.565,2.820,0.211
263100,5.000,0.570,2.843,0.211
263300,5.000,0.559,2.790,0.211
263500,5.000,0.559,2.790,0.211
263700,5.000,0.563,2.809,0.212
263900,5.000,0.568,2.839,0.212
264100,5.000,0.555,2.774,0.212
264300,5.000,0.565,2.820,0.212
264500,5.000,0.565,2.820,0.212
264700,5.000,0.567,2.832,0.212
264900,5.000,0.559,2.793,0.212
265100,5.000,0.559,2.793,0.213
265300,5.000,0.568,2.835,0.213
265500,5.000,0.563,2.809,0.213
265700,5.000,0.558,2.786,0.213
265900,5.000,0.558,2.786,0.213
266100,5.000,0.571,2.855,0.213
266300,5.000,0.560,2.797,0.214
266500,5.000,0.560,2.797,0.214
266700,5.000,0.560,2.797,0.214
266900,5.000,0.569,2.839,0.214
267100,5.000,0.562,2.805,0.214
267300,5.000,0.559,2.793,0.214
267500,5.000,0.566,2.828,0.215
267700,5.000,0.566,2.828,0.215
267900,5.000,0.567,2.832,0.215
268100,5.000,0.558,2.786,0.215
268300,5.000,0.558,2.786,0.215
268500,5.000,0.572,2.855,0.215
268700,5.000,0.560,2.797,0.216
268900,5.000,0.560,2.797,0.216
269100,5.000,0.560,2.797,0.216
269300,5.000,0.572,2.855,0.216
269500,5.000,0.560,2.797,0.216
269700,5.000,0.561,2.801,0.216
269900,5.000,0.561,2.801,0.216
270100,5.000,0.572,2.855,0.217
270300,5.000,0.562,2.809,0.217
270500,5.000,0.562,2.809,0.217
270700,5.000,0.569,2.843,0.217
270900,5.000,0.569,2.843,0.217
271100,5.000,0.563,2.809,0.217
271300,5.000,0.560,2.797,0.218
271500,5.000,0.560,2.797,0.218
271700,5.000,0.574,2.866,0.218
271900,5.000,0.560,2.797,0.218
272100,5.000,0.559,2.793,0.218
272300,5.000,0.559,2.793,0.218
272500,5.000,0.569,2.839,0.219
272700,5.000,0.559,2.790,0.219
272900,5.000,0.564,2.816,0.219
273100,5.000,0.564,2.816,0.219
273300,5.000,0.567,2.828,0.219
273500,5.000,0.559,2.790,0.219
273700,5.000,0.559,2.790,0.220
273900,5.000,0.563,2.813,0.220
274100,5.000,0.568,2.839,0.220
274300,5.000,0.558,2.786,0.220
274500,5.000,0.560,2.797,0.220
274700,5.000,0.560,2.797,0.220
274900,5.000,0.572,2.858,0.221
275100,5.000,0.560,2.797,0.221
275300,5.000,0.565,2.824,0.221
275500,5.000,0.565,2.824,0.221
275700,5.000,0.566,2.828,0.221
275900,5.000,0.569,2.843,0.221
276100,5.000,0.569,2.843,0.221
276300,5.000,0.565,2.824,0.222
276500,5.000,0.576,2.877,0.222
276700,5.000,0.560,2.797,0.222
276900,5.000,0.560,2.797,0.222
277100,5.000,0.565,2.820,0.222
277300,5.000,0.568,2.835,0.222
277500,5.000,0.559,2.793,0.223
277700,5.000,0.560,2.797,0.223
277900,5.000,0.560,2.797,0.223
278100,5.000,0.565,2.824,0.223
278300,5.000,0.560,2.797,0.223
278500,5.000,0.564,2.816,0.223
278700,5.000,0.564,2.816,0.224
278900,5.000,0.569,2.843,0.224
279100,5.000,0.554,2.771,0.224
279300,5.000,0.554,2.771,0.224
279500,5.000,0.567,2.832,0.224
279700,5.000,0.564,2.816,0.224
279900,5.000,0.559,2.790,0.225
280100,5.000,0.559,2.790,0.225
280300,5.000,0.567,2.832,0.225
280500,5.000,0.567,2.835,0.225
280700,5.000,0.558,2.786,0.225
280900,5.000,0.558,2.786,0.225
281100,5.000,0.567,2.832,0.226
281300,5.000,0.563,2.809,0.226
281500,5.000,0.557,2.778,0.226
281700,5.000,0.571,2.851,0.226
281900,5.000,0.571,2.851,0.226
282100,5.000,0.564,2.820,0.226
282300,5.000,0.559,2.793,0.226
282500,5.000,0.559,2.793,0.227
282700,5.000,0.568,2.835,0.227
282900,5.000,0.563,2.813,0.227
283100,5.000,0.561,2.801,0.227
283300,5.000,0.561,2.801,0.227
283500,5.000,0.574,2.862,0.227
283700,5.000,0.560,2.797,0.228
283900,5.000,0.558,2.786,0.228
284100,5.000,0.558,2.786,0.228
284300,5.000,0.571,2.851,0.228
284500,5.000,0.562,2.809,0.228
284700,5.000,0.557,2.782,0.228
284900,5.000,0.568,2.835,0.229
285100,5.000,0.568,2.835,0.229
285300,5.000,0.564,2.816,0.229
285500,5.000,0.560,2.797,0.229
285700,5.000,0.560,2.797,0.229
285900,5.000,0.572,2.855,0.229
286100,5.000,0.555,2.771,0.230
286300,5.000,0.565,2.820,0.230
286500,5.000,0.565,2.820,0.230
286700,5.000,0.570,2.847,0.230
286900,5.000,0.558,2.790,0.230
287100,5.000,0.558,2.790,0.230
287300,5.000,0.562,2.809,0.230
287500,5.000,0.573,2.862,0.231
287700,5.000,0.558,2.786,0.231
287900,5.000,0.558,2.786,0.231
288100,5.000,0.562,2.805,0.231
288300,5.000,0.568,2.839,0.231
288500,5.000,0.557,2.782,0.231
288700,5.000,0.561,2.801,0.232
288900,5.000,0.561,2.801,0.232
289100,5.000,0.571,2.851,0.232
289300,5.000,0.559,2.790,0.232
289500,5.000,0.563,2.813,0.232
289700,5.000,0.563,2.813,0.232
289900,5.000,0.569,2.839,0.233
290100,5.000,0.559,2.790,0.233
290300,5.000,0.559,2.790,0.233
290500,5.000,0.571,2.851,0.233
290700,5.000,0.566,2.828,0.233
290900,5.000,0.559,2.790,0.233
291100,5.000,0.559,2.790,0.234
291300,5.000,0.563,2.813,0.234
291500,5.000,0.567,2.835,0.234
291700,5.000,0.559,2.790,0.234
291900,5.000,0.562,2.805,0.234
292100,5.000,0.562,2.805,0.234
292300,5.000,0.570,2.847,0.235
292500,5.000,0.556,2.778,0.235
292700,5.000,0.569,2.839,0.235
292900,5.000,0.569,2.839,0.235
293100,5.000,0.561,2.805,0.235
293300,5.000,0.560,2.793,0.235
293500,5.000,0.560,2.793,0.235
293700,5.000,0.570,2.843,0.236
293900,5.000,0.561,2.801,0.236
294100,5.000,0.558,2.786,0.236
294300,5.000,0.558,2.786,0.236
294500,5.000,0.572,2.855,0.236
294700,5.000,0.561,2.801,0.236
294900,5.000,0.560,2.797,0.237
295100,5.000,0.568,2.835,0.237
295300,5.000,0.568,2.835,0.237
295500,5.000,0.561,2.801,0.237
295700,5.000,0.557,2.782,0.237
295900,5.000,0.571,2.855,0.237
296100,5.000,0.571,2.855,0.238
296300,5.000,0.561,2.801,0.238
296500,5.000,0.559,2.790,0.238
296700,5.000,0.559,2.790,0.238
296900,5.000,0.568,2.835,0.238
297100,5.000,0.559,2.793,0.238
297300,5.000,0.562,2.809,0.239
297500,5.000,0.562,2.809,0.239
297700,5.000,0.566,2.828,0.239
297900,5.000,0.565,2.820,0.239
298100,5.000,0.565,2.820,0.239
298300,5.000,0.556,2.778,0.239
298500,5.000,0.569,2.843,0.239
298700,5.000,0.563,2.813,0.240
298900,5.000,0.557,2.782,0.240
299100,5.000,0.557,2.782,0.240
299300,5.000,0.574,2.862,0.240
299500,5.000,0.559,2.793,0.240
299700,5.000,0.561,2.805,0.240
299900,5.000,0.561,2.805,0.241
300100,5.000,0.569,2.843,0.241
300300,5.000,0.560,2.793,0.241
300500,5.000,0.562,2.805,0.241
300700,5.000,0.562,2.805,0.241
300900,5.000,0.571,2.851,0.241
301100,5.000,0.554,2.771,0.242
301300,5.000,0.554,2.771,0.242
301500,5.000,0.565,2.824,0.242
301700,5.000,0.569,2.843,0.242
301900,5.000,0.557,2.782,0.242
302100,5.000,0.560,2.793,0.242
302300,5.000,0.560,2.793,0.243
302500,5.000,0.570,2.847,0.243
302700,5.000,0.556,2.778,0.243
302900,5.000,0.565,2.820,0.243
303100,5.000,0.565,2.820,0.243
