300,5.000,0.395,1.977,0.000
500,5.000,0.373,1.866,0.000
700,5.000,0.372,1.862,0.000
900,5.000,0.372,1.862,0.000
1100,5.000,0.374,1.870,0.000
1300,5.000,0.373,1.866,0.000
1500,5.000,0.373,1.866,0.000
1700,5.000,0.374,1.870,0.000
1900,5.000,0.374,1.870,0.000
2100,5.000,0.373,1.866,0.001
2300,5.000,0.373,1.866,0.001
2500,5.000,0.374,1.870,0.001
2700,5.000,0.374,1.870,0.001
2900,5.000,0.373,1.866,0.001
3100,5.000,0.373,1.866,0.001
3300,5.000,0.375,1.874,0.001
3500,5.000,0.373,1.866,0.001
3700,5.000,0.373,1.866,0.001
3900,5.000,0.374,1.870,0.001
4100,5.000,0.374,1.870,0.002
4300,5.000,0.373,1.866,0.002
4500,5.000,0.374,1.874,0.002
4700,5.000,0.374,1.874,0.002
4900,5.000,0.373,1.866,0.002
5100,5.000,0.374,1.870,0.002
5300,5.000,0.375,1.874,0.002
5500,5.000,0.375,1.874,0.002
5700,5.000,0.373,1.862,0.002
5900,5.000,0.373,1.866,0.003
6100,5.000,0.373,1.866,0.003
6300,5.000,0.375,1.874,0.003
6500,5.000,0.373,1.862,0.003
6700,5.000,0.374,1.870,0.003
6900,5.000,0.374,1.870,0.003
7100,5.000,0.374,1.870,0.003
7300,5.000,0.377,1.885,0.003
7500,5.000,0.379,1.896,0.003
7700,5.000,0.373,1.866,0.004
7900,5.000,0.373,1.866,0.004
8100,5.000,0.374,1.870,0.004
8300,5.000,0.374,1.870,0.004
8500,5.000,0.372,1.862,0.004
8700,5.000,0.372,1.862,0.004
8900,5.000,0.375,1.874,0.004
9100,5.000,0.374,1.870,0.004
9300,5.000,0.374,1.870,0.004
9500,5.000,0.373,1.862,0.004
9700,5.000,0.374,1.870,0.005
9900,5.000,0.374,1.874,0.005
10100,5.000,0.374,1.874,0.005
10300,5.000,0.373,1.870,0.005
10500,5.000,0.374,1.874,0.005
10700,5.000,0.373,1.862,0.005
10900,5.000,0.373,1.862,0.005
11100,5.000,0.374,1.870,0.005
11300,5.000,0.374,1.870,0.005
11500,5.000,0.372,1.862,0.006
11700,5.000,0.375,1.874,0.006
11900,5.000,0.375,1.874,0.006
12100,5.000,0.373,1.866,0.006
12300,5.000,0.374,1.866,0.006
12500,5.000,0.374,1.866,0.006
12700,5.000,0.374,1.874,0.006
12900,5.000,0.373,1.862,0.006
13100,5.000,0.374,1.866,0.006
13300,5.000,0.374,1.866,0.007
13500,5.000,0.374,1.870,0.007
13700,5.000,0.372,1.862,0.007
13900,5.000,0.375,1.874,0.007
14100,5.000,0.375,1.874,0.007
14300,5.000,0.373,1.866,0.007
14500,5.000,0.373,1.866,0.007
14700,5.000,0.375,1.874,0.007
14900,5.000,0.375,1.866,0.007
15100,5.000,0.373,1.866,0.008
15300,5.000,0.373,1.866,0.008
15500,5.000,0.374,1.874,0.008
15700,5.000,0.374,1.874,0.008
15900,5.000,0.373,1.866,0.008
16100,5.000,0.374,1.874,0.008
16300,5.000,0.373,1.866,0.008
16500,5.000,0.373,1.866,0.008
16700,5.000,0.374,1.870,0.008
16900,5.000,0.375,1.874,0.008
17100,5.000,0.375,1.874,0.009
17300,5.000,0.373,1.866,0.009
17500,5.000,0.373,1.866,0.009
17700,5.000,0.375,1.874,0.009
17900,5.000,0.375,1.874,0.009
18100,5.000,0.372,1.862,0.009
18300,5.000,0.374,1.870,0.009
18500,5.000,0.373,1.866,0.009
18700,5.000,0.373,1.866,0.009
18900,5.000,0.373,1.866,0.010
19100,5.000,0.375,1.874,0.010
19300,5.000,0.373,1.866,0.010
19500,5.000,0.374,1.870,0.010
19700,5.000,0.374,1.870,0.010
19900,5.000,0.375,1.877,0.010
20100,5.000,0.372,1.862,0.010
20300,5.000,0.372,1.862,0.010
20500,5.000,0.375,1.874,0.010
20700,5.000,0.375,1.874,0.010
20900,5.000,0.373,1.862,0.011
21100,5.000,0.373,1.862,0.011
21300,5.000,0.375,1.874,0.011
21500,5.000,0.373,1.866,0.011
21700,5.000,0.374,1.870,0.011
21900,5.000,0.374,1.870,0.011
22100,5.000,0.374,1.870,0.011
22300,5.000,0.372,1.858,0.011
22500,5.000,0.374,1.870,0.011
22700,5.000,0.374,1.870,0.012
22900,5.000,0.374,1.870,0.012
23100,5.000,0.373,1.866,0.012
23300,5.000,0.374,1.870,0.012
23500,5.000,0.374,1.870,0.012
23700,5.000,0.372,1.862,0.012
23900,5.000,0.374,1.870,0.012
24100,5.000,0.375,1.874,0.012
24300,5.000,0.375,1.874,0.012
24500,5.000,0.373,1.862,0.012
24700,5.000,0.375,1.874,0.013
24900,5.000,0.374,1.870,0.013
25100,5.000,0.373,1.862,0.013
25300,5.000,0.373,1.862,0.013
25500,5.000,0.375,1.874,0.013
25700,5.000,0.373,1.862,0.013
25900,5.000,0.373,1.866,0.013
26100,5.000,0.373,1.866,0.013
26300,5.000,0.375,1.874,0.013
26500,5.000,0.372,1.858,0.014
26700,5.000,0.372,1.858,0.014
26900,5.000,0.374,1.870,0.014
27100,5.000,0.373,1.866,0.014
27300,5.000,0.373,1.866,0.014
27500,5.000,0.373,1.866,0.014
27700,5.000,0.374,1.870,0.014
27900,5.000,0.373,1.866,0.014
28100,5.000,0.373,1.866,0.014
28300,5.000,0.373,1.866,0.015
28500,5.000,0.376,1.877,0.015
28700,5.000,0.372,1.858,0.015
28900,5.000,0.374,1.870,0.015
29100,5.000,0.374,1.870,0.015
29300,5.000,0.374,1.870,0.015
29500,5.000,0.373,1.862,0.015
29700,5.000,0.375,1.874,0.015
29900,5.000,0.375,1.874,0.015
30100,5.000,0.374,1.866,0.015
30300,5.000,0.373,1.862,0.016
30500,5.000,0.374,1.874,0.016
30700,5.000,0.374,1.874,0.016
30900,5.000,0.372,1.862,0.016
31100,5.000,0.374,1.870,0.016
31300,5.000,0.374,1.870,0.016
31500,5.000,0.375,1.874,0.016
31700,5.000,0.372,1.862,0.016
31900,5.000,0.375,1.874,0.016
32100,5.000,0.373,1.866,0.017
32300,5.000,0.373,1.866,0.017
32500,5.000,0.373,1.862,0.017
32700,5.000,0.374,1.870,0.017
32900,5.000,0.372,1.862,0.017
33100,5.000,0.372,1.862,0.017
33300,5.000,0.375,1.877,0.017
33500,5.000,0.374,1.870,0.017
33700,5.000,0.372,1.858,0.017
33900,5.000,0.372,1.858,0.018
34100,5.000,0.375,1.874,0.018
34300,5.000,0.374,1.866,0.018
34500,5.000,0.374,1.866,0.018
34700,5.000,0.373,1.862,0.018
34900,5.000,0.375,1.877,0.018
35100,5.000,0.373,1.866,0.018
35300,5.000,0.373,1.866,0.018
35500,5.000,0.374,1.874,0.018
35700,5.000,0.374,1.874,0.019
35900,5.000,0.372,1.858,0.019
36100,5.000,0.375,1.877,0.019
36300,5.000,0.375,1.877,0.019
36500,5.000,0.382,1.908,0.019
36700,5.000,0.373,1.866,0.019
36900,5.000,0.375,1.874,0.019
37100,5.000,0.375,1.874,0.019
37300,5.000,0.372,1.862,0.019
37500,5.000,0.375,1.874,0.019
37700,5.000,0.375,1.874,0.020
37900,5.000,0.374,1.870,0.020
38100,5.000,0.396,1.980,0.020
38300,5.000,0.375,1.874,0.020
38500,5.000,0.375,1.874,0.020
38700,5.000,0.374,1.870,0.020
38900,5.000,0.373,1.866,0.020
39100,5.000,0.375,1.874,0.020
39300,5.000,0.373,1.866,0.020
39500,5.000,0.373,1.866,0.021
39700,5.000,0.375,1.874,0.021
39900,5.000,0.375,1.874,0.021
40100,5.000,0.375,1.874,0.021
40300,5.000,0.373,1.862,0.021
40500,5.000,0.375,1.874,0.021
40700,5.000,0.373,1.866,0.021
40900,5.000,0.373,1.866,0.021
41100,5.000,0.373,1.866,0.021
41300,5.000,0.375,1.874,0.021
41500,5.000,0.372,1.862,0.022
41700,5.000,0.372,1.862,0.022
41900,5.000,0.374,1.870,0.022
42100,5.000,0.375,1.877,0.022
42300,5.000,0.375,1.877,0.022
42500,5.000,0.374,1.870,0.022
42700,5.000,0.374,1.870,0.022
42900,5.000,0.374,1.870,0.022
43100,5.000,0.373,1.862,0.022
43300,5.000,0.373,1.862,0.023
43500,5.000,0.375,1.874,0.023
43700,5.000,0.373,1.862,0.023
43900,5.000,0.375,1.874,0.023
44100,5.000,0.375,1.874,0.023
44300,5.000,0.374,1.870,0.023
44500,5.000,0.372,1.858,0.023
44700,5.000,0.376,1.877,0.023
44900,5.000,0.376,1.877,0.023
45100,5.000,0.374,1.870,0.024
45300,5.000,0.373,1.862,0.024
45500,5.000,0.373,1.862,0.024
45700,5.000,0.375,1.874,0.024
45900,5.000,0.373,1.862,0.024
46100,5.000,0.374,1.870,0.024
46300,5.000,0.374,1.874,0.024
46500,5.000,0.374,1.874,0.024
46700,5.000,0.372,1.858,0.024
46900,5.000,0.375,1.874,0.024
47100,5.000,0.373,1.866,0.025
47300,5.000,0.373,1.866,0.025
47500,5.000,0.373,1.862,0.025
47700,5.000,0.374,1.870,0.025
47900,5.000,0.373,1.866,0.025
48100,5.000,0.373,1.866,0.025
48300,5.000,0.374,1.870,0.025
48500,5.000,0.374,1.870,0.025
48700,5.000,0.374,1.870,0.025
48900,5.000,0.372,1.858,0.026
49100,5.000,0.375,1.874,0.026
49300,5.000,0.373,1.866,0.026
49500,5.000,0.372,1.862,0.026
49700,5.000,0.372,1.862,0.026
49900,5.000,0.376,1.881,0.026
50100,5.000,0.373,1.862,0.026
50300,5.000,0.373,1.866,0.026
50500,5.000,0.373,1.866,0.026
50700,5.000,0.375,1.874,0.027
50900,5.000,0.373,1.862,0.027
51100,5.000,0.373,1.862,0.027
51300,5.000,0.374,1.870,0.027
51500,5.000,0.373,1.866,0.027
51700,5.000,0.373,1.866,0.027
51900,5.000,0.373,1.866,0.027
52100,5.000,0.375,1.874,0.027
52300,5.000,0.373,1.862,0.027
52500,5.000,0.374,1.870,0.027
52700,5.000,0.374,1.870,0.028
52900,5.000,0.375,1.874,0.028
53100,5.000,0.373,1.862,0.028
53300,5.000,0.374,1.870,0.028
53500,5.000,0.374,1.870,0.028
53700,5.000,0.374,1.870,0.028
53900,5.000,0.373,1.862,0.028
54100,5.000,0.375,1.874,0.028
54300,5.000,0.375,1.874,0.028
54500,5.000,0.373,1.866,0.029
54700,5.000,0.378,1.893,0.029
54900,5.000,0.374,1.870,0.029
55100,5.000,0.374,1.870,0.029
55300,5.000,0.372,1.862,0.029
55500,5.000,0.374,1.870,0.029
55700,5.000,0.374,1.870,0.029
55900,5.000,0.374,1.870,0.029
56100,5.000,0.373,1.866,0.029
56300,5.000,0.374,1.874,0.029
56500,5.000,0.374,1.870,0.030
56700,5.000,0.373,1.866,0.030
56900,5.000,0.373,1.866,0.030
57100,5.000,0.374,1.870,0.030
57300,5.000,0.373,1.862,0.030
57500,5.000,0.373,1.862,0.030
57700,5.000,0.375,1.874,0.030
57900,5.000,0.374,1.870,0.030
58100,5.000,0.372,1.858,0.030
58300,5.000,0.372,1.858,0.031
58500,5.000,0.375,1.874,0.031
58700,5.000,0.373,1.866,0.031
58900,5.000,0.374,1.870,0.031
59100,5.000,0.374,1.870,0.031
59300,5.000,0.374,1.870,0.031
59500,5.000,0.374,1.870,0.031
59700,5.000,0.374,1.870,0.031
59900,5.000,0.375,1.877,0.031
60100,5.000,0.375,1.874,0.032
60300,5.000,0.373,1.862,0.032
60500,5.000,0.374,1.870,0.032
60700,5.000,0.374,1.870,0.032
60900,5.000,0.373,1.866,0.032
61100,5.000,0.374,1.870,0.032
61300,5.000,0.375,1.877,0.032
61500,5.000,0.375,1.877,0.032
61700,5.000,0.373,1.862,0.032
61900,5.000,0.373,1.866,0.032
62100,5.000,0.373,1.866,0.033
62300,5.000,0.374,1.874,0.033
62500,5.000,0.373,1.866,0.033
62700,5.000,0.374,1.870,0.033
62900,5.000,0.374,1.870,0.033
63100,5.000,0.374,1.870,0.033
63300,5.000,0.373,1.866,0.033
63500,5.000,0.375,1.874,0.033
63700,5.000,0.373,1.862,0.033
63900,5.000,0.373,1.862,0.034
64100,5.000,0.374,1.866,0.034
64300,5.000,0.375,1.874,0.034
64500,5.000,0.374,1.870,0.034
64700,5.000,0.374,1.870,0.034
64900,5.000,0.374,1.870,0.034
65100,5.000,0.374,1.866,0.034
65300,5.000,0.374,1.866,0.034
65500,5.000,0.373,1.866,0.034
65700,5.000,0.374,1.870,0.035
65900,5.000,0.373,1.866,0.035
66100,5.000,0.373,1.866,0.035
66300,5.000,0.374,1.870,0.035
66500,5.000,0.375,1.874,0.035
66700,5.000,0.372,1.862,0.035
66900,5.000,0.372,1.862,0.035
67100,5.000,0.374,1.870,0.035
67300,5.000,0.374,1.870,0.035
67500,5.000,0.372,1.858,0.035
67700,5.000,0.374,1.870,0.036
67900,5.000,0.374,1.870,0.036
68100,5.000,0.373,1.866,0.036
68300,5.000,0.373,1.866,0.036
68500,5.000,0.373,1.866,0.036
68700,5.000,0.374,1.870,0.036
68900,5.000,0.372,1.862,0.036
69100,5.000,0.374,1.870,0.036
69300,5.000,0.374,1.870,0.036
69500,5.000,0.375,1.874,0.037
69700,5.000,0.372,1.862,0.037
69900,5.000,0.375,1.874,0.037
70100,5.000,0.375,1.874,0.037
70300,5.000,0.374,1.870,0.037
70500,5.000,0.373,1.862,0.037
70700,5.000,0.374,1.870,0.037
70900,5.000,0.374,1.870,0.037
71100,5.000,0.372,1.858,0.037
71300,5.000,0.374,1.870,0.038
71500,5.000,0.374,1.870,0.038
71700,5.000,0.374,1.870,0.038
71900,5.000,0.372,1.862,0.038
72100,5.000,0.375,1.874,0.038
72300,5.000,0.373,1.866,0.038
72500,5.000,0.373,1.866,0.038
72700,5.000,0.373,1.862,0.038
72900,5.000,0.374,1.874,0.038
73100,5.000,0.374,1.874,0.038
73300,5.000,0.373,1.862,0.039
73500,5.000,0.374,1.874,0.039
73700,5.000,0.374,1.870,0.039
73900,5.000,0.374,1.870,0.039
74100,5.000,0.372,1.858,0.039
74300,5.000,0.374,1.870,0.039
74500,5.000,0.374,1.874,0.039
74700,5.000,0.373,1.866,0.039
74900,5.000,0.373,1.866,0.039
75100,5.000,0.375,1.877,0.040
75300,5.000,0.373,1.866,0.040
75500,5.000,0.373,1.866,0.040
75700,5.000,0.373,1.866,0.040
75900,5.000,0.374,1.870,0.040
76100,5.000,0.373,1.862,0.040
76300,5.000,0.373,1.862,0.040
76500,5.000,0.375,1.874,0.040
76700,5.000,0.374,1.870,0.040
76900,5.000,0.373,1.866,0.040
77100,5.000,0.373,1.866,0.041
77300,5.000,0.375,1.874,0.041
77500,5.000,0.373,1.862,0.041
77700,5.000,0.374,1.870,0.041
77900,5.000,0.375,1.874,0.041
78100,5.000,0.375,1.874,0.041
78300,5.000,0.372,1.858,0.041
78500,5.000,0.374,1.874,0.041
78700,5.000,0.374,1.870,0.041
78900,5.000,0.374,1.870,0.042
79100,5.000,0.373,1.866,0.042
79300,5.000,0.374,1.870,0.042
79500,5.000,0.374,1.870,0.042
79700,5.000,0.374,1.870,0.042
79900,5.000,0.375,1.874,0.042
80100,5.000,0.374,1.874,0.042
80300,5.000,0.374,1.874,0.042
80500,5.000,0.372,1.862,0.042
80700,5.000,0.374,1.874,0.043
80900,5.000,0.374,1.874,0.043
81100,5.000,0.372,1.862,0.043
81300,5.000,0.372,1.862,0.043
81500,5.000,0.374,1.870,0.043
81700,5.000,0.373,1.862,0.043
81900,5.000,0.373,1.870,0.043
82100,5.000,0.374,1.870,0.043
82300,5.000,0.374,1.870,0.043
82500,5.000,0.372,1.858,0.043
82700,5.000,0.372,1.858,0.044
82900,5.000,0.375,1.874,0.044
83100,5.000,0.373,1.866,0.044
83300,5.000,0.373,1.862,0.044
83500,5.000,0.373,1.862,0.044
83700,5.000,0.374,1.870,0.044
83900,5.000,0.373,1.866,0.044
84100,5.000,0.373,1.866,0.044
84300,5.000,0.373,1.866,0.044
84500,5.000,0.375,1.877,0.045
84700,5.000,0.372,1.858,0.045
84900,5.000,0.374,1.870,0.045
85100,5.000,0.374,1.870,0.045
85300,5.000,0.374,1.866,0.045
85500,5.000,0.372,1.862,0.045
85700,5.000,0.375,1.877,0.045
85900,5.000,0.375,1.877,0.045
86100,5.000,0.373,1.866,0.045
86300,5.000,0.373,1.862,0.046
86500,5.000,0.375,1.874,0.046
86700,5.000,0.375,1.874,0.046
86900,5.000,0.372,1.862,0.046
87100,5.000,0.374,1.870,0.046
87300,5.000,0.374,1.870,0.046
87500,5.000,0.374,1.870,0.046
87700,5.000,0.373,1.866,0.046
87900,5.000,0.375,1.874,0.046
88100,5.000,0.373,1.862,0.047
88300,5.000,0.373,1.862,0.047
88500,5.000,0.373,1.866,0.047
88700,5.000,0.375,1.877,0.047
88900,5.000,0.372,1.862,0.047
89100,5.000,0.372,1.862,0.047
89300,5.000,0.374,1.870,0.047
89500,5.000,0.376,1.877,0.047
89700,5.000,0.373,1.866,0.047
89900,5.000,0.373,1.866,0.047
90100,5.000,0.375,1.874,0.048
90300,5.000,0.373,1.862,0.048
90500,5.000,0.373,1.862,0.048
90700,5.000,0.374,1.870,0.048
90900,5.000,0.375,1.877,0.048
91100,5.000,0.372,1.858,0.048
91300,5.000,0.372,1.858,0.048
91500,5.000,0.374,1.870,0.048
91700,5.000,0.374,1.870,0.048
91900,5.000,0.372,1.862,0.049
92100,5.000,0.375,1.874,0.049
92300,5.000,0.375,1.874,0.049
92500,5.000,0.373,1.866,0.049
92700,5.000,0.373,1.866,0.049
92900,5.000,0.373,1.877,0.049
93100,5.000,0.375,1.877,0.049
93300,5.000,0.372,1.858,0.049
93500,5.000,0.374,1.870,0.049
93700,5.000,0.374,1.870,0.049
93900,5.000,0.374,1.870,0.050
94100,5.000,0.372,1.862,0.050
94300,5.000,0.375,1.877,0.050
94500,5.000,0.375,1.877,0.050
94700,5.000,0.374,1.870,0.050
94900,5.000,0.373,1.866,0.050
95100,5.000,0.374,1.870,0.050
95300,5.000,0.373,1.866,0.050
95500,5.000,0.373,1.866,0.050
95700,5.000,0.374,1.870,0.051
95900,5.000,0.374,1.870,0.051
96100,5.000,0.374,1.870,0.051
96300,5.000,0.372,1.862,0.051
96500,5.000,0.398,1.992,0.051
96700,5.000,0.373,1.866,0.051
96900,5.000,0.373,1.866,0.051
97100,5.000,0.373,1.866,0.051
97300,5.000,0.375,1.874,0.051
97500,5.000,0.373,1.866,0.051
97700,5.000,0.373,1.866,0.052
97900,5.000,0.374,1.870,0.052
98100,5.000,0.374,1.874,0.052
98300,5.000,0.374,1.874,0.052
98500,5.000,0.375,1.874,0.052
98700,5.000,0.375,1.874,0.052
98900,5.000,0.373,1.866,0.052
99100,5.000,0.373,1.866,0.052
99300,5.000,0.373,1.866,0.052
99500,5.000,0.376,1.881,0.053
99700,5.000,0.373,1.866,0.053
99900,5.000,0.374,1.870,0.053
100100,5.000,0.374,1.870,0.053
100300,5.000,0.374,1.870,0.053
100500,5.000,0.372,1.858,0.053
100700,5.000,0.375,1.874,0.053
100900,5.000,0.375,1.874,0.053
101100,5.000,0.374,1.866,0.053
101300,5.000,0.373,1.866,0.054
101500,5.000,0.373,1.866,0.054
101700,5.000,0.375,1.874,0.054
101900,5.000,0.372,1.862,0.054
102100,5.000,0.374,1.870,0.054
102300,5.000,0.374,1.870,0.054
102500,5.000,0.374,1.870,0.054
102700,5.000,0.372,1.858,0.054
102900,5.000,0.375,1.874,0.054
103100,5.000,0.374,1.870,0.055
103300,5.000,0.374,1.870,0.055
103500,5.000,0.372,1.862,0.055
103700,5.000,0.374,1.874,0.055
103900,5.000,0.374,1.862,0.055
104100,5.000,0.373,1.862,0.055
104300,5.000,0.375,1.877,0.055
104500,5.000,0.382,1.908,0.055
104700,5.000,0.382,1.908,0.055
104900,5.000,0.373,1.866,0.055
105100,5.000,0.375,1.874,0.056
105300,5.000,0.374,1.870,0.056
105500,5.000,0.373,1.862,0.056
105700,5.000,0.373,1.862,0.056
105900,5.000,0.374,1.870,0.056
106100,5.000,0.373,1.866,0.056
106300,5.000,0.374,1.870,0.056
106500,5.000,0.374,1.870,0.056
106700,5.000,0.375,1.874,0.056
106900,5.000,0.372,1.858,0.057
107100,5.000,0.372,1.858,0.057
107300,5.000,0.374,1.870,0.057
107500,5.000,0.374,1.870,0.057
107700,5.000,0.373,1.866,0.057
107900,5.000,0.373,1.866,0.057
108100,5.000,0.374,1.870,0.057
108300,5.000,0.373,1.866,0.057
108500,5.000,0.374,1.870,0.057
108700,5.000,0.374,1.870,0.057
108900,5.000,0.374,1.870,0.058
109100,5.000,0.373,1.862,0.058
109300,5.000,0.374,1.874,0.058
109500,5.000,0.373,1.866,0.058
109700,5.000,0.373,1.866,0.058
109900,5.000,0.372,1.862,0.058
110100,5.000,0.375,1.870,0.058
110300,5.000,0.375,1.870,0.058
110500,5.000,0.372,1.862,0.058
110700,5.000,0.373,1.866,0.059
110900,5.000,0.374,1.870,0.059
111100,5.000,0.374,1.870,0.059
111300,5.000,0.372,1.858,0.059
111500,5.000,0.374,1.866,0.059
111700,5.000,0.373,1.866,0.059
111900,5.000,0.373,1.866,0.059
112100,5.000,0.373,1.866,0.059
112300,5.000,0.374,1.870,0.059
112500,5.000,0.372,1.862,0.060
112700,5.000,0.373,1.866,0.060
112900,5.000,0.373,1.866,0.060
113100,5.000,0.375,1.874,0.060
113300,5.000,0.372,1.858,0.060
113500,5.000,0.372,1.858,0.060
113700,5.000,0.374,1.870,0.060
113900,5.000,0.374,1.870,0.060
114100,5.000,0.372,1.862,0.060
114300,5.000,0.372,1.862,0.060
114500,5.000,0.375,1.874,0.061
114700,5.000,0.373,1.862,0.061
114900,5.000,0.373,1.866,0.061
115100,5.000,0.373,1.866,0.061
115300,5.000,0.374,1.870,0.061
115500,5.000,0.372,1.858,0.061
115700,5.000,0.372,1.858,0.061
115900,5.000,0.374,1.870,0.061
116100,5.000,0.374,1.866,0.061
116300,5.000,0.372,1.862,0.062
116500,5.000,0.374,1.870,0.062
116700,5.000,0.374,1.870,0.062
116900,5.000,0.374,1.870,0.062
117100,5.000,0.373,1.866,0.062
117300,5.000,0.374,1.870,0.062
117500,5.000,0.374,1.870,0.062
117700,5.000,0.373,1.862,0.062
117900,5.000,0.373,1.866,0.062
118100,5.000,0.373,1.866,0.062
118300,5.000,0.373,1.866,0.063
118500,5.000,0.372,1.858,0.063
118700,5.000,0.374,1.870,0.063
118900,5.000,0.374,1.870,0.063
119100,5.000,0.373,1.866,0.063
119300,5.000,0.374,1.874,0.063
119500,5.000,0.373,1.866,0.063
119700,5.000,0.373,1.862,0.063
119900,5.000,0.373,1.862,0.063
120100,5.000,0.374,1.866,0.064
120300,5.000,0.375,1.874,0.064
120500,5.000,0.372,1.862,0.064
120700,5.000,0.372,1.862,0.064
120900,5.000,0.376,1.877,0.064
121100,5.000,0.373,1.862,0.064
121300,5.000,0.373,1.862,0.064
121500,5.000,0.372,1.862,0.064
121700,5.000,0.375,1.874,0.064
121900,5.000,0.373,1.862,0.065
122100,5.000,0.373,1.862,0.065
122300,5.000,0.373,1.866,0.065
122500,5.000,0.374,1.870,0.065
122700,5.000,0.372,1.862,0.065
122900,5.000,0.372,1.862,0.065
123100,5.000,0.374,1.870,0.065
123300,5.000,0.373,1.866,0.065
123500,5.000,0.372,1.862,0.065
123700,5.000,0.375,1.874,0.066
123900,5.000,0.375,1.874,0.066
124100,5.000,0.374,1.870,0.066
124300,5.000,0.374,1.870,0.066
124500,5.000,0.374,1.870,0.066
124700,5.000,0.374,1.870,0.066
124900,5.000,0.374,1.870,0.066
125100,5.000,0.381,1.904,0.066
125300,5.000,0.381,1.904,0.066
125500,5.000,0.374,1.870,0.066
125700,5.000,0.373,1.866,0.067
125900,5.000,0.375,1.874,0.067
126100,5.000,0.375,1.874,0.067
126300,5.000,0.374,1.866,0.067
126500,5.000,0.373,1.866,0.067
126700,5.000,0.375,1.874,0.067
126900,5.000,0.375,1.874,0.067
127100,5.000,0.372,1.862,0.067
127300,5.000,0.374,1.870,0.067
127500,5.000,0.374,1.870,0.068
127700,5.000,0.374,1.870,0.068
127900,5.000,0.373,1.862,0.068
128100,5.000,0.374,1.874,0.068
128300,5.000,0.373,1.866,0.068
128500,5.000,0.373,1.866,0.068
128700,5.000,0.373,1.866,0.068
128900,5.000,0.375,1.874,0.068
129100,5.000,0.375,1.874,0.068
129300,5.000,0.374,1.870,0.068
129500,5.000,0.374,1.874,0.069
129700,5.000,0.374,1.874,0.069
129900,5.000,0.374,1.874,0.069
130100,5.000,0.373,1.866,0.069
130300,5.000,0.375,1.874,0.069
130500,5.000,0.373,1.866,0.069
130700,5.000,0.373,1.866,0.069
130900,5.000,0.373,1.866,0.069
131100,5.000,0.375,1.877,0.069
131300,5.000,0.373,1.862,0.070
131500,5.000,0.375,1.874,0.070
131700,5.000,0.375,1.874,0.070
131900,5.000,0.374,1.870,0.070
132100,5.000,0.373,1.866,0.070
132300,5.000,0.373,1.866,0.070
132500,5.000,0.375,1.874,0.070
132700,5.000,0.374,1.870,0.070
132900,5.000,0.373,1.866,0.070
133100,5.000,0.373,1.866,0.070
133300,5.000,0.375,1.874,0.071
133500,5.000,0.372,1.862,0.071
133700,5.000,0.374,1.870,0.071
133900,5.000,0.374,1.866,0.071
134100,5.000,0.374,1.866,0.071
134300,5.000,0.373,1.862,0.071
134500,5.000,0.375,1.874,0.071
134700,5.000,0.373,1.866,0.071
134900,5.000,0.373,1.866,0.071
135100,5.000,0.372,1.862,0.072
135300,5.000,0.374,1.870,0.072
135500,5.000,0.374,1.870,0.072
135700,5.000,0.373,1.866,0.072
135900,5.000,0.374,1.870,0.072
136100,5.000,0.374,1.870,0.072
136300,5.000,0.374,1.870,0.072
136500,5.000,0.373,1.866,0.072
136700,5.000,0.374,1.874,0.072
136900,5.000,0.373,1.866,0.073
137100,5.000,0.374,1.866,0.073
137300,5.000,0.374,1.866,0.073
137500,5.000,0.374,1.870,0.073
137700,5.000,0.373,1.866,0.073
137900,5.000,0.373,1.866,0.073
138100,5.000,0.374,1.870,0.073
138300,5.000,0.375,1.874,0.073
138500,5.000,0.372,1.858,0.073
138700,5.000,0.372,1.858,0.074
138900,5.000,0.374,1.870,0.074
139100,5.000,0.375,1.874,0.074
139300,5.000,0.374,1.866,0.074
139500,5.000,0.374,1.866,0.074
139700,5.000,0.375,1.874,0.074
139900,5.000,0.373,1.866,0.074
140100,5.000,0.373,1.866,0.074
140300,5.000,0.374,1.874,0.074
140500,5.000,0.374,1.870,0.074
140700,5.000,0.372,1.858,0.075
140900,5.000,0.375,1.874,0.075
141100,5.000,0.375,1.874,0.075
141300,5.000,0.374,1.870,0.075
141500,5.000,0.373,1.862,0.075
141700,5.000,0.375,1.874,0.075
141900,5.000,0.375,1.874,0.075
142100,5.000,0.373,1.866,0.075
142300,5.000,0.373,1.866,0.075
142500,5.000,0.374,1.874,0.076
142700,5.000,0.374,1.874,0.076
142900,5.000,0.372,1.862,0.076
143100,5.000,0.374,1.874,0.076
143300,5.000,0.374,1.874,0.076
143500,5.000,0.374,1.870,0.076
143700,5.000,0.373,1.866,0.076
143900,5.000,0.376,1.877,0.076
144100,5.000,0.373,1.866,0.076
144300,5.000,0.373,1.866,0.077
144500,5.000,0.373,1.866,0.077
144700,5.000,0.374,1.870,0.077
144900,5.000,0.372,1.858,0.077
145100,5.000,0.372,1.858,0.077
145300,5.000,0.374,1.870,0.077
145500,5.000,0.374,1.870,0.077
145700,5.000,0.372,1.862,0.077
145900,5.000,0.372,1.862,0.077
146100,5.000,0.375,1.874,0.077
146300,5.000,0.373,1.866,0.078
146500,5.000,0.373,1.866,0.078
146700,5.000,0.374,1.870,0.078
146900,5.000,0.375,1.874,0.078
147100,5.000,0.372,1.862,0.078
147300,5.000,0.372,1.862,0.078
147500,5.000,0.374,1.870,0.078
147700,5.000,0.374,1.870,0.078
147900,5.000,0.373,1.866,0.078
148100,5.000,0.375,1.874,0.079
148300,5.000,0.375,1.874,0.079
148500,5.000,0.373,1.866,0.079
148700,5.000,0.373,1.866,0.079
148900,5.000,0.373,1.866,0.079
149100,5.000,0.376,1.877,0.079
149300,5.000,0.372,1.858,0.079
149500,5.000,0.374,1.874,0.079
149700,5.000,0.374,1.874,0.079
149900,5.000,0.374,1.870,0.079
150100,5.000,0.373,1.866,0.080
150300,5.000,0.375,1.874,0.080
150500,5.000,0.375,1.874,0.080
150700,5.000,0.374,1.870,0.080
150900,5.000,0.374,1.870,0.080
151100,5.000,0.374,1.870,0.080
151300,5.000,0.372,1.858,0.080
151500,5.000,0.372,1.858,0.080
151700,5.000,0.374,1.870,0.080
151900,5.000,0.375,1.874,0.081
152100,5.000,0.375,1.874,0.081
152300,5.000,0.372,1.858,0.081
152500,5.000,0.374,1.874,0.081
152700,5.000,0.373,1.866,0.081
152900,5.000,0.373,1.866,0.081
153100,5.000,0.373,1.866,0.081
153300,5.000,0.375,1.874,0.081
153500,5.000,0.372,1.858,0.081
153700,5.000,0.372,1.858,0.081
153900,5.000,0.376,1.877,0.082
154100,5.000,0.374,1.874,0.082
154300,5.000,0.374,1.874,0.082
154500,5.000,0.375,1.874,0.082
154700,5.000,0.375,1.874,0.082
154900,5.000,0.397,1.984,0.082
155100,5.000,0.373,1.866,0.082
155300,5.000,0.373,1.866,0.082
155500,5.000,0.375,1.874,0.082
155700,5.000,0.373,1.866,0.083
155900,5.000,0.374,1.874,0.083
156100,5.000,0.374,1.874,0.083
156300,5.000,0.374,1.866,0.083
156500,5.000,0.372,1.862,0.083
156700,5.000,0.376,1.881,0.083
156900,5.000,0.376,1.881,0.083
157100,5.000,0.373,1.866,0.083
157300,5.000,0.373,1.866,0.083
157500,5.000,0.373,1.866,0.084
157700,5.000,0.375,1.877,0.084
157900,5.000,0.373,1.862,0.084
158100,5.000,0.374,1.870,0.084
158300,5.000,0.374,1.866,0.084
158500,5.000,0.374,1.866,0.084
158700,5.000,0.372,1.862,0.084
158900,5.000,0.376,1.877,0.084
159100,5.000,0.373,1.866,0.084
159300,5.000,0.373,1.866,0.085
159500,5.000,0.373,1.866,0.085
159700,5.000,0.375,1.877,0.085
159900,5.000,0.375,1.877,0.085
160100,5.000,0.372,1.862,0.085
160300,5.000,0.374,1.870,0.085
160500,5.000,0.374,1.874,0.085
160700,5.000,0.374,1.874,0.085
160900,5.000,0.373,1.862,0.085
161100,5.000,0.375,1.874,0.085
161300,5.000,0.373,1.862,0.086
161500,5.000,0.373,1.866,0.086
161700,5.000,0.373,1.866,0.086
161900,5.000,0.374,1.870,0.086
162100,5.000,0.372,1.858,0.086
162300,5.000,0.374,1.874,0.086
162500,5.000,0.374,1.874,0.086
162700,5.000,0.374,1.870,0.086
162900,5.000,0.372,1.858,0.086
163100,5.000,0.372,1.858,0.087
163300,5.000,0.374,1.870,0.087
163500,5.000,0.373,1.866,0.087
163700,5.000,0.373,1.866,0.087
163900,5.000,0.373,1.866,0.087
164100,5.000,0.376,1.877,0.087
164300,5.000,0.373,1.862,0.087
164500,5.000,0.375,1.874,0.087
164700,5.000,0.375,1.874,0.087
164900,5.000,0.374,1.874,0.087
165100,5.000,0.372,1.858,0.088
165300,5.000,0.374,1.874,0.088
165500,5.000,0.373,1.866,0.088
165700,5.000,0.373,1.866,0.088
165900,5.000,0.373,1.866,0.088
166100,5.000,0.374,1.874,0.088
166300,5.000,0.374,1.874,0.088
166500,5.000,0.373,1.866,0.088
166700,5.000,0.374,1.870,0.088
166900,5.000,0.374,1.870,0.089
167100,5.000,0.374,1.870,0.089
167300,5.000,0.372,1.858,0.089
167500,5.000,0.374,1.874,0.089
167700,5.000,0.374,1.870,0.089
167900,5.000,0.374,1.870,0.089
168100,5.000,0.374,1.870,0.089
168300,5.000,0.375,1.874,0.089
168500,5.000,0.373,1.866,0.089
168700,5.000,0.375,1.874,0.090
168900,5.000,0.375,1.874,0.090
169100,5.000,0.374,1.870,0.090
169300,5.000,0.373,1.866,0.090
169500,5.000,0.373,1.866,0.090
169700,5.000,0.374,1.874,0.090
169900,5.000,0.373,1.866,0.090
170100,5.000,0.373,1.862,0.090
170300,5.000,0.373,1.862,0.090
170500,5.000,0.375,1.874,0.090
170700,5.000,0.373,1.866,0.091
170900,5.000,0.373,1.866,0.091
171100,5.000,0.374,1.866,0.091
171300,5.000,0.375,1.874,0.091
171500,5.000,0.372,1.862,0.091
171700,5.000,0.372,1.862,0.091
171900,5.000,0.374,1.870,0.091
172100,5.000,0.374,1.866,0.091
172300,5.000,0.373,1.866,0.091
172500,5.000,0.375,1.874,0.092
172700,5.000,0.375,1.874,0.092
172900,5.000,0.373,1.866,0.092
173100,5.000,0.374,1.870,0.092
173300,5.000,0.375,1.874,0.092
173500,5.000,0.375,1.874,0.092
173700,5.000,0.373,1.862,0.092
173900,5.000,0.374,1.870,0.092
174100,5.000,0.374,1.870,0.092
174300,5.000,0.374,1.870,0.093
174500,5.000,0.373,1.866,0.093
174700,5.000,0.374,1.874,0.093
174900,5.000,0.374,1.874,0.093
175100,5.000,0.373,1.866,0.093
175300,5.000,0.374,1.870,0.093
175500,5.000,0.374,1.870,0.093
175700,5.000,0.372,1.862,0.093
175900,5.000,0.372,1.862,0.093
176100,5.000,0.374,1.870,0.094
176300,5.000,0.374,1.874,0.094
176500,5.000,0.373,1.866,0.094
176700,5.000,0.373,1.866,0.094
176900,5.000,0.374,1.870,0.094
177100,5.000,0.374,1.870,0.094
177300,5.000,0.374,1.870,0.094
177500,5.000,0.373,1.866,0.094
177700,5.000,0.374,1.874,0.094
177900,5.000,0.372,1.862,0.094
178100,5.000,0.372,1.862,0.095
178300,5.000,0.374,1.870,0.095
178500,5.000,0.374,1.870,0.095
178700,5.000,0.373,1.866,0.095
178900,5.000,0.373,1.866,0.095
179100,5.000,0.374,1.866,0.095
179300,5.000,0.373,1.866,0.095
179500,5.000,0.373,1.862,0.095
179700,5.000,0.375,1.874,0.095
179900,5.000,0.375,1.874,0.096
180100,5.000,0.373,1.866,0.096
180300,5.000,0.374,1.870,0.096
180500,5.000,0.374,1.870,0.096
180700,5.000,0.374,1.870,0.096
180900,5.000,0.372,1.862,0.096
181100,5.000,0.375,1.874,0.096
181300,5.000,0.375,1.874,0.096
181500,5.000,0.373,1.866,0.096
181700,5.000,0.373,1.866,0.096
181900,5.000,0.373,1.874,0.097
182100,5.000,0.375,1.874,0.097
182300,5.000,0.373,1.866,0.097
182500,5.000,0.373,1.866,0.097
182700,5.000,0.374,1.870,0.097
182900,5.000,0.374,1.870,0.097
183100,5.000,0.372,1.862,0.097
183300,5.000,0.375,1.874,0.097
183500,5.000,0.374,1.870,0.097
183700,5.000,0.374,1.870,0.098
183900,5.000,0.375,1.874,0.098
184100,5.000,0.374,1.874,0.098
184300,5.000,0.373,1.862,0.098
184500,5.000,0.373,1.862,0.098
184700,5.000,0.374,1.870,0.098
184900,5.000,0.375,1.874,0.098
185100,5.000,0.375,1.874,0.098
185300,5.000,0.373,1.862,0.098
185500,5.000,0.374,1.870,0.098
185700,5.000,0.374,1.870,0.099
185900,5.000,0.374,1.870,0.099
186100,5.000,0.372,1.862,0.099
186300,5.000,0.375,1.874,0.099
186500,5.000,0.373,1.866,0.099
186700,5.000,0.374,1.870,0.099
186900,5.000,0.374,1.870,0.099
187100,5.000,0.375,1.874,0.099
187300,5.000,0.372,1.862,0.099
187500,5.000,0.374,1.870,0.100
187700,5.000,0.374,1.870,0.100
187900,5.000,0.374,1.870,0.100
188100,5.000,0.373,1.862,0.100
188300,5.000,0.373,1.862,0.100
188500,5.000,0.374,1.874,0.100
188700,5.000,0.373,1.866,0.100
188900,5.000,0.373,1.866,0.100
189100,5.000,0.373,1.866,0.100
189300,5.000,0.375,1.874,0.101
189500,5.000,0.372,1.858,0.101
189700,5.000,0.374,1.870,0.101
189900,5.000,0.373,1.866,0.101
190100,5.000,0.373,1.866,0.101
190300,5.000,0.372,1.862,0.101
190500,5.000,0.374,1.870,0.101
190700,5.000,0.373,1.866,0.101
190900,5.000,0.373,1.866,0.101
191100,5.000,0.372,1.858,0.101
191300,5.000,0.374,1.870,0.102
191500,5.000,0.374,1.870,0.102
191700,5.000,0.372,1.858,0.102
191900,5.000,0.374,1.874,0.102
192100,5.000,0.374,1.866,0.102
192300,5.000,0.374,1.866,0.102
192500,5.000,0.372,1.862,0.102
192700,5.000,0.375,1.874,0.102
192900,5.000,0.375,1.862,0.102
193100,5.000,0.372,1.862,0.103
193300,5.000,0.372,1.862,0.103
193500,5.000,0.374,1.870,0.103
193700,5.000,0.375,1.874,0.103
193900,5.000,0.375,1.874,0.103
194100,5.000,0.373,1.866,0.103
194300,5.000,0.374,1.870,0.103
194500,5.000,0.372,1.858,0.103
194700,5.000,0.372,1.858,0.103
194900,5.000,0.374,1.870,0.104
195100,5.000,0.373,1.862,0.104
195300,5.000,0.373,1.862,0.104
195500,5.000,0.373,1.862,0.104
195700,5.000,0.375,1.874,0.104
195900,5.000,0.372,1.862,0.104
196100,5.000,0.372,1.862,0.104
196300,5.000,0.373,1.866,0.104
196500,5.000,0.373,1.866,0.104
196700,5.000,0.372,1.862,0.105
196900,5.000,0.374,1.870,0.105
197100,5.000,0.374,1.870,0.105
197300,5.000,0.373,1.866,0.105
197500,5.000,0.373,1.862,0.105
197700,5.000,0.374,1.874,0.105
197900,5.000,0.374,1.874,0.105
198100,5.000,0.372,1.858,0.105
198300,5.000,0.373,1.866,0.105
198500,5.000,0.376,1.877,0.105
198700,5.000,0.376,1.877,0.106
198900,5.000,0.372,1.858,0.106
199100,5.000,0.375,1.874,0.106
199300,5.000,0.375,1.874,0.106
199500,5.000,0.374,1.870,0.106
199700,5.000,0.374,1.870,0.106
199900,5.000,0.375,1.874,0.106
200100,5.000,0.373,1.866,0.106
200300,5.000,0.373,1.866,0.106
200500,5.000,0.374,1.874,0.107
200700,5.000,0.375,1.874,0.107
200900,5.000,0.372,1.862,0.107
201100,5.000,0.372,1.862,0.107
201300,5.000,0.375,1.877,0.107
201500,5.000,0.374,1.870,0.107
201700,5.000,0.373,1.866,0.107
201900,5.000,0.373,1.866,0.107
202100,5.000,0.375,1.874,0.107
202300,5.000,0.373,1.866,0.107
202500,5.000,0.373,1.866,0.108
202700,5.000,0.374,1.870,0.108
202900,5.000,0.375,1.874,0.108
203100,5.000,0.372,1.862,0.108
203300,5.000,0.372,1.862,0.108
203500,5.000,0.375,1.877,0.108
203700,5.000,0.376,1.877,0.108
203900,5.000,0.372,1.862,0.108
204100,5.000,0.374,1.874,0.108
204300,5.000,0.374,1.874,0.109
204500,5.000,0.373,1.866,0.109
204700,5.000,0.374,1.870,0.109
204900,5.000,0.374,1.870,0.109
205100,5.000,0.374,1.870,0.109
205300,5.000,0.372,1.858,0.109
205500,5.000,0.375,1.874,0.109
205700,5.000,0.375,1.874,0.109
205900,5.000,0.374,1.870,0.109
206100,5.000,0.372,1.862,0.109
206300,5.000,0.375,1.877,0.110
206500,5.000,0.375,1.877,0.110
206700,5.000,0.373,1.862,0.110
206900,5.000,0.373,1.866,0.110
207100,5.000,0.374,1.870,0.110
207300,5.000,0.372,1.862,0.110
207500,5.000,0.372,1.862,0.110
207700,5.000,0.374,1.874,0.110
207900,5.000,0.374,1.870,0.110
208100,5.000,0.374,1.870,0.111
208300,5.000,0.373,1.866,0.111
208500,5.000,0.376,1.877,0.111
208700,5.000,0.373,1.866,0.111
208900,5.000,0.373,1.866,0.111
209100,5.000,0.373,1.866,0.111
209300,5.000,0.375,1.877,0.111
209500,5.000,0.373,1.862,0.111
209700,5.000,0.373,1.862,0.111
209900,5.000,0.375,1.874,0.112
210100,5.000,0.374,1.870,0.112
210300,5.000,0.374,1.870,0.112
210500,5.000,0.374,1.874,0.112
210700,5.000,0.374,1.874,0.112
210900,5.000,0.373,1.866,0.112
211100,5.000,0.374,1.870,0.112
211300,5.000,0.374,1.870,0.112
211500,5.000,0.375,1.874,0.112
211700,5.000,0.372,1.862,0.112
211900,5.000,0.374,1.870,0.113
212100,5.000,0.374,1.870,0.113
212300,5.000,0.374,1.870,0.113
212500,5.000,0.373,1.866,0.113
212700,5.000,0.375,1.874,0.113
212900,5.000,0.375,1.874,0.113
213100,5.000,0.373,1.866,0.113
213300,5.000,0.397,1.988,0.113
213500,5.000,0.397,1.988,0.113
213700,5.000,0.376,1.881,0.114
213900,5.000,0.372,1.858,0.114
214100,5.000,0.375,1.874,0.114
214300,5.000,0.374,1.870,0.114
214500,5.000,0.374,1.870,0.114
214700,5.000,0.372,1.862,0.114
214900,5.000,0.375,1.874,0.114
215100,5.000,0.374,1.870,0.114
215300,5.000,0.374,1.870,0.114
215500,5.000,0.373,1.866,0.115
215700,5.000,0.375,1.874,0.115
215900,5.000,0.375,1.874,0.115
216100,5.000,0.373,1.862,0.115
216300,5.000,0.375,1.874,0.115
216500,5.000,0.374,1.870,0.115
216700,5.000,0.374,1.870,0.115
216900,5.000,0.373,1.862,0.115
217100,5.000,0.375,1.877,0.115
217300,5.000,0.373,1.862,0.115
217500,5.000,0.373,1.862,0.116
217700,5.000,0.373,1.862,0.116
217900,5.000,0.374,1.870,0.116
218100,5.000,0.372,1.862,0.116
218300,5.000,0.374,1.870,0.116
218500,5.000,0.374,1.870,0.116
218700,5.000,0.375,1.874,0.116
218900,5.000,0.372,1.862,0.116
219100,5.000,0.372,1.862,0.116
219300,5.000,0.374,1.870,0.117
219500,5.000,0.373,1.866,0.117
219700,5.000,0.373,1.866,0.117
219900,5.000,0.373,1.866,0.117
220100,5.000,0.375,1.874,0.117
220300,5.000,0.372,1.862,0.117
220500,5.000,0.374,1.870,0.117
220700,5.000,0.374,1.870,0.117
220900,5.000,0.374,1.870,0.117
221100,5.000,0.372,1.858,0.118
221300,5.000,0.375,1.874,0.118
221500,5.000,0.373,1.866,0.118
221700,5.000,0.373,1.866,0.118
221900,5.000,0.374,1.870,0.118
222100,5.000,0.374,1.874,0.118
222300,5.000,0.374,1.874,0.118
222500,5.000,0.372,1.862,0.118
222700,5.000,0.374,1.866,0.118
222900,5.000,0.374,1.874,0.118
223100,5.000,0.374,1.874,0.119
223300,5.000,0.372,1.858,0.119
223500,5.000,0.375,1.874,0.119
223700,5.000,0.374,1.870,0.119
223900,5.000,0.374,1.870,0.119
224100,5.000,0.373,1.866,0.119
224300,5.000,0.374,1.870,0.119
224500,5.000,0.372,1.862,0.119
224700,5.000,0.374,1.866,0.119
224900,5.000,0.374,1.866,0.120
225100,5.000,0.374,1.870,0.120
225300,5.000,0.372,1.862,0.120
225500,5.000,0.372,1.862,0.120
225700,5.000,0.374,1.870,0.120
225900,5.000,0.374,1.870,0.120
226100,5.000,0.373,1.862,0.120
226300,5.000,0.373,1.862,0.120
226500,5.000,0.374,1.866,0.120
226700,5.000,0.373,1.866,0.121
226900,5.000,0.373,1.866,0.121
227100,5.000,0.374,1.866,0.121
227300,5.000,0.374,1.874,0.121
227500,5.000,0.372,1.862,0.121
227700,5.000,0.372,1.862,0.121
227900,5.000,0.375,1.874,0.121
228100,5.000,0.373,1.866,0.121
228300,5.000,0.373,1.866,0.121
228500,5.000,0.374,1.870,0.121
228700,5.000,0.374,1.870,0.122
228900,5.000,0.373,1.866,0.122
229100,5.000,0.374,1.866,0.122
229300,5.000,0.374,1.870,0.122
229500,5.000,0.374,1.870,0.122
229700,5.000,0.372,1.858,0.122
229900,5.000,0.374,1.870,0.122
230100,5.000,0.374,1.870,0.122
230300,5.000,0.373,1.866,0.122
230500,5.000,0.372,1.862,0.123
230700,5.000,0.374,1.870,0.123
230900,5.000,0.374,1.870,0.123
231100,5.000,0.373,1.866,0.123
231300,5.000,0.373,1.866,0.123
231500,5.000,0.375,1.874,0.123
231700,5.000,0.372,1.862,0.123
231900,5.000,0.372,1.862,0.123
232100,5.000,0.374,1.870,0.123
232300,5.000,0.374,1.870,0.124
232500,5.000,0.374,1.870,0.124
232700,5.000,0.374,1.870,0.124
232900,5.000,0.375,1.874,0.124
233100,5.000,0.373,1.866,0.124
233300,5.000,0.373,1.866,0.124
233500,5.000,0.375,1.874,0.124
233700,5.000,0.375,1.874,0.124
233900,5.000,0.373,1.862,0.124
234100,5.000,0.373,1.862,0.124
234300,5.000,0.374,1.874,0.125
234500,5.000,0.375,1.874,0.125
234700,5.000,0.373,1.862,0.125
234900,5.000,0.373,1.862,0.125
235100,5.000,0.374,1.870,0.125
235300,5.000,0.373,1.866,0.125
235500,5.000,0.374,1.870,0.125
235700,5.000,0.374,1.874,0.125
235900,5.000,0.374,1.874,0.125
236100,5.000,0.373,1.862,0.126
236300,5.000,0.374,1.870,0.126
236500,5.000,0.374,1.870,0.126
236700,5.000,0.374,1.870,0.126
236900,5.000,0.373,1.862,0.126
237100,5.000,0.375,1.874,0.126
237300,5.000,0.375,1.874,0.126
237500,5.000,0.374,1.870,0.126
237700,5.000,0.374,1.866,0.126
237900,5.000,0.374,1.866,0.126
238100,5.000,0.375,1.874,0.127
238300,5.000,0.374,1.870,0.127
238500,5.000,0.374,1.870,0.127
238700,5.000,0.374,1.870,0.127
238900,5.000,0.374,1.870,0.127
239100,5.000,0.372,1.862,0.127
239300,5.000,0.375,1.874,0.127
239500,5.000,0.374,1.870,0.127
239700,5.000,0.374,1.870,0.127
239900,5.000,0.373,1.870,0.128
240100,5.000,0.374,1.870,0.128
240300,5.000,0.373,1.866,0.128
240500,5.000,0.373,1.866,0.128
240700,5.000,0.374,1.870,0.128
240900,5.000,0.374,1.870,0.128
241100,5.000,0.374,1.870,0.128
241300,5.000,0.373,1.862,0.128
241500,5.000,0.374,1.874,0.128
241700,5.000,0.373,1.866,0.128
241900,5.000,0.373,1.866,0.129
242100,5.000,0.373,1.862,0.129
242300,5.000,0.375,1.874,0.129
242500,5.000,0.372,1.862,0.129
242700,5.000,0.373,1.866,0.129
242900,5.000,0.373,1.866,0.129
243100,5.000,0.374,1.870,0.129
243300,5.000,0.376,1.877,0.129
243500,5.000,0.374,1.870,0.129
243700,5.000,0.374,1.870,0.130
243900,5.000,0.373,1.866,0.130
244100,5.000,0.373,1.866,0.130
244300,5.000,0.373,1.866,0.130
244500,5.000,0.375,1.874,0.130
244700,5.000,0.373,1.866,0.130
244900,5.000,0.373,1.866,0.130
245100,5.000,0.373,1.866,0.130
245300,5.000,0.375,1.877,0.130
245500,5.000,0.372,1.858,0.131
245700,5.000,0.374,1.870,0.131
245900,5.000,0.373,1.866,0.131
246100,5.000,0.373,1.866,0.131
246300,5.000,0.373,1.866,0.131
246500,5.000,0.375,1.874,0.131
246700,5.000,0.373,1.866,0.131
246900,5.000,0.373,1.866,0.131
247100,5.000,0.373,1.866,0.131
247300,5.000,0.374,1.874,0.132
247500,5.000,0.374,1.874,0.132
247700,5.000,0.372,1.862,0.132
247900,5.000,0.374,1.870,0.132
248100,5.000,0.376,1.881,0.132
248300,5.000,0.376,1.881,0.132
248500,5.000,0.373,1.862,0.132
248700,5.000,0.374,1.874,0.132
248900,5.000,0.374,1.874,0.132
249100,5.000,0.373,1.866,0.132
249300,5.000,0.373,1.866,0.133
249500,5.000,0.374,1.870,0.133
249700,5.000,0.373,1.862,0.133
249900,5.000,0.373,1.862,0.133
250100,5.000,0.374,1.870,0.133
250300,5.000,0.374,1.870,0.133
250500,5.000,0.382,1.912,0.133
250700,5.000,0.382,1.912,0.133
250900,5.000,0.374,1.870,0.133
251100,5.000,0.374,1.870,0.134
251300,5.000,0.373,1.866,0.134
251500,5.000,0.373,1.866,0.134
251700,5.000,0.375,1.874,0.134
251900,5.000,0.372,1.862,0.134
252100,5.000,0.372,1.862,0.134
252300,5.000,0.374,1.870,0.134
252500,5.000,0.374,1.870,0.134
252700,5.000,0.372,1.858,0.134
252900,5.000,0.375,1.874,0.135
253100,5.000,0.375,1.874,0.135
253300,5.000,0.374,1.870,0.135
253500,5.000,0.373,1.862,0.135
253700,5.000,0.375,1.874,0.135
253900,5.000,0.375,1.874,0.135
254100,5.000,0.373,1.862,0.135
254300,5.000,0.374,1.870,0.135
254500,5.000,0.374,1.870,0.135
254700,5.000,0.374,1.870,0.135
254900,5.000,0.373,1.862,0.136
255100,5.000,0.375,1.874,0.136
255300,5.000,0.375,1.874,0.136
255500,5.000,0.373,1.866,0.136
255700,5.000,0.372,1.862,0.136
255900,5.000,0.375,1.874,0.136
256100,5.000,0.372,1.862,0.136
256300,5.000,0.372,1.862,0.136
256500,5.000,0.374,1.870,0.136
256700,5.000,0.374,1.870,0.137
256900,5.000,0.373,1.862,0.137
257100,5.000,0.373,1.862,0.137
257300,5.000,0.375,1.874,0.137
257500,5.000,0.373,1.866,0.137
257700,5.000,0.373,1.866,0.137
257900,5.000,0.373,1.866,0.137
258100,5.000,0.376,1.881,0.137
258300,5.000,0.373,1.862,0.137
258500,5.000,0.373,1.862,0.137
258700,5.000,0.374,1.870,0.138
258900,5.000,0.375,1.877,0.138
259100,5.000,0.372,1.862,0.138
259300,5.000,0.372,1.862,0.138
259500,5.000,0.375,1.874,0.138
259700,5.000,0.374,1.866,0.138
259900,5.000,0.373,1.866,0.138
260100,5.000,0.375,1.877,0.138
260300,5.000,0.375,1.877,0.138
260500,5.000,0.373,1.862,0.139
260700,5.000,0.374,1.870,0.139
260900,5.000,0.374,1.870,0.139
261100,5.000,0.374,1.870,0.139
261300,5.000,0.372,1.858,0.139
261500,5.000,0.374,1.874,0.139
261700,5.000,0.374,1.874,0.139
261900,5.000,0.375,1.874,0.139
262100,5.000,0.373,1.866,0.139
262300,5.000,0.375,1.874,0.140
262500,5.000,0.375,1.874,0.140
262700,5.000,0.373,1.862,0.140
262900,5.000,0.374,1.870,0.140
263100,5.000,0.376,1.877,0.140
263300,5.000,0.372,1.858,0.140
263500,5.000,0.372,1.858,0.140
263700,5.000,0.375,1.874,0.140
263900,5.000,0.374,1.870,0.140
264100,5.000,0.374,1.870,0.140
264300,5.000,0.373,1.862,0.141
264500,5.000,0.374,1.870,0.141
264700,5.000,0.373,1.862,0.141
264900,5.000,0.373,1.862,0.141
265100,5.000,0.374,1.870,0.141
265300,5.000,0.375,1.874,0.141
265500,5.000,0.372,1.862,0.141
265700,5.000,0.372,1.862,0.141
265900,5.000,0.374,1.874,0.141
266100,5.000,0.374,1.870,0.142
266300,5.000,0.374,1.870,0.142
266500,5.000,0.374,1.870,0.142
266700,5.000,0.374,1.870,0.142
266900,5.000,0.372,1.862,0.142
267100,5.000,0.373,1.866,0.142
267300,5.000,0.373,1.866,0.142
267500,5.000,0.374,1.874,0.142
267700,5.000,0.373,1.862,0.142
267900,5.000,0.374,1.874,0.143
268100,5.000,0.374,1.874,0.143
268300,5.000,0.374,1.870,0.143
268500,5.000,0.373,1.866,0.143
268700,5.000,0.375,1.874,0.143
268900,5.000,0.375,1.874,0.143
269100,5.000,0.373,1.866,0.143
269300,5.000,0.373,1.866,0.143
269500,5.000,0.373,1.866,0.143
269700,5.000,0.375,1.874,0.143
269900,5.000,0.371,1.858,0.144
270100,5.000,0.374,1.870,0.144
270300,5.000,0.374,1.870,0.144
270500,5.000,0.374,1.870,0.144
270700,5.000,0.373,1.862,0.144
270900,5.000,0.375,1.874,0.144
271100,5.000,0.373,1.866,0.144
271300,5.000,0.373,1.866,0.144
271500,5.000,0.374,1.870,0.144
271700,5.000,0.397,1.988,0.145
271900,5.000,0.397,1.988,0.145
272100,5.000,0.372,1.858,0.145
272300,5.000,0.375,1.874,0.145
272500,5.000,0.375,1.874,0.145
272700,5.000,0.375,1.874,0.145
272900,5.000,0.373,1.862,0.145
273100,5.000,0.375,1.877,0.145
273300,5.000,0.373,1.866,0.145
273500,5.000,0.373,1.866,0.146
273700,5.000,0.373,1.866,0.146
273900,5.000,0.374,1.874,0.146
274100,5.000,0.372,1.862,0.146
274300,5.000,0.375,1.874,0.146
274500,5.000,0.375,1.874,0.146
274700,5.000,0.374,1.870,0.146
274900,5.000,0.372,1.858,0.146
275100,5.000,0.372,1.858,0.146
275300,5.000,0.375,1.874,0.146
275500,5.000,0.373,1.866,0.147
275700,5.000,0.374,1.870,0.147
275900,5.000,0.374,1.870,0.147
276100,5.000,0.374,1.874,0.147
276300,5.000,0.373,1.866,0.147
276500,5.000,0.374,1.870,0.147
276700,5.000,0.374,1.870,0.147
276900,5.000,0.374,1.870,0.147
277100,5.000,0.372,1.862,0.147
277300,5.000,0.374,1.870,0.148
277500,5.000,0.373,1.866,0.148
277700,5.000,0.373,1.866,0.148
277900,5.000,0.374,1.870,0.148
278100,5.000,0.375,1.874,0.148
278300,5.000,0.375,1.874,0.148
278500,5.000,0.372,1.858,0.148
278700,5.000,0.374,1.870,0.148
278900,5.000,0.374,1.866,0.148
279100,5.000,0.374,1.866,0.148
279300,5.000,0.372,1.862,0.149
279500,5.000,0.375,1.874,0.149
279700,5.000,0.373,1.866,0.149
279900,5.000,0.373,1.866,0.149
280100,5.000,0.373,1.866,0.149
280300,5.000,0.375,1.874,0.149
280500,5.000,0.383,1.916,0.149
280700,5.000,0.373,1.866,0.149
280900,5.000,0.373,1.866,0.149
281100,5.000,0.374,1.870,0.150
281300,5.000,0.372,1.862,0.150
281500,5.000,0.372,1.862,0.150
281700,5.000,0.374,1.874,0.150
281900,5.000,0.373,1.862,0.150
282100,5.000,0.373,1.866,0.150
282300,5.000,0.373,1.866,0.150
282500,5.000,0.374,1.870,0.150
282700,5.000,0.372,1.862,0.150
282900,5.000,0.372,1.862,0.151
283100,5.000,0.375,1.877,0.151
283300,5.000,0.375,1.874,0.151
283500,5.000,0.373,1.862,0.151
283700,5.000,0.373,1.862,0.151
283900,5.000,0.375,1.874,0.151
284100,5.000,0.373,1.866,0.151
284300,5.000,0.373,1.866,0.151
284500,5.000,0.374,1.870,0.151
284700,5.000,0.374,1.870,0.152
284900,5.000,0.373,1.862,0.152
285100,5.000,0.374,1.870,0.152
285300,5.000,0.374,1.870,0.152
285500,5.000,0.374,1.870,0.152
285700,5.000,0.372,1.858,0.152
285900,5.000,0.374,1.870,0.152
286100,5.000,0.374,1.870,0.152
286300,5.000,0.374,1.870,0.152
286500,5.000,0.373,1.862,0.152
286700,5.000,0.374,1.870,0.153
286900,5.000,0.374,1.870,0.153
287100,5.000,0.373,1.866,0.153
287300,5.000,0.374,1.870,0.153
287500,5.000,0.374,1.866,0.153
287700,5.000,0.372,1.862,0.153
287900,5.000,0.372,1.862,0.153
288100,5.000,0.375,1.877,0.153
288300,5.000,0.373,1.866,0.153
288500,5.000,0.373,1.866,0.154
288700,5.000,0.373,1.866,0.154
288900,5.000,0.374,1.870,0.154
289100,5.000,0.373,1.866,0.154
289300,5.000,0.373,1.866,0.154
289500,5.000,0.373,1.866,0.154
289700,5.000,0.374,1.870,0.154
289900,5.000,0.373,1.862,0.154
290100,5.000,0.373,1.862,0.154
290300,5.000,0.374,1.874,0.154
290500,5.000,0.373,1.866,0.155
290700,5.000,0.373,1.866,0.155
290900,5.000,0.373,1.866,0.155
291100,5.000,0.374,1.874,0.155
291300,5.000,0.373,1.866,0.155
291500,5.000,0.373,1.866,0.155
