300,5.000,0.556,2.778,0.000
500,5.000,0.578,2.885,0.000
700,5.000,0.570,2.847,0.000
900,5.000,0.588,2.935,0.000
1100,5.000,0.588,2.935,0.000
1300,5.000,0.589,2.942,0.000
1500,5.000,0.590,2.946,0.001
1700,5.000,0.588,2.938,0.001
1900,5.000,0.593,2.961,0.001
2100,5.000,0.593,2.961,0.001
2300,5.000,0.590,2.946,0.001
2500,5.000,0.582,2.904,0.001
2700,5.000,0.582,2.904,0.002
2900,5.000,0.590,2.946,0.002
3100,5.000,0.589,2.942,0.002
3300,5.000,0.577,2.881,0.002
3500,5.000,0.577,2.881,0.002
3700,5.000,0.585,2.923,0.002
3900,5.000,0.579,2.893,0.003
4100,5.000,0.566,2.828,0.003
4300,5.000,0.566,2.828,0.003
4500,5.000,0.585,2.923,0.003
4700,5.000,0.576,2.881,0.003
4900,5.000,0.564,2.816,0.003
5100,5.000,0.564,2.816,0.004
5300,5.000,0.576,2.877,0.004
5500,5.000,0.563,2.809,0.004
5700,5.000,0.567,2.832,0.004
5900,5.000,0.567,2.832,0.004
6100,5.000,0.573,2.862,0.004
6300,5.000,0.561,2.805,0.005
6500,5.000,0.563,2.813,0.005
6700,5.000,0.563,2.813,0.005
6900,5.000,0.575,2.874,0.005
7100,5.000,0.562,2.805,0.005
7300,5.000,0.562,2.805,0.005
7500,5.000,0.566,2.824,0.006
7700,5.000,0.576,2.877,0.006
7900,5.000,0.561,2.801,0.006
8100,5.000,0.561,2.801,0.006
8300,5.000,0.564,2.820,0.006
8500,5.000,0.574,2.866,0.006
8700,5.000,0.561,2.801,0.007
8900,5.000,0.569,2.843,0.007
9100,5.000,0.569,2.843,0.007
9300,5.000,0.574,2.862,0.007
9500,5.000,0.561,2.805,0.007
9700,5.000,0.567,2.832,0.007
9900,5.000,0.567,2.832,0.007
10100,5.000,0.571,2.855,0.008
10300,5.000,0.561,2.801,0.008
10500,5.000,0.561,2.801,0.008
10700,5.000,0.576,2.874,0.008
10900,5.000,0.568,2.835,0.008
11100,5.000,0.562,2.805,0.008
11300,5.000,0.562,2.805,0.009
11500,5.000,0.569,2.843,0.009
11700,5.000,0.569,2.839,0.009
11900,5.000,0.563,2.809,0.009
12100,5.000,0.568,2.835,0.009
12300,5.000,0.568,2.835,0.009
12500,5.000,0.569,2.843,0.010
12700,5.000,0.561,2.801,0.010
12900,5.000,0.573,2.858,0.010
13100,5.000,0.573,2.858,0.010
13300,5.000,0.566,2.824,0.010
13500,5.000,0.559,2.793,0.010
13700,5.000,0.559,2.793,0.011
13900,5.000,0.575,2.874,0.011
14100,5.000,0.568,2.835,0.011
14300,5.000,0.562,2.809,0.011
14500,5.000,0.562,2.809,0.011
14700,5.000,0.573,2.862,0.011
14900,5.000,0.566,2.824,0.011
15100,5.000,0.561,2.801,0.012
15300,5.000,0.573,2.858,0.012
15500,5.000,0.573,2.858,0.012
15700,5.000,0.565,2.824,0.012
15900,5.000,0.562,2.809,0.012
16100,5.000,0.562,2.809,0.013
16300,5.000,0.576,2.877,0.013
16500,5.000,0.564,2.816,0.013
16700,5.000,0.561,2.801,0.013
16900,5.000,0.561,2.801,0.013
17100,5.000,0.577,2.881,0.013
17300,5.000,0.561,2.805,0.013
17500,5.000,0.568,2.839,0.014
17700,5.000,0.568,2.839,0.014
17900,5.000,0.578,2.889,0.014
18100,5.000,0.566,2.828,0.014
18300,5.000,0.566,2.828,0.014
18500,5.000,0.562,2.809,0.014
18700,5.000,0.575,2.874,0.015
18900,5.000,0.563,2.813,0.015
19100,5.000,0.561,2.801,0.015
19300,5.000,0.561,2.801,0.015
19500,5.000,0.579,2.889,0.015
19700,5.000,0.561,2.805,0.015
19900,5.000,0.567,2.832,0.016
20100,5.000,0.567,2.832,0.016
20300,5.000,0.573,2.858,0.016
20500,5.000,0.561,2.801,0.016
20700,5.000,0.571,2.851,0.016
20900,5.000,0.571,2.851,0.016
21100,5.000,0.573,2.862,0.017
21300,5.000,0.564,2.816,0.017
21500,5.000,0.564,2.816,0.017
21700,5.000,0.565,2.824,0.017
21900,5.000,0.573,2.862,0.017
22100,5.000,0.559,2.793,0.017
22300,5.000,0.564,2.816,0.018
22500,5.000,0.564,2.816,0.018
22700,5.000,0.573,2.858,0.018
22900,5.000,0.562,2.805,0.018
23100,5.000,0.568,2.835,0.018
23300,5.000,0.568,2.835,0.018
23500,5.000,0.572,2.855,0.018
23700,5.000,0.560,2.797,0.019
23900,5.000,0.569,2.843,0.019
24100,5.000,0.569,2.843,0.019
24300,5.000,0.569,2.843,0.019
24500,5.000,0.563,2.816,0.019
24700,5.000,0.563,2.816,0.019
24900,5.000,0.568,2.835,0.020
25100,5.000,0.574,2.866,0.020
25300,5.000,0.562,2.809,0.020
25500,5.000,0.562,2.809,0.020
25700,5.000,0.567,2.828,0.020
25900,5.000,0.571,2.855,0.020
26100,5.000,0.561,2.801,0.021
26300,5.000,0.573,2.862,0.021
26500,5.000,0.573,2.862,0.021
26700,5.000,0.568,2.839,0.021
26900,5.000,0.563,2.813,0.021
27100,5.000,0.563,2.813,0.021
27300,5.000,0.571,2.851,0.022
27500,5.000,0.567,2.832,0.022
27700,5.000,0.562,2.809,0.022
27900,5.000,0.562,2.809,0.022
28100,5.000,0.576,2.877,0.022
28300,5.000,0.564,2.820,0.022
28500,5.000,0.564,2.816,0.023
28700,5.000,0.564,2.816,0.023
28900,5.000,0.573,2.862,0.023
29100,5.000,0.564,2.820,0.023
29300,5.000,0.560,2.797,0.023
29500,5.000,0.572,2.855,0.023
29700,5.000,0.572,2.855,0.024
29900,5.000,0.567,2.832,0.024
30100,5.000,0.562,2.805,0.024
30300,5.000,0.562,2.805,0.024
30500,5.000,0.577,2.881,0.024
30700,5.000,0.562,2.805,0.024
30900,5.000,0.563,2.813,0.024
31100,5.000,0.563,2.813,0.025
31300,5.000,0.576,2.874,0.025
31500,5.000,0.564,2.816,0.025
31700,5.000,0.562,2.805,0.025
31900,5.000,0.562,2.805,0.025
32100,5.000,0.577,2.881,0.025
32300,5.000,0.566,2.824,0.026
32500,5.000,0.566,2.824,0.026
32700,5.000,0.578,2.885,0.026
32900,5.000,0.578,2.885,0.026
33100,5.000,0.563,2.813,0.026
33300,5.000,0.566,2.828,0.026
33500,5.000,0.566,2.828,0.027
33700,5.000,0.575,2.874,0.027
33900,5.000,0.563,2.813,0.027
34100,5.000,0.564,2.816,0.027
34300,5.000,0.564,2.816,0.027
34500,5.000,0.576,2.874,0.027
34700,5.000,0.563,2.809,0.028
34900,5.000,0.570,2.851,0.028
35100,5.000,0.570,2.851,0.028
35300,5.000,0.571,2.851,0.028
35500,5.000,0.564,2.816,0.028
35700,5.000,0.564,2.816,0.028
35900,5.000,0.565,2.820,0.028
36100,5.000,0.572,2.855,0.029
36300,5.000,0.559,2.793,0.029
36500,5.000,0.566,2.828,0.029
36700,5.000,0.566,2.828,0.029
36900,5.000,0.574,2.866,0.029
37100,5.000,0.561,2.805,0.030
37300,5.000,0.570,2.847,0.030
37500,5.000,0.570,2.847,0.030
37700,5.000,0.568,2.835,0.030
37900,5.000,0.563,2.813,0.030
38100,5.000,0.563,2.813,0.030
38300,5.000,0.571,2.855,0.030
38500,5.000,0.571,2.851,0.031
38700,5.000,0.560,2.797,0.031
38900,5.000,0.560,2.797,0.031
39100,5.000,0.571,2.855,0.031
39300,5.000,0.571,2.851,0.031
39500,5.000,0.560,2.797,0.031
39700,5.000,0.571,2.855,0.032
39900,5.000,0.571,2.855,0.032
40100,5.000,0.570,2.843,0.032
40300,5.000,0.562,2.809,0.032
40500,5.000,0.574,2.870,0.032
40700,5.000,0.574,2.870,0.032
40900,5.000,0.567,2.835,0.033
41100,5.000,0.561,2.801,0.033
41300,5.000,0.561,2.801,0.033
41500,5.000,0.575,2.874,0.033
41700,5.000,0.567,2.832,0.033
41900,5.000,0.564,2.816,0.033
42100,5.000,0.564,2.816,0.034
42300,5.000,0.571,2.851,0.034
42500,5.000,0.571,2.855,0.034
42700,5.000,0.561,2.801,0.034
42900,5.000,0.561,2.801,0.034
43100,5.000,0.572,2.858,0.034
43300,5.000,0.563,2.813,0.035
43500,5.000,0.562,2.805,0.035
43700,5.000,0.578,2.889,0.035
43900,5.000,0.578,2.889,0.035
44100,5.000,0.562,2.809,0.035
44300,5.000,0.563,2.813,0.035
44500,5.000,0.563,2.813,0.035
44700,5.000,0.573,2.862,0.036
44900,5.000,0.564,2.820,0.036
45100,5.000,0.563,2.809,0.036
45300,5.000,0.563,2.809,0.036
45500,5.000,0.576,2.877,0.036
45700,5.000,0.561,2.801,0.036
45900,5.000,0.563,2.813,0.037
46100,5.000,0.563,2.813,0.037
46300,5.000,0.576,2.877,0.037
46500,5.000,0.560,2.797,0.037
46700,5.000,0.566,2.824,0.037
46900,5.000,0.577,2.881,0.037
47100,5.000,0.577,2.881,0.038
47300,5.000,0.562,2.805,0.038
47500,5.000,0.568,2.839,0.038
47700,5.000,0.568,2.839,0.038
47900,5.000,0.575,2.874,0.038
48100,5.000,0.558,2.786,0.038
48300,5.000,0.570,2.847,0.039
48500,5.000,0.570,2.847,0.039
48700,5.000,0.573,2.866,0.039
48900,5.000,0.563,2.813,0.039
49100,5.000,0.563,2.813,0.039
49300,5.000,0.565,2.824,0.039
49500,5.000,0.577,2.881,0.040
49700,5.000,0.561,2.801,0.040
49900,5.000,0.561,2.801,0.040
50100,5.000,0.564,2.816,0.040
50300,5.000,0.572,2.858,0.040
50500,5.000,0.562,2.809,0.040
50700,5.000,0.570,2.847,0.041
50900,5.000,0.570,2.847,0.041
51100,5.000,0.572,2.855,0.041
51300,5.000,0.563,2.816,0.041
51500,5.000,0.564,2.816,0.041
51700,5.000,0.564,2.816,0.041
51900,5.000,0.573,2.862,0.041
52100,5.000,0.561,2.801,0.042
52300,5.000,0.561,2.801,0.042
52500,5.000,0.574,2.866,0.042
52700,5.000,0.567,2.832,0.042
52900,5.000,0.563,2.809,0.042
53100,5.000,0.563,2.809,0.042
53300,5.000,0.569,2.843,0.043
53500,5.000,0.569,2.839,0.043
53700,5.000,0.564,2.813,0.043
53900,5.000,0.572,2.858,0.043
54100,5.000,0.572,2.858,0.043
54300,5.000,0.571,2.851,0.043
54500,5.000,0.563,2.813,0.044
54700,5.000,0.577,2.881,0.044
54900,5.000,0.577,2.881,0.044
55100,5.000,0.564,2.813,0.044
55300,5.000,0.563,2.813,0.044
55500,5.000,0.563,2.813,0.044
55700,5.000,0.576,2.874,0.045
55900,5.000,0.565,2.824,0.045
56100,5.000,0.563,2.809,0.045
56300,5.000,0.563,2.809,0.045
56500,5.000,0.574,2.862,0.045
56700,5.000,0.567,2.832,0.045
56900,5.000,0.561,2.801,0.045
57100,5.000,0.561,2.801,0.046
57300,5.000,0.571,2.851,0.046
57500,5.000,0.569,2.843,0.046
57700,5.000,0.563,2.813,0.046
57900,5.000,0.575,2.870,0.046
58100,5.000,0.575,2.870,0.047
58300,5.000,0.565,2.824,0.047
58500,5.000,0.558,2.790,0.047
58700,5.000,0.558,2.790,0.047
58900,5.000,0.578,2.889,0.047
59100,5.000,0.561,2.801,0.047
59300,5.000,0.566,2.828,0.047
59500,5.000,0.566,2.828,0.048
59700,5.000,0.572,2.858,0.048
59900,5.000,0.562,2.809,0.048
60100,5.000,0.562,2.809,0.048
60300,5.000,0.563,2.809,0.048
60500,5.000,0.576,2.874,0.048
60700,5.000,0.563,2.813,0.049
60900,5.000,0.565,2.824,0.049
61100,5.000,0.565,2.824,0.049
61300,5.000,0.577,2.881,0.049
61500,5.000,0.563,2.813,0.049
61700,5.000,0.566,2.824,0.049
61900,5.000,0.566,2.824,0.050
62100,5.000,0.572,2.858,0.050
62300,5.000,0.563,2.809,0.050
62500,5.000,0.570,2.847,0.050
62700,5.000,0.570,2.847,0.050
62900,5.000,0.572,2.858,0.050
63100,5.000,0.561,2.805,0.051
63300,5.000,0.561,2.805,0.051
63500,5.000,0.566,2.828,0.051
63700,5.000,0.574,2.866,0.051
63900,5.000,0.562,2.809,0.051
64100,5.000,0.562,2.809,0.051
64300,5.000,0.566,2.828,0.052
64500,5.000,0.574,2.870,0.052
64700,5.000,0.562,2.809,0.052
64900,5.000,0.569,2.843,0.052
65100,5.000,0.569,2.843,0.052
65300,5.000,0.572,2.855,0.052
65500,5.000,0.559,2.793,0.053
65700,5.000,0.572,2.858,0.053
65900,5.000,0.572,2.858,0.053
66100,5.000,0.568,2.835,0.053
66300,5.000,0.563,2.813,0.053
66500,5.000,0.563,2.813,0.053
66700,5.000,0.571,2.855,0.053
66900,5.000,0.567,2.835,0.054
67100,5.000,0.562,2.805,0.054
67300,5.000,0.562,2.805,0.054
67500,5.000,0.567,2.835,0.054
67700,5.000,0.572,2.858,0.054
67900,5.000,0.562,2.805,0.054
68100,5.000,0.572,2.858,0.055
68300,5.000,0.572,2.858,0.055
68500,5.000,0.571,2.851,0.055
68700,5.000,0.562,2.809,0.055
68900,5.000,0.570,2.847,0.055
69100,5.000,0.570,2.847,0.055
69300,5.000,0.569,2.843,0.056
69500,5.000,0.562,2.809,0.056
69700,5.000,0.562,2.809,0.056
69900,5.000,0.578,2.889,0.056
70100,5.000,0.564,2.816,0.056
70300,5.000,0.563,2.813,0.056
70500,5.000,0.563,2.813,0.057
70700,5.000,0.571,2.855,0.057
70900,5.000,0.567,2.832,0.057
71100,5.000,0.567,2.832,0.057
71300,5.000,0.576,2.877,0.057
71500,5.000,0.576,2.877,0.057
71700,5.000,0.568,2.835,0.058
71900,5.000,0.562,2.809,0.058
72100,5.000,0.562,2.809,0.058
72300,5.000,0.577,2.881,0.058
72500,5.000,0.561,2.801,0.058
72700,5.000,0.566,2.824,0.058
72900,5.000,0.566,2.824,0.058
73100,5.000,0.575,2.870,0.059
73300,5.000,0.563,2.813,0.059
73500,5.000,0.563,2.813,0.059
73700,5.000,0.563,2.813,0.059
73900,5.000,0.572,2.855,0.059
74100,5.000,0.564,2.816,0.059
74300,5.000,0.564,2.816,0.060
74500,5.000,0.559,2.793,0.060
74700,5.000,0.578,2.885,0.060
74900,5.000,0.563,2.809,0.060
75100,5.000,0.565,2.824,0.060
75300,5.000,0.565,2.824,0.060
75500,5.000,0.576,2.881,0.061
75700,5.000,0.562,2.809,0.061
75900,5.000,0.567,2.832,0.061
76100,5.000,0.567,2.832,0.061
76300,5.000,0.576,2.874,0.061
76500,5.000,0.562,2.805,0.061
76700,5.000,0.571,2.851,0.062
76900,5.000,0.571,2.851,0.062
77100,5.000,0.571,2.855,0.062
77300,5.000,0.564,2.816,0.062
77500,5.000,0.564,2.816,0.062
77700,5.000,0.565,2.820,0.062
77900,5.000,0.574,2.866,0.063
78100,5.000,0.561,2.801,0.063
78300,5.000,0.565,2.820,0.063
78500,5.000,0.565,2.820,0.063
78700,5.000,0.574,2.870,0.063
78900,5.000,0.562,2.805,0.063
79100,5.000,0.572,2.858,0.064
79300,5.000,0.572,2.858,0.064
79500,5.000,0.570,2.847,0.064
79700,5.000,0.562,2.805,0.064
79900,5.000,0.562,2.851,0.064
80100,5.000,0.571,2.851,0.064
80300,5.000,0.569,2.843,0.064
80500,5.000,0.562,2.805,0.065
80700,5.000,0.562,2.805,0.065
80900,5.000,0.567,2.832,0.065
81100,5.000,0.573,2.862,0.065
81300,5.000,0.561,2.801,0.065
81500,5.000,0.568,2.835,0.065
81700,5.000,0.568,2.835,0.066
81900,5.000,0.567,2.832,0.066
82100,5.000,0.562,2.805,0.066
82300,5.000,0.574,2.870,0.066
82500,5.000,0.574,2.870,0.066
82700,5.000,0.566,2.828,0.066
82900,5.000,0.563,2.813,0.067
83100,5.000,0.563,2.813,0.067
83300,5.000,0.572,2.855,0.067
83500,5.000,0.566,2.828,0.067
83700,5.000,0.563,2.813,0.067
83900,5.000,0.563,2.813,0.067
84100,5.000,0.570,2.847,0.068
84300,5.000,0.573,2.862,0.068
84500,5.000,0.561,2.801,0.068
84700,5.000,0.561,2.801,0.068
84900,5.000,0.574,2.866,0.068
85100,5.000,0.564,2.816,0.068
85300,5.000,0.561,2.801,0.069
85500,5.000,0.573,2.862,0.069
85700,5.000,0.573,2.862,0.069
85900,5.000,0.567,2.832,0.069
86100,5.000,0.565,2.820,0.069
86300,5.000,0.565,2.820,0.069
86500,5.000,0.576,2.874,0.070
86700,5.000,0.562,2.809,0.070
86900,5.000,0.561,2.801,0.070
87100,5.000,0.561,2.801,0.070
87300,5.000,0.581,2.904,0.070
87500,5.000,0.560,2.797,0.070
87700,5.000,0.562,2.805,0.070
87900,5.000,0.562,2.805,0.071
88100,5.000,0.577,2.881,0.071
88300,5.000,0.561,2.801,0.071
88500,5.000,0.562,2.805,0.071
88700,5.000,0.576,2.874,0.071
88900,5.000,0.576,2.874,0.071
89100,5.000,0.562,2.805,0.072
89300,5.000,0.567,2.832,0.072
89500,5.000,0.567,2.832,0.072
89700,5.000,0.574,2.866,0.072
89900,5.000,0.564,2.816,0.072
90100,5.000,0.564,2.813,0.072
90300,5.000,0.564,2.813,0.073
90500,5.000,0.574,2.866,0.073
90700,5.000,0.564,2.816,0.073
90900,5.000,0.564,2.820,0.073
91100,5.000,0.564,2.820,0.073
91300,5.000,0.578,2.889,0.073
91500,5.000,0.560,2.797,0.074
91700,5.000,0.560,2.797,0.074
91900,5.000,0.567,2.828,0.074
92100,5.000,0.573,2.862,0.074
92300,5.000,0.561,2.801,0.074
92500,5.000,0.567,2.832,0.074
92700,5.000,0.567,2.832,0.075
92900,5.000,0.574,2.870,0.075
93100,5.000,0.562,2.809,0.075
93300,5.000,0.568,2.835,0.075
93500,5.000,0.568,2.835,0.075
93700,5.000,0.571,2.851,0.075
93900,5.000,0.561,2.801,0.075
94100,5.000,0.561,2.801,0.076
94300,5.000,0.576,2.874,0.076
94500,5.000,0.566,2.824,0.076
94700,5.000,0.562,2.805,0.076
94900,5.000,0.562,2.805,0.076
95100,5.000,0.569,2.843,0.076
95300,5.000,0.569,2.843,0.077
95500,5.000,0.562,2.805,0.077
95700,5.000,0.572,2.858,0.077
95900,5.000,0.572,2.858,0.077
96100,5.000,0.567,2.832,0.077
96300,5.000,0.564,2.816,0.077
96500,5.000,0.570,2.843,0.078
96700,5.000,0.570,2.843,0.078
96900,5.000,0.566,2.828,0.078
97100,5.000,0.560,2.797,0.078
97300,5.000,0.560,2.797,0.078
97500,5.000,0.574,2.866,0.078
97700,5.000,0.567,2.835,0.079
97900,5.000,0.561,2.801,0.079
98100,5.000,0.561,2.801,0.079
98300,5.000,0.574,2.866,0.079
98500,5.000,0.568,2.835,0.079
98700,5.000,0.563,2.813,0.079
98900,5.000,0.563,2.813,0.080
99100,5.000,0.571,2.855,0.080
99300,5.000,0.566,2.828,0.080
99500,5.000,0.560,2.801,0.080
99700,5.000,0.576,2.877,0.080
99900,5.000,0.576,2.877,0.080
100100,5.000,0.566,2.828,0.081
100300,5.000,0.561,2.805,0.081
100500,5.000,0.561,2.805,0.081
100700,5.000,0.576,2.877,0.081
100900,5.000,0.561,2.801,0.081
101100,5.000,0.568,2.839,0.081
101300,5.000,0.568,2.839,0.081
101500,5.000,0.575,2.874,0.082
101700,5.000,0.560,2.797,0.082
101900,5.000,0.560,2.797,0.082
102100,5.000,0.564,2.816,0.082
102300,5.000,0.576,2.874,0.082
102500,5.000,0.562,2.805,0.082
102700,5.000,0.563,2.813,0.083
102900,5.000,0.563,2.813,0.083
103100,5.000,0.576,2.877,0.083
103300,5.000,0.563,2.809,0.083
103500,5.000,0.565,2.824,0.083
103700,5.000,0.565,2.824,0.083
103900,5.000,0.583,2.912,0.084
104100,5.000,0.561,2.801,0.084
104300,5.000,0.568,2.835,0.084
104500,5.000,0.568,2.835,0.084
104700,5.000,0.574,2.866,0.084
104900,5.000,0.562,2.809,0.084
105100,5.000,0.562,2.809,0.085
105300,5.000,0.568,2.835,0.085
105500,5.000,0.574,2.866,0.085
105700,5.000,0.563,2.813,0.085
105900,5.000,0.563,2.813,0.085
106100,5.000,0.564,2.820,0.085
106300,5.000,0.574,2.866,0.086
106500,5.000,0.563,2.813,0.086
106700,5.000,0.575,2.874,0.086
106900,5.000,0.575,2.874,0.086
107100,5.000,0.573,2.862,0.086
107300,5.000,0.563,2.813,0.086
107500,5.000,0.568,2.835,0.087
107700,5.000,0.568,2.835,0.087
107900,5.000,0.571,2.851,0.087
108100,5.000,0.564,2.816,0.087
108300,5.000,0.564,2.816,0.087
108500,5.000,0.574,2.866,0.087
108700,5.000,0.567,2.832,0.087
108900,5.000,0.562,2.809,0.088
109100,5.000,0.562,2.809,0.088
109300,5.000,0.570,2.843,0.088
109500,5.000,0.569,2.843,0.088
109700,5.000,0.563,2.813,0.088
109900,5.000,0.569,2.847,0.088
110100,5.000,0.569,2.847,0.089
110300,5.000,0.571,2.855,0.089
110500,5.000,0.561,2.805,0.089
110700,5.000,0.573,2.862,0.089
110900,5.000,0.573,2.862,0.089
111100,5.000,0.564,2.820,0.089
111300,5.000,0.563,2.809,0.090
111500,5.000,0.563,2.809,0.090
111700,5.000,0.579,2.893,0.090
111900,5.000,0.562,2.805,0.090
112100,5.000,0.563,2.813,0.090
112300,5.000,0.563,2.813,0.090
112500,5.000,0.573,2.862,0.091
112700,5.000,0.567,2.832,0.091
112900,5.000,0.567,2.832,0.091
113100,5.000,0.574,2.870,0.091
113300,5.000,0.574,2.870,0.091
113500,5.000,0.567,2.835,0.091
113700,5.000,0.563,2.813,0.092
113900,5.000,0.563,2.813,0.092
114100,5.000,0.578,2.885,0.092
114300,5.000,0.564,2.816,0.092
114500,5.000,0.561,2.801,0.092
114700,5.000,0.561,2.801,0.092
114900,5.000,0.577,2.885,0.093
115100,5.000,0.565,2.824,0.093
115300,5.000,0.565,2.820,0.093
115500,5.000,0.565,2.820,0.093
115700,5.000,0.572,2.858,0.093
115900,5.000,0.565,2.824,0.093
116100,5.000,0.565,2.824,0.093
116300,5.000,0.563,2.809,0.094
116500,5.000,0.578,2.885,0.094
116700,5.000,0.564,2.816,0.094
116900,5.000,0.561,2.801,0.094
117100,5.000,0.561,2.801,0.094
117300,5.000,0.578,2.889,0.094
117500,5.000,0.560,2.797,0.095
117700,5.000,0.565,2.824,0.095
117900,5.000,0.565,2.824,0.095
118100,5.000,0.571,2.851,0.095
118300,5.000,0.563,2.809,0.095
118500,5.000,0.571,2.851,0.095
118700,5.000,0.571,2.851,0.096
118900,5.000,0.570,2.847,0.096
119100,5.000,0.563,2.813,0.096
119300,5.000,0.563,2.813,0.096
119500,5.000,0.566,2.828,0.096
119700,5.000,0.574,2.866,0.096
119900,5.000,0.561,2.801,0.097
120100,5.000,0.568,2.835,0.097
120300,5.000,0.568,2.835,0.097
120500,5.000,0.574,2.866,0.097
120700,5.000,0.563,2.813,0.097
120900,5.000,0.569,2.843,0.097
121100,5.000,0.569,2.843,0.098
121300,5.000,0.570,2.851,0.098
121500,5.000,0.561,2.805,0.098
121700,5.000,0.571,2.855,0.098
121900,5.000,0.571,2.855,0.098
122100,5.000,0.572,2.858,0.098
122300,5.000,0.561,2.801,0.098
122500,5.000,0.561,2.801,0.099
122700,5.000,0.569,2.839,0.099
122900,5.000,0.572,2.855,0.099
123100,5.000,0.562,2.805,0.099
123300,5.000,0.562,2.805,0.099
123500,5.000,0.568,2.839,0.100
123700,5.000,0.572,2.858,0.100
123900,5.000,0.559,2.793,0.100
124100,5.000,0.574,2.866,0.100
124300,5.000,0.574,2.866,0.100
124500,5.000,0.567,2.828,0.100
124700,5.000,0.562,2.809,0.100
124900,5.000,0.562,2.809,0.101
125100,5.000,0.572,2.858,0.101
125300,5.000,0.565,2.824,0.101
125500,5.000,0.564,2.816,0.101
125700,5.000,0.564,2.816,0.101
125900,5.000,0.576,2.874,0.101
126100,5.000,0.567,2.832,0.102
126300,5.000,0.561,2.801,0.102
126500,5.000,0.561,2.801,0.102
126700,5.000,0.573,2.862,0.102
126900,5.000,0.566,2.828,0.102
127100,5.000,0.563,2.813,0.102
127300,5.000,0.572,2.855,0.103
127500,5.000,0.572,2.855,0.103
127700,5.000,0.569,2.843,0.103
127900,5.000,0.563,2.813,0.103
128100,5.000,0.563,2.813,0.103
128300,5.000,0.577,2.881,0.103
128500,5.000,0.561,2.801,0.104
128700,5.000,0.566,2.824,0.104
128900,5.000,0.566,2.824,0.104
129100,5.000,0.578,2.885,0.104
129300,5.000,0.561,2.801,0.104
129500,5.000,0.562,2.805,0.104
129700,5.000,0.562,2.805,0.104
129900,5.000,0.576,2.877,0.105
130100,5.000,0.562,2.805,0.105
130300,5.000,0.562,2.805,0.105
130500,5.000,0.578,2.889,0.105
130700,5.000,0.578,2.889,0.105
130900,5.000,0.565,2.824,0.106
131100,5.000,0.568,2.835,0.106
131300,5.000,0.568,2.835,0.106
131500,5.000,0.572,2.858,0.106
131700,5.000,0.561,2.805,0.106
131900,5.000,0.565,2.824,0.106
132100,5.000,0.565,2.824,0.106
132300,5.000,0.572,2.855,0.107
132500,5.000,0.564,2.816,0.107
132700,5.000,0.568,2.835,0.107
132900,5.000,0.568,2.835,0.107
133100,5.000,0.581,2.904,0.107
133300,5.000,0.561,2.801,0.107
133500,5.000,0.561,2.801,0.108
133700,5.000,0.565,2.824,0.108
133900,5.000,0.569,2.843,0.108
134100,5.000,0.562,2.809,0.108
134300,5.000,0.576,2.877,0.108
134500,5.000,0.576,2.877,0.108
134700,5.000,0.575,2.874,0.109
134900,5.000,0.563,2.809,0.109
135100,5.000,0.568,2.839,0.109
135300,5.000,0.568,2.839,0.109
135500,5.000,0.572,2.855,0.109
135700,5.000,0.561,2.805,0.109
135900,5.000,0.561,2.805,0.110
136100,5.000,0.574,2.870,0.110
136300,5.000,0.568,2.835,0.110
136500,5.000,0.563,2.809,0.110
136700,5.000,0.563,2.809,0.110
136900,5.000,0.568,2.839,0.110
137100,5.000,0.570,2.847,0.110
137300,5.000,0.562,2.809,0.111
137500,5.000,0.573,2.862,0.111
137700,5.000,0.573,2.862,0.111
137900,5.000,0.569,2.843,0.111
138100,5.000,0.563,2.813,0.111
138300,5.000,0.570,2.847,0.111
138500,5.000,0.570,2.847,0.112
138700,5.000,0.567,2.832,0.112
138900,5.000,0.562,2.805,0.112
139100,5.000,0.562,2.805,0.112
139300,5.000,0.573,2.862,0.112
139500,5.000,0.567,2.828,0.112
139700,5.000,0.562,2.809,0.113
139900,5.000,0.562,2.809,0.113
140100,5.000,0.571,2.855,0.113
140300,5.000,0.567,2.832,0.113
140500,5.000,0.561,2.805,0.113
140700,5.000,0.561,2.805,0.113
140900,5.000,0.573,2.858,0.114
141100,5.000,0.567,2.832,0.114
141300,5.000,0.561,2.801,0.114
141500,5.000,0.576,2.877,0.114
141700,5.000,0.576,2.877,0.114
141900,5.000,0.565,2.820,0.114
142100,5.000,0.562,2.809,0.115
142300,5.000,0.562,2.809,0.115
142500,5.000,0.579,2.893,0.115
142700,5.000,0.563,2.813,0.115
142900,5.000,0.566,2.824,0.115
143100,5.000,0.566,2.824,0.115
143300,5.000,0.576,2.874,0.116
143500,5.000,0.561,2.801,0.116
143700,5.000,0.561,2.805,0.116
143900,5.000,0.561,2.805,0.116
144100,5.000,0.576,2.877,0.116
144300,5.000,0.563,2.809,0.116
144500,5.000,0.565,2.824,0.117
144700,5.000,0.565,2.877,0.117
144900,5.000,0.576,2.877,0.117
145100,5.000,0.564,2.816,0.117
145300,5.000,0.566,2.828,0.117
145500,5.000,0.566,2.828,0.117
145700,5.000,0.573,2.862,0.117
145900,5.000,0.561,2.805,0.118
146100,5.000,0.570,2.843,0.118
146300,5.000,0.570,2.843,0.118
146500,5.000,0.574,2.866,0.118
146700,5.000,0.561,2.805,0.118
146900,5.000,0.561,2.805,0.118
147100,5.000,0.566,2.828,0.119
147300,5.000,0.574,2.866,0.119
147500,5.000,0.561,2.801,0.119
147700,5.000,0.561,2.801,0.119
147900,5.000,0.565,2.824,0.119
148100,5.000,0.574,2.866,0.119
148300,5.000,0.563,2.809,0.120
148500,5.000,0.569,2.839,0.120
148700,5.000,0.569,2.839,0.120
148900,5.000,0.571,2.851,0.120
149100,5.000,0.562,2.809,0.120
149300,5.000,0.569,2.839,0.120
149500,5.000,0.569,2.839,0.121
149700,5.000,0.573,2.862,0.121
149900,5.000,0.562,2.809,0.121
150100,5.000,0.562,2.809,0.121
150300,5.000,0.575,2.870,0.121
150500,5.000,0.565,2.820,0.121
150700,5.000,0.561,2.801,0.121
150900,5.000,0.561,2.801,0.122
151100,5.000,0.569,2.843,0.122
151300,5.000,0.570,2.847,0.122
151500,5.000,0.562,2.805,0.122
151700,5.000,0.574,2.866,0.122
151900,5.000,0.574,2.866,0.123
152100,5.000,0.570,2.847,0.123
152300,5.000,0.562,2.809,0.123
152500,5.000,0.573,2.862,0.123
152700,5.000,0.573,2.862,0.123
152900,5.000,0.565,2.824,0.123
153100,5.000,0.563,2.813,0.123
153300,5.000,0.563,2.813,0.124
153500,5.000,0.577,2.885,0.124
153700,5.000,0.564,2.816,0.124
153900,5.000,0.562,2.809,0.124
154100,5.000,0.562,2.809,0.124
154300,5.000,0.572,2.858,0.124
154500,5.000,0.566,2.828,0.125
154700,5.000,0.561,2.801,0.125
154900,5.000,0.561,2.801,0.125
155100,5.000,0.573,2.862,0.125
155300,5.000,0.564,2.816,0.125
155500,5.000,0.561,2.801,0.125
155700,5.000,0.561,2.874,0.126
155900,5.000,0.576,2.874,0.126
156100,5.000,0.561,2.805,0.126
156300,5.000,0.563,2.809,0.126
156500,5.000,0.563,2.809,0.126
156700,5.000,0.577,2.881,0.126
156900,5.000,0.562,2.805,0.127
157100,5.000,0.569,2.839,0.127
157300,5.000,0.569,2.839,0.127
157500,5.000,0.571,2.855,0.127
157700,5.000,0.560,2.797,0.127
157900,5.000,0.560,2.797,0.127
158100,5.000,0.563,2.813,0.127
158300,5.000,0.576,2.877,0.128
158500,5.000,0.564,2.816,0.128
158700,5.000,0.566,2.828,0.128
158900,5.000,0.566,2.828,0.128
159100,5.000,0.578,2.885,0.128
159300,5.000,0.561,2.805,0.128
159500,5.000,0.565,2.824,0.129
159700,5.000,0.565,2.824,0.129
159900,5.000,0.573,2.858,0.129
160100,5.000,0.565,2.820,0.129
160300,5.000,0.569,2.839,0.129
160500,5.000,0.569,2.839,0.129
160700,5.000,0.572,2.858,0.130
160900,5.000,0.562,2.805,0.130
161100,5.000,0.562,2.805,0.130
161300,5.000,0.565,2.820,0.130
161500,5.000,0.576,2.874,0.130
161700,5.000,0.563,2.813,0.130
161900,5.000,0.563,2.813,0.131
162100,5.000,0.566,2.828,0.131
162300,5.000,0.574,2.866,0.131
162500,5.000,0.563,2.813,0.131
162700,5.000,0.567,2.832,0.131
162900,5.000,0.567,2.832,0.131
163100,5.000,0.578,2.889,0.132
163300,5.000,0.561,2.805,0.132
163500,5.000,0.574,2.866,0.132
163700,5.000,0.574,2.866,0.132
163900,5.000,0.565,2.824,0.132
164100,5.000,0.562,2.809,0.132
164300,5.000,0.562,2.809,0.133
164500,5.000,0.572,2.855,0.133
164700,5.000,0.566,2.824,0.133
164900,5.000,0.562,2.809,0.133
165100,5.000,0.562,2.809,0.133
165300,5.000,0.568,2.839,0.133
165500,5.000,0.573,2.858,0.134
165700,5.000,0.562,2.809,0.134
165900,5.000,0.575,2.870,0.134
166100,5.000,0.575,2.870,0.134
166300,5.000,0.566,2.828,0.134
166500,5.000,0.564,2.816,0.134
166700,5.000,0.564,2.816,0.134
166900,5.000,0.572,2.855,0.135
167100,5.000,0.570,2.847,0.135
167300,5.000,0.562,2.809,0.135
167500,5.000,0.562,2.809,0.135
167700,5.000,0.577,2.881,0.135
167900,5.000,0.563,2.809,0.135
168100,5.000,0.562,2.809,0.136
168300,5.000,0.562,2.809,0.136
168500,5.000,0.570,2.851,0.136
168700,5.000,0.567,2.832,0.136
168900,5.000,0.567,2.832,0.136
169100,5.000,0.575,2.874,0.136
169300,5.000,0.575,2.874,0.137
169500,5.000,0.568,2.839,0.137
169700,5.000,0.560,2.797,0.137
169900,5.000,0.560,2.797,0.137
170100,5.000,0.576,2.877,0.137
170300,5.000,0.562,2.809,0.137
170500,5.000,0.565,2.824,0.138
170700,5.000,0.565,2.824,0.138
170900,5.000,0.574,2.866,0.138
171100,5.000,0.561,2.801,0.138
171300,5.000,0.565,2.824,0.138
171500,5.000,0.565,2.824,0.138
171700,5.000,0.573,2.862,0.139
171900,5.000,0.563,2.813,0.139
172100,5.000,0.563,2.813,0.139
172300,5.000,0.562,2.805,0.139
172500,5.000,0.579,2.889,0.139
172700,5.000,0.563,2.813,0.139
172900,5.000,0.569,2.843,0.140
173100,5.000,0.569,2.843,0.140
173300,5.000,0.574,2.870,0.140
173500,5.000,0.563,2.809,0.140
173700,5.000,0.565,2.824,0.140
173900,5.000,0.565,2.824,0.140
174100,5.000,0.576,2.877,0.140
174300,5.000,0.562,2.809,0.141
174500,5.000,0.569,2.839,0.141
174700,5.000,0.569,2.839,0.141
174900,5.000,0.570,2.851,0.141
175100,5.000,0.563,2.809,0.141
175300,5.000,0.563,2.809,0.141
175500,5.000,0.564,2.816,0.142
175700,5.000,0.574,2.870,0.142
175900,5.000,0.564,2.816,0.142
176100,5.000,0.569,2.843,0.142
176300,5.000,0.569,2.843,0.142
176500,5.000,0.574,2.870,0.142
176700,5.000,0.560,2.801,0.143
176900,5.000,0.570,2.847,0.143
177100,5.000,0.570,2.847,0.143
177300,5.000,0.569,2.843,0.143
177500,5.000,0.564,2.816,0.143
177700,5.000,0.564,2.816,0.143
177900,5.000,0.571,2.851,0.144
178100,5.000,0.568,2.839,0.144
178300,5.000,0.559,2.793,0.144
178500,5.000,0.559,2.793,0.144
178700,5.000,0.569,2.839,0.144
178900,5.000,0.568,2.839,0.144
179100,5.000,0.562,2.809,0.144
179300,5.000,0.562,2.809,0.145
179500,5.000,0.574,2.866,0.145
179700,5.000,0.568,2.835,0.145
179900,5.000,0.564,2.820,0.145
180100,5.000,0.575,2.870,0.145
180300,5.000,0.575,2.870,0.146
180500,5.000,0.565,2.824,0.146
180700,5.000,0.561,2.805,0.146
180900,5.000,0.561,2.805,0.146
181100,5.000,0.578,2.885,0.146
181300,5.000,0.565,2.824,0.146
181500,5.000,0.564,2.820,0.146
181700,5.000,0.564,2.820,0.147
181900,5.000,0.576,2.877,0.147
182100,5.000,0.561,2.801,0.147
182300,5.000,0.561,2.805,0.147
182500,5.000,0.561,2.805,0.147
182700,5.000,0.573,2.858,0.147
182900,5.000,0.569,2.843,0.148
183100,5.000,0.561,2.805,0.148
183300,5.000,0.577,2.885,0.148
183500,5.000,0.577,2.885,0.148
183700,5.000,0.565,2.820,0.148
183900,5.000,0.561,2.801,0.148
184100,5.000,0.561,2.801,0.149
184300,5.000,0.578,2.885,0.149
184500,5.000,0.564,2.816,0.149
184700,5.000,0.564,2.816,0.149
184900,5.000,0.564,2.816,0.149
185100,5.000,0.574,2.870,0.149
185300,5.000,0.558,2.790,0.150
185500,5.000,0.564,2.813,0.150
185700,5.000,0.564,2.813,0.150
185900,5.000,0.575,2.874,0.150
186100,5.000,0.563,2.809,0.150
186300,5.000,0.563,2.809,0.150
186500,5.000,0.574,2.866,0.151
186700,5.000,0.574,2.866,0.151
186900,5.000,0.565,2.820,0.151
187100,5.000,0.565,2.820,0.151
187300,5.000,0.565,2.820,0.151
187500,5.000,0.572,2.858,0.151
187700,5.000,0.561,2.801,0.151
187900,5.000,0.571,2.851,0.152
188100,5.000,0.571,2.851,0.152
188300,5.000,0.572,2.855,0.152
188500,5.000,0.563,2.813,0.152
188700,5.000,0.563,2.813,0.152
188900,5.000,0.568,2.835,0.152
189100,5.000,0.570,2.847,0.153
189300,5.000,0.560,2.797,0.153
189500,5.000,0.560,2.797,0.153
189700,5.000,0.567,2.832,0.153
189900,5.000,0.575,2.874,0.153
190100,5.000,0.562,2.809,0.153
190300,5.000,0.571,2.855,0.154
190500,5.000,0.571,2.855,0.154
190700,5.000,0.571,2.851,0.154
190900,5.000,0.561,2.805,0.154
191100,5.000,0.571,2.851,0.154
191300,5.000,0.571,2.851,0.154
191500,5.000,0.572,2.858,0.155
191700,5.000,0.561,2.801,0.155
191900,5.000,0.561,2.801,0.155
192100,5.000,0.574,2.866,0.155
192300,5.000,0.562,2.809,0.155
192500,5.000,0.563,2.813,0.155
192700,5.000,0.563,2.813,0.156
192900,5.000,0.576,2.874,0.156
193100,5.000,0.571,2.855,0.156
193300,5.000,0.563,2.813,0.156
193500,5.000,0.573,2.862,0.156
193700,5.000,0.573,2.862,0.156
193900,5.000,0.567,2.832,0.157
194100,5.000,0.561,2.805,0.157
194300,5.000,0.573,2.862,0.157
194500,5.000,0.573,2.862,0.157
194700,5.000,0.566,2.828,0.157
194900,5.000,0.564,2.816,0.157
195100,5.000,0.564,2.816,0.157
195300,5.000,0.576,2.877,0.158
195500,5.000,0.564,2.816,0.158
195700,5.000,0.562,2.809,0.158
195900,5.000,0.562,2.809,0.158
196100,5.000,0.572,2.858,0.158
196300,5.000,0.565,2.820,0.158
196500,5.000,0.561,2.801,0.159
196700,5.000,0.561,2.801,0.159
196900,5.000,0.576,2.877,0.159
197100,5.000,0.565,2.824,0.159
197300,5.000,0.564,2.816,0.159
197500,5.000,0.577,2.885,0.159
197700,5.000,0.577,2.885,0.160
197900,5.000,0.561,2.801,0.160
198100,5.000,0.562,2.809,0.160
198300,5.000,0.562,2.809,0.160
198500,5.000,0.578,2.885,0.160
198700,5.000,0.562,2.809,0.160
198900,5.000,0.565,2.820,0.161
199100,5.000,0.565,2.820,0.161
199300,5.000,0.572,2.855,0.161
199500,5.000,0.563,2.813,0.161
199700,5.000,0.563,2.813,0.161
199900,5.000,0.560,2.797,0.161
200100,5.000,0.578,2.885,0.161
200300,5.000,0.562,2.809,0.162
200500,5.000,0.566,2.828,0.162
200700,5.000,0.566,2.828,0.162
200900,5.000,0.574,2.866,0.162
201100,5.000,0.559,2.793,0.162
201300,5.000,0.565,2.824,0.163
201500,5.000,0.565,2.824,0.163
201700,5.000,0.570,2.847,0.163
201900,5.000,0.563,2.813,0.163
202100,5.000,0.569,2.839,0.163
202300,5.000,0.569,2.839,0.163
202500,5.000,0.570,2.847,0.163
202700,5.000,0.561,2.801,0.164
202900,5.000,0.561,2.801,0.164
203100,5.000,0.563,2.813,0.164
203300,5.000,0.572,2.858,0.164
203500,5.000,0.564,2.816,0.164
203700,5.000,0.564,2.816,0.164
203900,5.000,0.565,2.824,0.165
204100,5.000,0.573,2.862,0.165
204300,5.000,0.563,2.809,0.165
204500,5.000,0.569,2.843,0.165
204700,5.000,0.569,2.843,0.165
204900,5.000,0.569,2.843,0.165
205100,5.000,0.561,2.805,0.166
205300,5.000,0.574,2.866,0.166
205500,5.000,0.574,2.866,0.166
205700,5.000,0.568,2.835,0.166
205900,5.000,0.562,2.809,0.166
206100,5.000,0.562,2.809,0.166
206300,5.000,0.571,2.851,0.167
206500,5.000,0.568,2.835,0.167
206700,5.000,0.560,2.797,0.167
206900,5.000,0.560,2.797,0.167
207100,5.000,0.570,2.851,0.167
207300,5.000,0.570,2.847,0.167
207500,5.000,0.562,2.809,0.168
207700,5.000,0.572,2.858,0.168
207900,5.000,0.572,2.858,0.168
208100,5.000,0.566,2.828,0.168
208300,5.000,0.561,2.805,0.168
208500,5.000,0.574,2.866,0.168
208700,5.000,0.574,2.866,0.168
208900,5.000,0.563,2.813,0.169
209100,5.000,0.563,2.813,0.169
209300,5.000,0.563,2.813,0.169
209500,5.000,0.576,2.874,0.169
209700,5.000,0.561,2.801,0.169
209900,5.000,0.560,2.793,0.169
210100,5.000,0.560,2.793,0.170
210300,5.000,0.571,2.855,0.170
210500,5.000,0.568,2.835,0.170
210700,5.000,0.568,2.835,0.170
210900,5.000,0.561,2.801,0.170
211100,5.000,0.578,2.885,0.170
211300,5.000,0.563,2.813,0.171
211500,5.000,0.562,2.805,0.171
211700,5.000,0.562,2.805,0.171
211900,5.000,0.576,2.874,0.171
212100,5.000,0.562,2.805,0.171
212300,5.000,0.566,2.828,0.171
212500,5.000,0.566,2.828,0.172
212700,5.000,0.576,2.874,0.172
212900,5.000,0.561,2.801,0.172
213100,5.000,0.565,2.820,0.172
213300,5.000,0.565,2.820,0.172
213500,5.000,0.575,2.874,0.172
213700,5.000,0.562,2.805,0.173
213900,5.000,0.562,2.805,0.173
214100,5.000,0.563,2.813,0.173
214300,5.000,0.576,2.881,0.173
214500,5.000,0.561,2.805,0.173
214700,5.000,0.566,2.828,0.173
214900,5.000,0.566,2.828,0.174
215100,5.000,0.572,2.858,0.174
215300,5.000,0.561,2.801,0.174
215500,5.000,0.565,2.824,0.174
215700,5.000,0.565,2.824,0.174
215900,5.000,0.572,2.855,0.174
216100,5.000,0.562,2.805,0.174
216300,5.000,0.567,2.832,0.175
216500,5.000,0.567,2.832,0.175
216700,5.000,0.569,2.843,0.175
216900,5.000,0.560,2.797,0.175
217100,5.000,0.560,2.797,0.175
217300,5.000,0.563,2.809,0.175
217500,5.000,0.572,2.858,0.176
217700,5.000,0.562,2.805,0.176
217900,5.000,0.562,2.805,0.176
218100,5.000,0.571,2.851,0.176
218300,5.000,0.571,2.851,0.176
218500,5.000,0.561,2.805,0.176
218700,5.000,0.568,2.835,0.177
218900,5.000,0.568,2.835,0.177
219100,5.000,0.571,2.855,0.177
219300,5.000,0.561,2.805,0.177
219500,5.000,0.573,2.862,0.177
219700,5.000,0.573,2.862,0.177
219900,5.000,0.566,2.828,0.178
220100,5.000,0.561,2.801,0.178
220300,5.000,0.561,2.801,0.178
220500,5.000,0.575,2.870,0.178
220700,5.000,0.566,2.828,0.178
220900,5.000,0.563,2.813,0.178
221100,5.000,0.563,2.813,0.178
221300,5.000,0.572,2.858,0.179
221500,5.000,0.568,2.835,0.179
221700,5.000,0.562,2.805,0.179
221900,5.000,0.570,2.843,0.179
222100,5.000,0.570,2.843,0.179
222300,5.000,0.576,2.877,0.180
222500,5.000,0.562,2.805,0.180
222700,5.000,0.562,2.805,0.180
222900,5.000,0.574,2.866,0.180
223100,5.000,0.565,2.824,0.180
223300,5.000,0.560,2.797,0.180
223500,5.000,0.560,2.797,0.180
223700,5.000,0.574,2.866,0.181
223900,5.000,0.563,2.813,0.181
224100,5.000,0.559,2.793,0.181
224300,5.000,0.559,2.793,0.181
224500,5.000,0.576,2.874,0.181
224700,5.000,0.562,2.809,0.181
224900,5.000,0.562,2.809,0.182
225100,5.000,0.576,2.874,0.182
225300,5.000,0.576,2.874,0.182
225500,5.000,0.563,2.813,0.182
225700,5.000,0.562,2.809,0.182
225900,5.000,0.562,2.809,0.182
226100,5.000,0.576,2.881,0.183
226300,5.000,0.563,2.813,0.183
226500,5.000,0.566,2.828,0.183
226700,5.000,0.566,2.828,0.183
226900,5.000,0.574,2.866,0.183
227100,5.000,0.561,2.801,0.183
227300,5.000,0.568,2.835,0.184
227500,5.000,0.568,2.835,0.184
227700,5.000,0.571,2.855,0.184
227900,5.000,0.565,2.820,0.184
228100,5.000,0.565,2.820,0.184
228300,5.000,0.565,2.824,0.184
228500,5.000,0.575,2.874,0.185
228700,5.000,0.563,2.809,0.185
228900,5.000,0.563,2.809,0.185
229100,5.000,0.563,2.809,0.185
229300,5.000,0.572,2.858,0.185
229500,5.000,0.562,2.809,0.185
229700,5.000,0.569,2.839,0.185
229900,5.000,0.569,2.839,0.186
230100,5.000,0.571,2.851,0.186
230300,5.000,0.559,2.793,0.186
230500,5.000,0.567,2.832,0.186
230700,5.000,0.567,2.832,0.186
230900,5.000,0.571,2.851,0.186
231100,5.000,0.561,2.805,0.187
231300,5.000,0.561,2.805,0.187
231500,5.000,0.567,2.832,0.187
231700,5.000,0.571,2.855,0.187
231900,5.000,0.563,2.813,0.187
232100,5.000,0.567,2.832,0.187
232300,5.000,0.567,2.832,0.188
232500,5.000,0.572,2.855,0.188
232700,5.000,0.560,2.797,0.188
232900,5.000,0.572,2.855,0.188
233100,5.000,0.572,2.855,0.188
233300,5.000,0.572,2.858,0.188
233500,5.000,0.561,2.801,0.189
233700,5.000,0.561,2.801,0.189
233900,5.000,0.574,2.866,0.189
234100,5.000,0.565,2.824,0.189
234300,5.000,0.561,2.805,0.189
234500,5.000,0.561,2.805,0.189
234700,5.000,0.569,2.843,0.190
234900,5.000,0.572,2.858,0.190
235100,5.000,0.561,2.805,0.190
235300,5.000,0.561,2.805,0.190
235500,5.000,0.574,2.870,0.190
235700,5.000,0.566,2.828,0.190
235900,5.000,0.561,2.805,0.191
236100,5.000,0.570,2.847,0.191
236300,5.000,0.570,2.847,0.191
236500,5.000,0.567,2.832,0.191
236700,5.000,0.562,2.805,0.191
236900,5.000,0.562,2.805,0.191
237100,5.000,0.576,2.877,0.191
237300,5.000,0.565,2.824,0.192
237500,5.000,0.560,2.797,0.192
237700,5.000,0.560,2.797,0.192
237900,5.000,0.576,2.881,0.192
238100,5.000,0.561,2.805,0.192
238300,5.000,0.562,2.809,0.192
238500,5.000,0.562,2.809,0.193
238700,5.000,0.573,2.862,0.193
238900,5.000,0.566,2.828,0.193
239100,5.000,0.560,2.797,0.193
239300,5.000,0.576,2.881,0.193
239500,5.000,0.576,2.881,0.193
239700,5.000,0.558,2.786,0.194
239900,5.000,0.566,2.828,0.194
240100,5.000,0.566,2.828,0.194
240300,5.000,0.576,2.874,0.194
240500,5.000,0.561,2.801,0.194
240700,5.000,0.565,2.824,0.194
240900,5.000,0.565,2.824,0.195
241100,5.000,0.573,2.862,0.195
241300,5.000,0.561,2.805,0.195
241500,5.000,0.564,2.816,0.195
241700,5.000,0.564,2.816,0.195
241900,5.000,0.579,2.889,0.195
242100,5.000,0.561,2.801,0.195
242300,5.000,0.561,2.801,0.196
242500,5.000,0.568,2.835,0.196
242700,5.000,0.572,2.858,0.196
242900,5.000,0.562,2.809,0.196
243100,5.000,0.563,2.813,0.196
243300,5.000,0.563,2.813,0.197
243500,5.000,0.575,2.870,0.197
243700,5.000,0.570,2.847,0.197
243900,5.000,0.571,2.855,0.197
244100,5.000,0.571,2.855,0.197
244300,5.000,0.570,2.847,0.197
244500,5.000,0.562,2.805,0.197
244700,5.000,0.562,2.805,0.198
244900,5.000,0.570,2.847,0.198
245100,5.000,0.568,2.839,0.198
245300,5.000,0.563,2.809,0.198
245500,5.000,0.563,2.809,0.198
245700,5.000,0.567,2.835,0.198
245900,5.000,0.574,2.866,0.199
246100,5.000,0.559,2.793,0.199
246300,5.000,0.569,2.843,0.199
246500,5.000,0.569,2.843,0.199
246700,5.000,0.568,2.835,0.199
246900,5.000,0.563,2.813,0.199
247100,5.000,0.576,2.877,0.200
247300,5.000,0.576,2.877,0.200
247500,5.000,0.566,2.828,0.200
247700,5.000,0.563,2.813,0.200
247900,5.000,0.563,2.813,0.200
248100,5.000,0.571,2.851,0.200
248300,5.000,0.569,2.839,0.201
248500,5.000,0.562,2.805,0.201
248700,5.000,0.562,2.805,0.201
248900,5.000,0.574,2.866,0.201
249100,5.000,0.569,2.843,0.201
249300,5.000,0.563,2.813,0.201
249500,5.000,0.572,2.858,0.202
249700,5.000,0.572,2.858,0.202
249900,5.000,0.566,2.828,0.202
250100,5.000,0.561,2.801,0.202
250300,5.000,0.575,2.870,0.202
250500,5.000,0.575,2.870,0.202
250700,5.000,0.566,2.828,0.202
250900,5.000,0.569,2.839,0.203
251100,5.000,0.569,2.839,0.203
251300,5.000,0.579,2.889,0.203
251500,5.000,0.562,2.809,0.203
251700,5.000,0.565,2.824,0.203
251900,5.000,0.565,2.824,0.203
252100,5.000,0.573,2.862,0.204
252300,5.000,0.565,2.824,0.204
252500,5.000,0.565,2.801,0.204
252700,5.000,0.561,2.801,0.204
252900,5.000,0.577,2.881,0.204
253100,5.000,0.561,2.801,0.204
253300,5.000,0.564,2.820,0.205
253500,5.000,0.564,2.820,0.205
253700,5.000,0.573,2.862,0.205
253900,5.000,0.564,2.816,0.205
254100,5.000,0.566,2.828,0.205
254300,5.000,0.566,2.828,0.205
254500,5.000,0.573,2.862,0.206
254700,5.000,0.563,2.813,0.206
254900,5.000,0.563,2.813,0.206
255100,5.000,0.563,2.813,0.206
255300,5.000,0.574,2.866,0.206
255500,5.000,0.562,2.805,0.206
255700,5.000,0.562,2.805,0.207
255900,5.000,0.568,2.835,0.207
256100,5.000,0.577,2.885,0.207
256300,5.000,0.561,2.805,0.207
256500,5.000,0.565,2.820,0.207
256700,5.000,0.565,2.820,0.207
256900,5.000,0.574,2.866,0.208
257100,5.000,0.561,2.805,0.208
257300,5.000,0.567,2.832,0.208
257500,5.000,0.567,2.832,0.208
257700,5.000,0.573,2.862,0.208
257900,5.000,0.563,2.813,0.208
258100,5.000,0.568,2.839,0.208
258300,5.000,0.568,2.839,0.209
258500,5.000,0.570,2.847,0.209
258700,5.000,0.562,2.805,0.209
258900,5.000,0.562,2.805,0.209
259100,5.000,0.569,2.843,0.209
259300,5.000,0.575,2.870,0.209
259500,5.000,0.562,2.809,0.210
259700,5.000,0.562,2.809,0.210
259900,5.000,0.568,2.839,0.210
260100,5.000,0.569,2.843,0.210
260300,5.000,0.563,2.813,0.210
260500,5.000,0.566,2.828,0.210
260700,5.000,0.566,2.828,0.211
260900,5.000,0.571,2.851,0.211
261100,5.000,0.563,2.813,0.211
261300,5.000,0.573,2.862,0.211
261500,5.000,0.573,2.862,0.211
261700,5.000,0.566,2.828,0.211
261900,5.000,0.560,2.793,0.212
262100,5.000,0.560,2.793,0.212
262300,5.000,0.576,2.874,0.212
262500,5.000,0.567,2.832,0.212
262700,5.000,0.563,2.813,0.212
262900,5.000,0.563,2.813,0.212
263100,5.000,0.573,2.862,0.212
263300,5.000,0.568,2.835,0.213
263500,5.000,0.561,2.805,0.213
263700,5.000,0.574,2.866,0.213
263900,5.000,0.574,2.866,0.213
264100,5.000,0.565,2.820,0.213
264300,5.000,0.562,2.805,0.214
264500,5.000,0.562,2.805,0.214
264700,5.000,0.576,2.874,0.214
264900,5.000,0.566,2.828,0.214
265100,5.000,0.562,2.805,0.214
265300,5.000,0.562,2.805,0.214
265500,5.000,0.576,2.877,0.214
265700,5.000,0.562,2.805,0.215
265900,5.000,0.565,2.820,0.215
266100,5.000,0.565,2.820,0.215
266300,5.000,0.575,2.874,0.215
266500,5.000,0.566,2.828,0.215
266700,5.000,0.566,2.828,0.215
266900,5.000,0.562,2.805,0.216
267100,5.000,0.574,2.866,0.216
267300,5.000,0.562,2.809,0.216
267500,5.000,0.561,2.805,0.216
267700,5.000,0.561,2.805,0.216
267900,5.000,0.575,2.874,0.216
268100,5.000,0.562,2.805,0.217
268300,5.000,0.566,2.828,0.217
268500,5.000,0.566,2.828,0.217
268700,5.000,0.573,2.862,0.217
268900,5.000,0.560,2.797,0.217
269100,5.000,0.568,2.835,0.217
269300,5.000,0.568,2.835,0.218
269500,5.000,0.573,2.858,0.218
269700,5.000,0.565,2.820,0.218
269900,5.000,0.565,2.820,0.218
270100,5.000,0.566,2.824,0.218
270300,5.000,0.574,2.870,0.218
270500,5.000,0.560,2.801,0.219
270700,5.000,0.566,2.824,0.219
270900,5.000,0.566,2.824,0.219
271100,5.000,0.572,2.855,0.219
271300,5.000,0.563,2.809,0.219
271500,5.000,0.570,2.847,0.219
271700,5.000,0.570,2.847,0.219
271900,5.000,0.570,2.843,0.220
272100,5.000,0.561,2.805,0.220
272300,5.000,0.568,2.839,0.220
272500,5.000,0.568,2.839,0.220
272700,5.000,0.573,2.862,0.220
272900,5.000,0.562,2.809,0.220
273100,5.000,0.562,2.809,0.221
273300,5.000,0.568,2.835,0.221
273500,5.000,0.571,2.851,0.221
273700,5.000,0.562,2.805,0.221
273900,5.000,0.562,2.805,0.221
274100,5.000,0.569,2.839,0.221
274300,5.000,0.568,2.835,0.222
274500,5.000,0.561,2.801,0.222
274700,5.000,0.569,2.839,0.222
274900,5.000,0.569,2.839,0.222
275100,5.000,0.569,2.843,0.222
275300,5.000,0.563,2.809,0.222
275500,5.000,0.563,2.809,0.223
275700,5.000,0.572,2.858,0.223
275900,5.000,0.564,2.820,0.223
276100,5.000,0.563,2.809,0.223
276300,5.000,0.563,2.809,0.223
276500,5.000,0.579,2.893,0.223
276700,5.000,0.564,2.820,0.224
276900,5.000,0.562,2.809,0.224
277100,5.000,0.562,2.809,0.224
277300,5.000,0.574,2.866,0.224
277500,5.000,0.565,2.824,0.224
277700,5.000,0.561,2.805,0.224
277900,5.000,0.571,2.851,0.225
278100,5.000,0.571,2.851,0.225
278300,5.000,0.566,2.828,0.225
278500,5.000,0.563,2.816,0.225
278700,5.000,0.563,2.816,0.225
278900,5.000,0.577,2.881,0.225
279100,5.000,0.561,2.805,0.225
279300,5.000,0.562,2.809,0.226
279500,5.000,0.562,2.809,0.226
279700,5.000,0.577,2.881,0.226
279900,5.000,0.565,2.820,0.226
280100,5.000,0.563,2.813,0.226
280300,5.000,0.563,2.813,0.226
280500,5.000,0.576,2.877,0.227
280700,5.000,0.564,2.816,0.227
280900,5.000,0.564,2.816,0.227
281100,5.000,0.577,2.881,0.227
281300,5.000,0.577,2.881,0.227
281500,5.000,0.556,2.778,0.227
281700,5.000,0.566,2.828,0.228
281900,5.000,0.566,2.828,0.228
282100,5.000,0.576,2.877,0.228
282300,5.000,0.562,2.809,0.228
282500,5.000,0.563,2.813,0.228
282700,5.000,0.563,2.813,0.228
282900,5.000,0.572,2.855,0.229
283100,5.000,0.561,2.805,0.229
283300,5.000,0.570,2.851,0.229
283500,5.000,0.570,2.851,0.229
283700,5.000,0.572,2.858,0.229
283900,5.000,0.562,2.809,0.229
284100,5.000,0.562,2.809,0.229
284300,5.000,0.567,2.832,0.230
284500,5.000,0.573,2.862,0.230
284700,5.000,0.563,2.813,0.230
284900,5.000,0.563,2.809,0.230
285100,5.000,0.563,2.809,0.230
285300,5.000,0.575,2.874,0.231
285500,5.000,0.561,2.801,0.231
285700,5.000,0.570,2.847,0.231
285900,5.000,0.570,2.847,0.231
286100,5.000,0.569,2.839,0.231
286300,5.000,0.562,2.809,0.231
286500,5.000,0.562,2.809,0.231
286700,5.000,0.572,2.858,0.232
286900,5.000,0.568,2.839,0.232
287100,5.000,0.562,2.805,0.232
287300,5.000,0.562,2.805,0.232
287500,5.000,0.570,2.843,0.232
287700,5.000,0.572,2.855,0.232
287900,5.000,0.561,2.801,0.233
288100,5.000,0.567,2.832,0.233
288300,5.000,0.567,2.832,0.233
288500,5.000,0.569,2.843,0.233
288700,5.000,0.561,2.801,0.233
288900,5.000,0.572,2.858,0.233
289100,5.000,0.572,2.858,0.234
289300,5.000,0.568,2.832,0.234
289500,5.000,0.559,2.793,0.234
289700,5.000,0.559,2.793,0.234
289900,5.000,0.572,2.855,0.234
290100,5.000,0.565,2.824,0.234
290300,5.000,0.563,2.813,0.235
290500,5.000,0.563,2.813,0.235
290700,5.000,0.572,2.858,0.235
290900,5.000,0.570,2.847,0.235
291100,5.000,0.561,2.805,0.235
291300,5.000,0.561,2.805,0.235
291500,5.000,0.573,2.858,0.236
291700,5.000,0.567,2.832,0.236
291900,5.000,0.560,2.797,0.236
292100,5.000,0.576,2.877,0.236
292300,5.000,0.576,2.877,0.236
292500,5.000,0.566,2.828,0.236
292700,5.000,0.564,2.816,0.236
292900,5.000,0.564,2.816,0.237
293100,5.000,0.576,2.877,0.237
293300,5.000,0.563,2.813,0.237
293500,5.000,0.565,2.824,0.237
293700,5.000,0.565,2.824,0.237
293900,5.000,0.577,2.881,0.237
294100,5.000,0.562,2.809,0.238
294300,5.000,0.562,2.805,0.238
294500,5.000,0.562,2.805,0.238
294700,5.000,0.577,2.881,0.238
294900,5.000,0.563,2.813,0.238
295100,5.000,0.561,2.801,0.238
295300,5.000,0.575,2.874,0.239
295500,5.000,0.575,2.874,0.239
295700,5.000,0.563,2.813,0.239
295900,5.000,0.567,2.832,0.239
296100,5.000,0.567,2.832,0.239
296300,5.000,0.575,2.874,0.239
296500,5.000,0.561,2.801,0.240
296700,5.000,0.566,2.828,0.240
296900,5.000,0.566,2.828,0.240
297100,5.000,0.572,2.855,0.240
297300,5.000,0.562,2.805,0.240
297500,5.000,0.562,2.805,0.240
297700,5.000,0.565,2.824,0.241
297900,5.000,0.578,2.885,0.241
