300,5.000,0.402,2.007,0.000
500,5.000,0.402,2.007,0.000
700,5.000,0.383,1.916,0.000
900,5.000,0.381,1.908,0.000
1100,5.000,0.381,1.908,0.000
1300,5.000,0.392,1.961,0.000
1500,5.000,0.392,1.961,0.000
1700,5.000,0.382,1.908,0.000
1900,5.000,0.382,1.912,0.000
2100,5.000,0.382,1.908,0.001
2300,5.000,0.382,1.908,0.001
2500,5.000,0.383,1.916,0.001
2700,5.000,0.380,1.900,0.001
2900,5.000,0.380,1.900,0.001
3100,5.000,0.379,1.896,0.001
3300,5.000,0.401,2.003,0.001
3500,5.000,0.377,1.885,0.001
3700,5.000,0.377,1.885,0.001
3900,5.000,0.377,1.885,0.002
4100,5.000,0.377,1.885,0.002
4300,5.000,0.376,1.881,0.002
4500,5.000,0.376,1.881,0.002
4700,5.000,0.376,1.881,0.002
4900,5.000,0.377,1.885,0.002
5100,5.000,0.381,1.904,0.002
5300,5.000,0.376,1.881,0.002
5500,5.000,0.376,1.881,0.002
5700,5.000,0.376,1.877,0.003
5900,5.000,0.377,1.885,0.003
6100,5.000,0.377,1.885,0.003
6300,5.000,0.376,1.881,0.003
6500,5.000,0.377,1.885,0.003
6700,5.000,0.378,1.893,0.003
6900,5.000,0.378,1.893,0.003
7100,5.000,0.377,1.885,0.003
7300,5.000,0.376,1.881,0.003
7500,5.000,0.377,1.885,0.003
7700,5.000,0.377,1.889,0.004
7900,5.000,0.377,1.889,0.004
8100,5.000,0.376,1.877,0.004
8300,5.000,0.376,1.881,0.004
8500,5.000,0.376,1.881,0.004
8700,5.000,0.377,1.889,0.004
8900,5.000,0.377,1.881,0.004
9100,5.000,0.376,1.881,0.004
9300,5.000,0.376,1.881,0.004
9500,5.000,0.378,1.889,0.005
9700,5.000,0.377,1.885,0.005
9900,5.000,0.379,1.896,0.005
10100,5.000,0.379,1.896,0.005
10300,5.000,0.378,1.889,0.005
10500,5.000,0.378,1.889,0.005
10700,5.000,0.378,1.889,0.005
10900,5.000,0.377,1.885,0.005
11100,5.000,0.377,1.885,0.005
11300,5.000,0.378,1.893,0.006
11500,5.000,0.377,1.885,0.006
11700,5.000,0.377,1.885,0.006
11900,5.000,0.376,1.881,0.006
12100,5.000,0.378,1.893,0.006
12300,5.000,0.378,1.893,0.006
12500,5.000,0.378,1.893,0.006
12700,5.000,0.377,1.885,0.006
12900,5.000,0.378,1.889,0.006
13100,5.000,0.378,1.889,0.007
13300,5.000,0.378,1.889,0.007
13500,5.000,0.376,1.881,0.007
13700,5.000,0.377,1.885,0.007
13900,5.000,0.377,1.885,0.007
14100,5.000,0.379,1.896,0.007
14300,5.000,0.377,1.885,0.007
14500,5.000,0.376,1.881,0.007
14700,5.000,0.377,1.885,0.007
14900,5.000,0.377,1.885,0.008
15100,5.000,0.379,1.896,0.008
15300,5.000,0.377,1.885,0.008
15500,5.000,0.377,1.885,0.008
15700,5.000,0.377,1.885,0.008
15900,5.000,0.378,1.893,0.008
16100,5.000,0.377,1.881,0.008
16300,5.000,0.377,1.885,0.008
16500,5.000,0.377,1.885,0.008
16700,5.000,0.378,1.893,0.008
16900,5.000,0.377,1.885,0.009
17100,5.000,0.377,1.885,0.009
17300,5.000,0.376,1.881,0.009
17500,5.000,0.378,1.889,0.009
17700,5.000,0.378,1.893,0.009
17900,5.000,0.378,1.893,0.009
18100,5.000,0.388,1.938,0.009
18300,5.000,0.376,1.881,0.009
18500,5.000,0.377,1.889,0.009
18700,5.000,0.376,1.881,0.010
18900,5.000,0.376,1.881,0.010
19100,5.000,0.377,1.885,0.010
19300,5.000,0.378,1.893,0.010
19500,5.000,0.378,1.893,0.010
19700,5.000,0.376,1.881,0.010
19900,5.000,0.376,1.877,0.010
20100,5.000,0.378,1.889,0.010
20300,5.000,0.378,1.889,0.010
20500,5.000,0.378,1.889,0.010
20700,5.000,0.376,1.881,0.011
20900,5.000,0.377,1.885,0.011
21100,5.000,0.377,1.885,0.011
21300,5.000,0.377,1.885,0.011
21500,5.000,0.377,1.885,0.011
21700,5.000,0.376,1.881,0.011
21900,5.000,0.378,1.889,0.011
22100,5.000,0.378,1.889,0.011
22300,5.000,0.376,1.881,0.011
22500,5.000,0.376,1.877,0.012
22700,5.000,0.376,1.877,0.012
22900,5.000,0.378,1.889,0.012
23100,5.000,0.378,1.889,0.012
23300,5.000,0.376,1.881,0.012
23500,5.000,0.376,1.881,0.012
23700,5.000,0.377,1.885,0.012
23900,5.000,0.378,1.889,0.012
24100,5.000,0.376,1.881,0.012
24300,5.000,0.376,1.881,0.013
24500,5.000,0.377,1.885,0.013
24700,5.000,0.378,1.893,0.013
24900,5.000,0.378,1.893,0.013
25100,5.000,0.376,1.881,0.013
25300,5.000,0.376,1.881,0.013
25500,5.000,0.378,1.889,0.013
25700,5.000,0.377,1.889,0.013
25900,5.000,0.377,1.889,0.013
26100,5.000,0.376,1.881,0.014
26300,5.000,0.376,1.881,0.014
26500,5.000,0.378,1.889,0.014
26700,5.000,0.378,1.889,0.014
26900,5.000,0.376,1.877,0.014
27100,5.000,0.377,1.881,0.014
27300,5.000,0.379,1.896,0.014
27500,5.000,0.379,1.896,0.014
27700,5.000,0.376,1.881,0.014
27900,5.000,0.376,1.881,0.014
28100,5.000,0.376,1.881,0.015
28300,5.000,0.378,1.889,0.015
28500,5.000,0.378,1.889,0.015
28700,5.000,0.377,1.885,0.015
28900,5.000,0.376,1.881,0.015
29100,5.000,0.376,1.881,0.015
29300,5.000,0.377,1.885,0.015
29500,5.000,0.376,1.881,0.015
29700,5.000,0.377,1.885,0.015
29900,5.000,0.377,1.885,0.016
30100,5.000,0.380,1.900,0.016
30300,5.000,0.376,1.881,0.016
30500,5.000,0.376,1.881,0.016
30700,5.000,0.376,1.881,0.016
30900,5.000,0.378,1.889,0.016
31100,5.000,0.378,1.889,0.016
31300,5.000,0.378,1.889,0.016
31500,5.000,0.377,1.885,0.016
31700,5.000,0.386,1.931,0.017
31900,5.000,0.377,1.885,0.017
32100,5.000,0.376,1.881,0.017
32300,5.000,0.376,1.881,0.017
32500,5.000,0.377,1.885,0.017
32700,5.000,0.378,1.889,0.017
32900,5.000,0.377,1.885,0.017
33100,5.000,0.377,1.885,0.017
33300,5.000,0.376,1.877,0.017
33500,5.000,0.377,1.889,0.018
33700,5.000,0.377,1.889,0.018
33900,5.000,0.376,1.881,0.018
34100,5.000,0.376,1.881,0.018
34300,5.000,0.378,1.893,0.018
34500,5.000,0.378,1.893,0.018
34700,5.000,0.378,1.889,0.018
34900,5.000,0.376,1.881,0.018
35100,5.000,0.377,1.885,0.018
35300,5.000,0.377,1.885,0.018
35500,5.000,0.378,1.889,0.019
35700,5.000,0.377,1.889,0.019
35900,5.000,0.377,1.885,0.019
36100,5.000,0.377,1.889,0.019
36300,5.000,0.377,1.889,0.019
36500,5.000,0.377,1.889,0.019
36700,5.000,0.376,1.881,0.019
36900,5.000,0.376,1.881,0.019
37100,5.000,0.379,1.893,0.019
37300,5.000,0.378,1.893,0.020
37500,5.000,0.376,1.881,0.020
37700,5.000,0.376,1.881,0.020
37900,5.000,0.377,1.885,0.020
38100,5.000,0.378,1.893,0.020
38300,5.000,0.377,1.885,0.020
38500,5.000,0.377,1.885,0.020
38700,5.000,0.378,1.889,0.020
38900,5.000,0.379,1.896,0.020
39100,5.000,0.377,1.885,0.021
39300,5.000,0.376,1.881,0.021
39500,5.000,0.376,1.881,0.021
39700,5.000,0.379,1.896,0.021
39900,5.000,0.379,1.896,0.021
40100,5.000,0.379,1.896,0.021
40300,5.000,0.377,1.885,0.021
40500,5.000,0.377,1.885,0.021
40700,5.000,0.377,1.889,0.021
40900,5.000,0.377,1.889,0.022
41100,5.000,0.377,1.885,0.022
41300,5.000,0.377,1.885,0.022
41500,5.000,0.377,1.893,0.022
41700,5.000,0.379,1.893,0.022
41900,5.000,0.377,1.885,0.022
42100,5.000,0.376,1.881,0.022
42300,5.000,0.376,1.881,0.022
42500,5.000,0.378,1.889,0.022
42700,5.000,0.377,1.889,0.023
42900,5.000,0.378,1.893,0.023
43100,5.000,0.377,1.885,0.023
43300,5.000,0.377,1.885,0.023
43500,5.000,0.378,1.889,0.023
43700,5.000,0.376,1.881,0.023
43900,5.000,0.377,1.885,0.023
44100,5.000,0.377,1.885,0.023
44300,5.000,0.379,1.893,0.023
44500,5.000,0.377,1.885,0.023
44700,5.000,0.377,1.885,0.024
44900,5.000,0.377,1.885,0.024
45100,5.000,0.379,1.893,0.024
45300,5.000,0.376,1.881,0.024
45500,5.000,0.376,1.881,0.024
45700,5.000,0.377,1.889,0.024
45900,5.000,0.378,1.889,0.024
46100,5.000,0.378,1.889,0.024
46300,5.000,0.376,1.881,0.024
46500,5.000,0.376,1.881,0.025
46700,5.000,0.377,1.881,0.025
46900,5.000,0.379,1.893,0.025
47100,5.000,0.378,1.889,0.025
47300,5.000,0.378,1.889,0.025
47500,5.000,0.376,1.877,0.025
47700,5.000,0.377,1.889,0.025
47900,5.000,0.377,1.889,0.025
48100,5.000,0.377,1.889,0.025
48300,5.000,0.377,1.885,0.025
48500,5.000,0.377,1.889,0.026
48700,5.000,0.377,1.889,0.026
48900,5.000,0.377,1.885,0.026
49100,5.000,0.376,1.881,0.026
49300,5.000,0.377,1.885,0.026
49500,5.000,0.377,1.885,0.026
49700,5.000,0.379,1.893,0.026
49900,5.000,0.376,1.881,0.026
50100,5.000,0.375,1.877,0.026
50300,5.000,0.377,1.889,0.027
50500,5.000,0.377,1.889,0.027
50700,5.000,0.379,1.893,0.027
50900,5.000,0.376,1.881,0.027
51100,5.000,0.376,1.881,0.027
51300,5.000,0.377,1.885,0.027
51500,5.000,0.378,1.889,0.027
51700,5.000,0.377,1.885,0.027
51900,5.000,0.377,1.885,0.027
52100,5.000,0.377,1.889,0.028
52300,5.000,0.378,1.889,0.028
52500,5.000,0.378,1.889,0.028
52700,5.000,0.377,1.889,0.028
52900,5.000,0.377,1.885,0.028
53100,5.000,0.378,1.889,0.028
53300,5.000,0.378,1.889,0.028
53500,5.000,0.378,1.889,0.028
53700,5.000,0.376,1.877,0.028
53900,5.000,0.377,1.885,0.029
54100,5.000,0.379,1.896,0.029
54300,5.000,0.379,1.896,0.029
54500,5.000,0.377,1.885,0.029
54700,5.000,0.378,1.893,0.029
54900,5.000,0.378,1.889,0.029
55100,5.000,0.378,1.889,0.029
55300,5.000,0.377,1.885,0.029
55500,5.000,0.377,1.885,0.029
55700,5.000,0.377,1.885,0.029
55900,5.000,0.379,1.896,0.030
56100,5.000,0.378,1.893,0.030
56300,5.000,0.377,1.881,0.030
56500,5.000,0.377,1.881,0.030
56700,5.000,0.377,1.885,0.030
56900,5.000,0.378,1.889,0.030
57100,5.000,0.377,1.885,0.030
57300,5.000,0.376,1.881,0.030
57500,5.000,0.376,1.881,0.030
57700,5.000,0.378,1.889,0.031
57900,5.000,0.377,1.885,0.031
58100,5.000,0.377,1.885,0.031
58300,5.000,0.377,1.885,0.031
58500,5.000,0.378,1.893,0.031
58700,5.000,0.377,1.889,0.031
58900,5.000,0.377,1.889,0.031
59100,5.000,0.376,1.881,0.031
59300,5.000,0.377,1.885,0.031
59500,5.000,0.379,1.896,0.032
59700,5.000,0.379,1.896,0.032
59900,5.000,0.378,1.893,0.032
60100,5.000,0.376,1.881,0.032
60300,5.000,0.377,1.889,0.032
60500,5.000,0.377,1.889,0.032
60700,5.000,0.377,1.889,0.032
60900,5.000,0.377,1.889,0.032
61100,5.000,0.378,1.889,0.032
61300,5.000,0.378,1.893,0.033
61500,5.000,0.378,1.893,0.033
61700,5.000,0.409,2.045,0.033
61900,5.000,0.377,1.889,0.033
62100,5.000,0.377,1.889,0.033
62300,5.000,0.379,1.896,0.033
62500,5.000,0.378,1.889,0.033
62700,5.000,0.377,1.881,0.033
62900,5.000,0.377,1.881,0.033
63100,5.000,0.377,1.889,0.033
63300,5.000,0.378,1.889,0.034
63500,5.000,0.378,1.885,0.034
63700,5.000,0.378,1.889,0.034
63900,5.000,0.378,1.889,0.034
64100,5.000,0.378,1.889,0.034
64300,5.000,0.377,1.881,0.034
64500,5.000,0.377,1.881,0.034
64700,5.000,0.377,1.885,0.034
64900,5.000,0.378,1.893,0.034
65100,5.000,0.377,1.885,0.035
65300,5.000,0.377,1.885,0.035
65500,5.000,0.377,1.885,0.035
65700,5.000,0.378,1.889,0.035
65900,5.000,0.377,1.885,0.035
66100,5.000,0.377,1.885,0.035
66300,5.000,0.377,1.885,0.035
66500,5.000,0.378,1.893,0.035
66700,5.000,0.378,1.893,0.035
66900,5.000,0.378,1.893,0.036
67100,5.000,0.376,1.881,0.036
67300,5.000,0.377,1.885,0.036
67500,5.000,0.378,1.893,0.036
67700,5.000,0.378,1.893,0.036
67900,5.000,0.377,1.885,0.036
68100,5.000,0.377,1.885,0.036
68300,5.000,0.378,1.893,0.036
68500,5.000,0.378,1.893,0.036
68700,5.000,0.377,1.885,0.037
68900,5.000,0.377,1.885,0.037
69100,5.000,0.378,1.893,0.037
69300,5.000,0.378,1.893,0.037
69500,5.000,0.378,1.893,0.037
69700,5.000,0.376,1.881,0.037
69900,5.000,0.376,1.881,0.037
70100,5.000,0.377,1.885,0.037
70300,5.000,0.379,1.896,0.037
70500,5.000,0.377,1.889,0.037
70700,5.000,0.376,1.877,0.038
70900,5.000,0.376,1.877,0.038
71100,5.000,0.377,1.889,0.038
71300,5.000,0.378,1.889,0.038
71500,5.000,0.377,1.889,0.038
71700,5.000,0.377,1.889,0.038
71900,5.000,0.378,1.889,0.038
72100,5.000,0.377,1.889,0.038
72300,5.000,0.376,1.881,0.038
72500,5.000,0.376,1.881,0.039
72700,5.000,0.377,1.885,0.039
72900,5.000,0.379,1.896,0.039
73100,5.000,0.379,1.896,0.039
73300,5.000,0.377,1.885,0.039
73500,5.000,0.377,1.885,0.039
73700,5.000,0.377,1.885,0.039
73900,5.000,0.377,1.885,0.039
74100,5.000,0.378,1.889,0.039
74300,5.000,0.377,1.889,0.040
74500,5.000,0.378,1.893,0.040
74700,5.000,0.377,1.885,0.040
74900,5.000,0.377,1.885,0.040
75100,5.000,0.376,1.881,0.040
75300,5.000,0.377,1.885,0.040
75500,5.000,0.377,1.885,0.040
75700,5.000,0.379,1.893,0.040
75900,5.000,0.377,1.881,0.040
76100,5.000,0.376,1.881,0.041
76300,5.000,0.376,1.881,0.041
76500,5.000,0.378,1.889,0.041
76700,5.000,0.377,1.889,0.041
76900,5.000,0.378,1.889,0.041
77100,5.000,0.378,1.889,0.041
77300,5.000,0.377,1.889,0.041
77500,5.000,0.377,1.889,0.041
77700,5.000,0.376,1.881,0.041
77900,5.000,0.377,1.885,0.041
78100,5.000,0.377,1.885,0.042
78300,5.000,0.379,1.896,0.042
78500,5.000,0.377,1.885,0.042
78700,5.000,0.377,1.885,0.042
78900,5.000,0.377,1.881,0.042
79100,5.000,0.378,1.889,0.042
79300,5.000,0.377,1.889,0.042
79500,5.000,0.377,1.889,0.042
79700,5.000,0.378,1.889,0.042
79900,5.000,0.378,1.889,0.043
80100,5.000,0.377,1.889,0.043
80300,5.000,0.377,1.889,0.043
80500,5.000,0.377,1.885,0.043
80700,5.000,0.377,1.885,0.043
80900,5.000,0.377,1.885,0.043
81100,5.000,0.377,1.885,0.043
81300,5.000,0.377,1.885,0.043
81500,5.000,0.375,1.877,0.043
81700,5.000,0.379,1.893,0.044
81900,5.000,0.379,1.893,0.044
82100,5.000,0.379,1.893,0.044
82300,5.000,0.377,1.885,0.044
82500,5.000,0.377,1.885,0.044
82700,5.000,0.377,1.885,0.044
82900,5.000,0.377,1.885,0.044
83100,5.000,0.377,1.885,0.044
83300,5.000,0.378,1.889,0.044
83500,5.000,0.378,1.889,0.044
83700,5.000,0.379,1.893,0.045
83900,5.000,0.377,1.885,0.045
84100,5.000,0.377,1.885,0.045
84300,5.000,0.377,1.885,0.045
84500,5.000,0.380,1.900,0.045
84700,5.000,0.378,1.893,0.045
84900,5.000,0.377,1.885,0.045
85100,5.000,0.377,1.885,0.045
85300,5.000,0.377,1.885,0.045
85500,5.000,0.378,1.889,0.046
85700,5.000,0.377,1.881,0.046
85900,5.000,0.377,1.881,0.046
86100,5.000,0.377,1.889,0.046
86300,5.000,0.379,1.893,0.046
86500,5.000,0.379,1.893,0.046
86700,5.000,0.377,1.889,0.046
86900,5.000,0.376,1.885,0.046
87100,5.000,0.378,1.889,0.046
87300,5.000,0.378,1.889,0.047
87500,5.000,0.378,1.893,0.047
87700,5.000,0.377,1.881,0.047
87900,5.000,0.377,1.881,0.047
88100,5.000,0.378,1.889,0.047
88300,5.000,0.378,1.889,0.047
88500,5.000,0.377,1.885,0.047
88700,5.000,0.377,1.889,0.047
88900,5.000,0.379,1.893,0.047
89100,5.000,0.379,1.893,0.048
89300,5.000,0.377,1.885,0.048
89500,5.000,0.378,1.889,0.048
89700,5.000,0.378,1.889,0.048
89900,5.000,0.379,1.893,0.048
90100,5.000,0.379,1.893,0.048
90300,5.000,0.377,1.885,0.048
90500,5.000,0.377,1.885,0.048
90700,5.000,0.377,1.885,0.048
90900,5.000,0.379,1.896,0.048
91100,5.000,0.378,1.889,0.049
91300,5.000,0.378,1.889,0.049
91500,5.000,0.377,1.885,0.049
91700,5.000,0.377,1.885,0.049
91900,5.000,0.377,1.885,0.049
92100,5.000,0.377,1.885,0.049
92300,5.000,0.377,1.885,0.049
92500,5.000,0.379,1.896,0.049
92700,5.000,0.378,1.889,0.049
92900,5.000,0.378,1.889,0.050
93100,5.000,0.376,1.881,0.050
93300,5.000,0.377,1.885,0.050
93500,5.000,0.379,1.893,0.050
93700,5.000,0.379,1.893,0.050
93900,5.000,0.377,1.889,0.050
94100,5.000,0.377,1.885,0.050
94300,5.000,0.379,1.896,0.050
94500,5.000,0.379,1.896,0.050
94700,5.000,0.377,1.885,0.051
94900,5.000,0.378,1.893,0.051
95100,5.000,0.378,1.893,0.051
95300,5.000,0.378,1.889,0.051
95500,5.000,0.378,1.889,0.051
95700,5.000,0.376,1.881,0.051
95900,5.000,0.378,1.889,0.051
96100,5.000,0.378,1.889,0.051
96300,5.000,0.379,1.896,0.051
96500,5.000,0.377,1.889,0.052
96700,5.000,0.377,1.881,0.052
96900,5.000,0.377,1.881,0.052
97100,5.000,0.377,1.885,0.052
97300,5.000,0.377,1.885,0.052
97500,5.000,0.377,1.885,0.052
97700,5.000,0.377,1.885,0.052
97900,5.000,0.377,1.885,0.052
98100,5.000,0.378,1.893,0.052
98300,5.000,0.378,1.893,0.052
98500,5.000,0.377,1.881,0.053
98700,5.000,0.376,1.885,0.053
98900,5.000,0.378,1.893,0.053
99100,5.000,0.377,1.885,0.053
99300,5.000,0.377,1.885,0.053
99500,5.000,0.377,1.885,0.053
99700,5.000,0.377,1.889,0.053
99900,5.000,0.377,1.889,0.053
100100,5.000,0.377,1.889,0.053
100300,5.000,0.377,1.889,0.054
100500,5.000,0.377,1.885,0.054
100700,5.000,0.377,1.885,0.054
100900,5.000,0.377,1.885,0.054
101100,5.000,0.376,1.881,0.054
101300,5.000,0.377,1.885,0.054
101500,5.000,0.377,1.885,0.054
101700,5.000,0.379,1.896,0.054
101900,5.000,0.376,1.881,0.054
102100,5.000,0.376,1.881,0.055
102300,5.000,0.377,1.889,0.055
102500,5.000,0.377,1.889,0.055
102700,5.000,0.377,1.889,0.055
102900,5.000,0.377,1.885,0.055
103100,5.000,0.378,1.889,0.055
103300,5.000,0.378,1.889,0.055
103500,5.000,0.377,1.885,0.055
103700,5.000,0.376,1.881,0.055
103900,5.000,0.376,1.881,0.055
104100,5.000,0.377,1.889,0.056
104300,5.000,0.380,1.900,0.056
104500,5.000,0.377,1.885,0.056
104700,5.000,0.377,1.885,0.056
104900,5.000,0.376,1.881,0.056
105100,5.000,0.379,1.893,0.056
105300,5.000,0.378,1.889,0.056
105500,5.000,0.378,1.889,0.056
105700,5.000,0.376,1.881,0.056
105900,5.000,0.377,1.885,0.057
106100,5.000,0.378,1.889,0.057
106300,5.000,0.376,1.881,0.057
106500,5.000,0.376,1.881,0.057
106700,5.000,0.377,1.889,0.057
106900,5.000,0.378,1.893,0.057
107100,5.000,0.378,1.893,0.057
107300,5.000,0.377,1.885,0.057
107500,5.000,0.376,1.881,0.057
107700,5.000,0.377,1.889,0.058
107900,5.000,0.377,1.889,0.058
108100,5.000,0.378,1.889,0.058
108300,5.000,0.377,1.889,0.058
108500,5.000,0.377,1.889,0.058
108700,5.000,0.378,1.893,0.058
108900,5.000,0.377,1.889,0.058
109100,5.000,0.376,1.881,0.058
109300,5.000,0.377,1.885,0.058
109500,5.000,0.377,1.885,0.059
109700,5.000,0.379,1.896,0.059
109900,5.000,0.377,1.885,0.059
110100,5.000,0.377,1.885,0.059
110300,5.000,0.377,1.885,0.059
110500,5.000,0.377,1.889,0.059
110700,5.000,0.377,1.885,0.059
110900,5.000,0.378,1.889,0.059
111100,5.000,0.378,1.889,0.059
111300,5.000,0.378,1.889,0.059
111500,5.000,0.378,1.893,0.060
111700,5.000,0.378,1.893,0.060
111900,5.000,0.376,1.881,0.060
112100,5.000,0.377,1.885,0.060
112300,5.000,0.379,1.893,0.060
112500,5.000,0.379,1.893,0.060
112700,5.000,0.377,1.885,0.060
112900,5.000,0.377,1.885,0.060
113100,5.000,0.378,1.889,0.060
113300,5.000,0.377,1.885,0.061
113500,5.000,0.377,1.885,0.061
113700,5.000,0.376,1.881,0.061
113900,5.000,0.378,1.889,0.061
114100,5.000,0.378,1.893,0.061
114300,5.000,0.378,1.893,0.061
114500,5.000,0.380,1.904,0.061
114700,5.000,0.377,1.885,0.061
114900,5.000,0.377,1.885,0.061
115100,5.000,0.378,1.893,0.062
115300,5.000,0.377,1.889,0.062
115500,5.000,0.378,1.889,0.062
115700,5.000,0.378,1.889,0.062
115900,5.000,0.379,1.896,0.062
116100,5.000,0.377,1.885,0.062
116300,5.000,0.376,1.877,0.062
116500,5.000,0.378,1.889,0.062
116700,5.000,0.378,1.889,0.062
116900,5.000,0.378,1.893,0.063
117100,5.000,0.377,1.885,0.063
117300,5.000,0.377,1.889,0.063
117500,5.000,0.377,1.889,0.063
117700,5.000,0.378,1.889,0.063
117900,5.000,0.377,1.881,0.063
118100,5.000,0.377,1.881,0.063
118300,5.000,0.377,1.889,0.063
118500,5.000,0.379,1.896,0.063
118700,5.000,0.377,1.885,0.063
118900,5.000,0.377,1.885,0.064
119100,5.000,0.377,1.885,0.064
119300,5.000,0.379,1.893,0.064
119500,5.000,0.379,1.893,0.064
119700,5.000,0.377,1.885,0.064
119900,5.000,0.377,1.885,0.064
120100,5.000,0.402,2.007,0.064
120300,5.000,0.378,1.889,0.064
120500,5.000,0.378,1.889,0.064
120700,5.000,0.377,1.881,0.065
120900,5.000,0.377,1.885,0.065
121100,5.000,0.379,1.893,0.065
121300,5.000,0.379,1.893,0.065
121500,5.000,0.377,1.885,0.065
121700,5.000,0.376,1.881,0.065
121900,5.000,0.378,1.889,0.065
122100,5.000,0.378,1.889,0.065
122300,5.000,0.378,1.889,0.065
122500,5.000,0.377,1.889,0.066
122700,5.000,0.377,1.889,0.066
122900,5.000,0.377,1.889,0.066
123100,5.000,0.378,1.889,0.066
123300,5.000,0.376,1.877,0.066
123500,5.000,0.377,1.885,0.066
123700,5.000,0.377,1.885,0.066
123900,5.000,0.379,1.896,0.066
124100,5.000,0.378,1.893,0.066
124300,5.000,0.377,1.885,0.067
124500,5.000,0.377,1.885,0.067
124700,5.000,0.377,1.885,0.067
124900,5.000,0.377,1.889,0.067
125100,5.000,0.377,1.889,0.067
125300,5.000,0.377,1.889,0.067
125500,5.000,0.378,1.889,0.067
125700,5.000,0.377,1.889,0.067
125900,5.000,0.377,1.889,0.067
126100,5.000,0.376,1.881,0.067
126300,5.000,0.377,1.881,0.068
126500,5.000,0.379,1.893,0.068
126700,5.000,0.377,1.885,0.068
126900,5.000,0.377,1.885,0.068
127100,5.000,0.376,1.881,0.068
127300,5.000,0.378,1.889,0.068
127500,5.000,0.378,1.889,0.068
127700,5.000,0.378,1.889,0.068
127900,5.000,0.378,1.889,0.068
128100,5.000,0.378,1.889,0.069
128300,5.000,0.378,1.889,0.069
128500,5.000,0.378,1.889,0.069
128700,5.000,0.376,1.881,0.069
128900,5.000,0.377,1.885,0.069
129100,5.000,0.377,1.885,0.069
129300,5.000,0.379,1.896,0.069
129500,5.000,0.377,1.885,0.069
129700,5.000,0.376,1.881,0.069
129900,5.000,0.376,1.881,0.070
130100,5.000,0.377,1.889,0.070
130300,5.000,0.378,1.889,0.070
130500,5.000,0.377,1.885,0.070
130700,5.000,0.377,1.885,0.070
130900,5.000,0.377,1.885,0.070
131100,5.000,0.377,1.889,0.070
131300,5.000,0.376,1.881,0.070
131500,5.000,0.376,1.881,0.070
131700,5.000,0.377,1.885,0.071
131900,5.000,0.378,1.889,0.071
132100,5.000,0.377,1.885,0.071
132300,5.000,0.377,1.885,0.071
132500,5.000,0.376,1.881,0.071
132700,5.000,0.378,1.889,0.071
132900,5.000,0.378,1.889,0.071
133100,5.000,0.378,1.889,0.071
133300,5.000,0.376,1.881,0.071
133500,5.000,0.377,1.885,0.071
133700,5.000,0.377,1.889,0.072
133900,5.000,0.377,1.881,0.072
134100,5.000,0.377,1.881,0.072
134300,5.000,0.379,1.893,0.072
134500,5.000,0.378,1.889,0.072
134700,5.000,0.378,1.889,0.072
134900,5.000,0.376,1.881,0.072
135100,5.000,0.376,1.881,0.072
135300,5.000,0.378,1.889,0.072
135500,5.000,0.378,1.889,0.073
135700,5.000,0.378,1.889,0.073
135900,5.000,0.376,1.881,0.073
136100,5.000,0.377,1.885,0.073
136300,5.000,0.377,1.885,0.073
136500,5.000,0.379,1.893,0.073
136700,5.000,0.377,1.885,0.073
136900,5.000,0.377,1.885,0.073
137100,5.000,0.377,1.885,0.073
137300,5.000,0.377,1.885,0.074
137500,5.000,0.377,1.885,0.074
137700,5.000,0.377,1.885,0.074
137900,5.000,0.377,1.885,0.074
138100,5.000,0.377,1.885,0.074
138300,5.000,0.377,1.885,0.074
138500,5.000,0.376,1.881,0.074
138700,5.000,0.376,1.881,0.074
138900,5.000,0.377,1.885,0.074
139100,5.000,0.380,1.900,0.074
139300,5.000,0.377,1.885,0.075
139500,5.000,0.377,1.885,0.075
139700,5.000,0.375,1.877,0.075
139900,5.000,0.378,1.893,0.075
140100,5.000,0.378,1.893,0.075
140300,5.000,0.378,1.889,0.075
140500,5.000,0.376,1.881,0.075
140700,5.000,0.376,1.881,0.075
140900,5.000,0.377,1.885,0.075
141100,5.000,0.377,1.885,0.076
141300,5.000,0.376,1.881,0.076
141500,5.000,0.377,1.885,0.076
141700,5.000,0.377,1.889,0.076
141900,5.000,0.377,1.889,0.076
142100,5.000,0.376,1.881,0.076
142300,5.000,0.376,1.881,0.076
142500,5.000,0.376,1.881,0.076
142700,5.000,0.378,1.889,0.076
142900,5.000,0.378,1.893,0.077
143100,5.000,0.376,1.881,0.077
143300,5.000,0.376,1.881,0.077
143500,5.000,0.377,1.885,0.077
143700,5.000,0.378,1.893,0.077
143900,5.000,0.377,1.885,0.077
144100,5.000,0.376,1.881,0.077
144300,5.000,0.376,1.881,0.077
144500,5.000,0.377,1.885,0.077
144700,5.000,0.377,1.885,0.078
144900,5.000,0.378,1.889,0.078
145100,5.000,0.378,1.889,0.078
145300,5.000,0.377,1.885,0.078
145500,5.000,0.377,1.889,0.078
145700,5.000,0.377,1.889,0.078
145900,5.000,0.376,1.881,0.078
146100,5.000,0.378,1.889,0.078
146300,5.000,0.379,1.896,0.078
146500,5.000,0.379,1.896,0.078
146700,5.000,0.377,1.885,0.079
146900,5.000,0.377,1.885,0.079
147100,5.000,0.378,1.893,0.079
147300,5.000,0.378,1.893,0.079
147500,5.000,0.377,1.889,0.079
147700,5.000,0.377,1.885,0.079
147900,5.000,0.377,1.885,0.079
148100,5.000,0.377,1.889,0.079
148300,5.000,0.377,1.889,0.079
148500,5.000,0.377,1.889,0.080
148700,5.000,0.377,1.889,0.080
148900,5.000,0.377,1.889,0.080
149100,5.000,0.379,1.893,0.080
149300,5.000,0.377,1.881,0.080
149500,5.000,0.376,1.881,0.080
149700,5.000,0.376,1.881,0.080
149900,5.000,0.378,1.893,0.080
150100,5.000,0.378,1.889,0.080
150300,5.000,0.376,1.881,0.081
150500,5.000,0.376,1.881,0.081
150700,5.000,0.377,1.881,0.081
150900,5.000,0.377,1.889,0.081
151100,5.000,0.377,1.885,0.081
151300,5.000,0.376,1.881,0.081
151500,5.000,0.376,1.881,0.081
151700,5.000,0.377,1.885,0.081
151900,5.000,0.377,1.889,0.081
152100,5.000,0.377,1.889,0.082
152300,5.000,0.377,1.881,0.082
152500,5.000,0.377,1.885,0.082
152700,5.000,0.378,1.889,0.082
152900,5.000,0.378,1.889,0.082
153100,5.000,0.376,1.877,0.082
153300,5.000,0.377,1.881,0.082
153500,5.000,0.377,1.881,0.082
153700,5.000,0.379,1.893,0.082
153900,5.000,0.377,1.885,0.082
154100,5.000,0.377,1.885,0.083
154300,5.000,0.377,1.885,0.083
154500,5.000,0.377,1.885,0.083
154700,5.000,0.378,1.889,0.083
154900,5.000,0.377,1.881,0.083
155100,5.000,0.377,1.885,0.083
155300,5.000,0.377,1.885,0.083
155500,5.000,0.378,1.889,0.083
155700,5.000,0.377,1.885,0.083
155900,5.000,0.377,1.885,0.084
156100,5.000,0.377,1.885,0.084
156300,5.000,0.378,1.889,0.084
156500,5.000,0.377,1.885,0.084
156700,5.000,0.377,1.885,0.084
156900,5.000,0.376,1.881,0.084
157100,5.000,0.378,1.893,0.084
157300,5.000,0.377,1.889,0.084
157500,5.000,0.377,1.889,0.084
157700,5.000,0.377,1.885,0.084
157900,5.000,0.376,1.881,0.085
158100,5.000,0.378,1.893,0.085
158300,5.000,0.377,1.885,0.085
158500,5.000,0.377,1.885,0.085
158700,5.000,0.376,1.881,0.085
158900,5.000,0.377,1.889,0.085
159100,5.000,0.377,1.889,0.085
159300,5.000,0.377,1.889,0.085
159500,5.000,0.377,1.885,0.085
159700,5.000,0.377,1.885,0.086
159900,5.000,0.377,1.885,0.086
160100,5.000,0.377,1.885,0.086
160300,5.000,0.376,1.877,0.086
160500,5.000,0.377,1.889,0.086
160700,5.000,0.377,1.889,0.086
160900,5.000,0.379,1.893,0.086
161100,5.000,0.377,1.885,0.086
161300,5.000,0.375,1.877,0.086
161500,5.000,0.375,1.877,0.087
161700,5.000,0.377,1.885,0.087
161900,5.000,0.378,1.889,0.087
162100,5.000,0.377,1.885,0.087
162300,5.000,0.377,1.885,0.087
162500,5.000,0.377,1.885,0.087
162700,5.000,0.377,1.889,0.087
162900,5.000,0.377,1.881,0.087
163100,5.000,0.377,1.881,0.087
163300,5.000,0.377,1.885,0.088
163500,5.000,0.379,1.896,0.088
163700,5.000,0.377,1.885,0.088
163900,5.000,0.377,1.885,0.088
164100,5.000,0.380,1.904,0.088
164300,5.000,0.378,1.893,0.088
164500,5.000,0.378,1.893,0.088
164700,5.000,0.378,1.893,0.088
164900,5.000,0.377,1.885,0.088
165100,5.000,0.377,1.885,0.089
165300,5.000,0.378,1.889,0.089
165500,5.000,0.378,1.889,0.089
165700,5.000,0.376,1.881,0.089
165900,5.000,0.377,1.889,0.089
166100,5.000,0.379,1.896,0.089
166300,5.000,0.379,1.896,0.089
166500,5.000,0.377,1.885,0.089
166700,5.000,0.376,1.881,0.089
166900,5.000,0.378,1.893,0.089
167100,5.000,0.378,1.893,0.090
167300,5.000,0.379,1.893,0.090
167500,5.000,0.377,1.885,0.090
167700,5.000,0.377,1.885,0.090
167900,5.000,0.377,1.885,0.090
168100,5.000,0.378,1.893,0.090
168300,5.000,0.378,1.889,0.090
168500,5.000,0.378,1.889,0.090
168700,5.000,0.377,1.885,0.090
168900,5.000,0.379,1.893,0.091
169100,5.000,0.377,1.885,0.091
169300,5.000,0.377,1.889,0.091
169500,5.000,0.377,1.889,0.091
169700,5.000,0.378,1.893,0.091
169900,5.000,0.378,1.889,0.091
170100,5.000,0.376,1.881,0.091
170300,5.000,0.376,1.881,0.091
170500,5.000,0.377,1.889,0.091
170700,5.000,0.379,1.896,0.092
170900,5.000,0.379,1.896,0.092
171100,5.000,0.378,1.889,0.092
171300,5.000,0.377,1.885,0.092
171500,5.000,0.378,1.893,0.092
171700,5.000,0.378,1.893,0.092
171900,5.000,0.378,1.889,0.092
172100,5.000,0.377,1.885,0.092
172300,5.000,0.377,1.885,0.092
172500,5.000,0.378,1.889,0.093
172700,5.000,0.378,1.889,0.093
172900,5.000,0.376,1.881,0.093
173100,5.000,0.377,1.885,0.093
173300,5.000,0.379,1.893,0.093
173500,5.000,0.379,1.893,0.093
173700,5.000,0.378,1.889,0.093
173900,5.000,0.377,1.885,0.093
174100,5.000,0.377,1.885,0.093
174300,5.000,0.378,1.889,0.093
174500,5.000,0.378,1.889,0.094
174700,5.000,0.377,1.889,0.094
174900,5.000,0.377,1.889,0.094
175100,5.000,0.377,1.889,0.094
175300,5.000,0.377,1.889,0.094
175500,5.000,0.377,1.889,0.094
175700,5.000,0.377,1.885,0.094
175900,5.000,0.377,1.885,0.094
176100,5.000,0.378,1.893,0.094
176300,5.000,0.377,1.885,0.095
176500,5.000,0.377,1.885,0.095
176700,5.000,0.376,1.881,0.095
176900,5.000,0.378,1.893,0.095
177100,5.000,0.378,1.889,0.095
177300,5.000,0.378,1.889,0.095
177500,5.000,0.377,1.885,0.095
177700,5.000,0.377,1.885,0.095
177900,5.000,0.378,1.893,0.095
178100,5.000,0.378,1.893,0.096
178300,5.000,0.377,1.889,0.096
178500,5.000,0.401,2.003,0.096
178700,5.000,0.401,2.003,0.096
178900,5.000,0.379,1.896,0.096
179100,5.000,0.377,1.885,0.096
179300,5.000,0.376,1.881,0.096
179500,5.000,0.378,1.889,0.096
179700,5.000,0.378,1.889,0.096
179900,5.000,0.378,1.893,0.097
180100,5.000,0.377,1.885,0.097
180300,5.000,0.377,1.889,0.097
180500,5.000,0.377,1.889,0.097
180700,5.000,0.377,1.889,0.097
180900,5.000,0.377,1.885,0.097
181100,5.000,0.377,1.889,0.097
181300,5.000,0.377,1.889,0.097
181500,5.000,0.378,1.893,0.097
181700,5.000,0.377,1.885,0.097
181900,5.000,0.377,1.885,0.098
182100,5.000,0.377,1.881,0.098
182300,5.000,0.378,1.893,0.098
182500,5.000,0.378,1.893,0.098
182700,5.000,0.377,1.885,0.098
182900,5.000,0.377,1.885,0.098
183100,5.000,0.377,1.885,0.098
183300,5.000,0.378,1.893,0.098
183500,5.000,0.377,1.885,0.098
183700,5.000,0.377,1.885,0.099
183900,5.000,0.377,1.885,0.099
184100,5.000,0.378,1.889,0.099
184300,5.000,0.377,1.885,0.099
184500,5.000,0.377,1.885,0.099
184700,5.000,0.377,1.885,0.099
184900,5.000,0.378,1.893,0.099
185100,5.000,0.378,1.893,0.099
185300,5.000,0.378,1.893,0.099
185500,5.000,0.377,1.881,0.100
185700,5.000,0.377,1.885,0.100
185900,5.000,0.377,1.885,0.100
186100,5.000,0.378,1.893,0.100
186300,5.000,0.377,1.889,0.100
186500,5.000,0.377,1.885,0.100
186700,5.000,0.379,1.893,0.100
186900,5.000,0.379,1.893,0.100
187100,5.000,0.377,1.885,0.100
187300,5.000,0.377,1.885,0.101
187500,5.000,0.377,1.885,0.101
187700,5.000,0.378,1.889,0.101
187900,5.000,0.378,1.893,0.101
188100,5.000,0.377,1.881,0.101
188300,5.000,0.377,1.881,0.101
188500,5.000,0.377,1.881,0.101
188700,5.000,0.379,1.896,0.101
188900,5.000,0.377,1.885,0.101
189100,5.000,0.377,1.885,0.101
189300,5.000,0.376,1.881,0.102
189500,5.000,0.377,1.889,0.102
189700,5.000,0.377,1.885,0.102
189900,5.000,0.377,1.885,0.102
190100,5.000,0.377,1.885,0.102
190300,5.000,0.379,1.893,0.102
190500,5.000,0.378,1.893,0.102
190700,5.000,0.378,1.893,0.102
190900,5.000,0.376,1.881,0.102
191100,5.000,0.377,1.885,0.103
191300,5.000,0.378,1.893,0.103
191500,5.000,0.378,1.893,0.103
191700,5.000,0.377,1.889,0.103
191900,5.000,0.377,1.885,0.103
192100,5.000,0.378,1.889,0.103
192300,5.000,0.378,1.889,0.103
192500,5.000,0.377,1.885,0.103
192700,5.000,0.377,1.881,0.103
192900,5.000,0.377,1.881,0.103
193100,5.000,0.378,1.889,0.104
193300,5.000,0.378,1.889,0.104
193500,5.000,0.376,1.881,0.104
193700,5.000,0.381,1.908,0.104
193900,5.000,0.381,1.908,0.104
194100,5.000,0.379,1.896,0.104
194300,5.000,0.377,1.885,0.104
194500,5.000,0.377,1.885,0.104
194700,5.000,0.377,1.885,0.104
194900,5.000,0.377,1.889,0.105
195100,5.000,0.378,1.889,0.105
195300,5.000,0.378,1.889,0.105
195500,5.000,0.378,1.889,0.105
195700,5.000,0.378,1.893,0.105
195900,5.000,0.378,1.893,0.105
196100,5.000,0.378,1.893,0.105
196300,5.000,0.376,1.881,0.105
196500,5.000,0.377,1.889,0.105
196700,5.000,0.379,1.896,0.106
196900,5.000,0.377,1.885,0.106
197100,5.000,0.377,1.885,0.106
197300,5.000,0.377,1.885,0.106
197500,5.000,0.379,1.893,0.106
197700,5.000,0.378,1.889,0.106
197900,5.000,0.378,1.889,0.106
198100,5.000,0.377,1.889,0.106
198300,5.000,0.377,1.889,0.106
198500,5.000,0.377,1.889,0.107
198700,5.000,0.379,1.896,0.107
198900,5.000,0.377,1.885,0.107
199100,5.000,0.377,1.885,0.107
199300,5.000,0.377,1.885,0.107
199500,5.000,0.379,1.896,0.107
199700,5.000,0.378,1.889,0.107
199900,5.000,0.376,1.881,0.107
200100,5.000,0.378,1.889,0.107
200300,5.000,0.378,1.889,0.108
200500,5.000,0.379,1.893,0.108
200700,5.000,0.377,1.885,0.108
200900,5.000,0.377,1.889,0.108
201100,5.000,0.377,1.889,0.108
201300,5.000,0.378,1.889,0.108
201500,5.000,0.377,1.885,0.108
201700,5.000,0.377,1.885,0.108
201900,5.000,0.378,1.889,0.108
202100,5.000,0.379,1.896,0.108
202300,5.000,0.377,1.885,0.109
202500,5.000,0.377,1.885,0.109
202700,5.000,0.377,1.885,0.109
202900,5.000,0.378,1.893,0.109
203100,5.000,0.378,1.893,0.109
203300,5.000,0.378,1.893,0.109
203500,5.000,0.379,1.893,0.109
203700,5.000,0.377,1.885,0.109
203900,5.000,0.378,1.889,0.109
204100,5.000,0.377,1.885,0.110
204300,5.000,0.377,1.885,0.110
204500,5.000,0.377,1.889,0.110
204700,5.000,0.378,1.889,0.110
204900,5.000,0.378,1.889,0.110
205100,5.000,0.377,1.885,0.110
205300,5.000,0.377,1.885,0.110
205500,5.000,0.378,1.893,0.110
205700,5.000,0.378,1.893,0.110
205900,5.000,0.379,1.893,0.111
206100,5.000,0.376,1.881,0.111
206300,5.000,0.377,1.885,0.111
206500,5.000,0.377,1.885,0.111
206700,5.000,0.379,1.893,0.111
206900,5.000,0.377,1.885,0.111
207100,5.000,0.377,1.885,0.111
207300,5.000,0.378,1.893,0.111
207500,5.000,0.378,1.893,0.111
207700,5.000,0.377,1.881,0.112
207900,5.000,0.377,1.885,0.112
208100,5.000,0.377,1.885,0.112
208300,5.000,0.378,1.893,0.112
208500,5.000,0.378,1.893,0.112
208700,5.000,0.376,1.881,0.112
208900,5.000,0.376,1.881,0.112
209100,5.000,0.377,1.885,0.112
209300,5.000,0.379,1.896,0.112
209500,5.000,0.379,1.896,0.112
209700,5.000,0.378,1.889,0.113
209900,5.000,0.376,1.881,0.113
210100,5.000,0.379,1.893,0.113
210300,5.000,0.379,1.893,0.113
210500,5.000,0.377,1.889,0.113
210700,5.000,0.377,1.889,0.113
210900,5.000,0.378,1.889,0.113
211100,5.000,0.378,1.889,0.113
211300,5.000,0.378,1.889,0.113
211500,5.000,0.377,1.881,0.114
211700,5.000,0.377,1.889,0.114
211900,5.000,0.379,1.896,0.114
212100,5.000,0.379,1.896,0.114
212300,5.000,0.377,1.885,0.114
212500,5.000,0.376,1.881,0.114
212700,5.000,0.376,1.881,0.114
212900,5.000,0.378,1.893,0.114
213100,5.000,0.379,1.896,0.114
213300,5.000,0.377,1.885,0.115
213500,5.000,0.377,1.885,0.115
213700,5.000,0.378,1.893,0.115
213900,5.000,0.377,1.889,0.115
214100,5.000,0.377,1.885,0.115
214300,5.000,0.378,1.889,0.115
214500,5.000,0.378,1.889,0.115
214700,5.000,0.379,1.893,0.115
214900,5.000,0.377,1.885,0.115
215100,5.000,0.377,1.885,0.116
215300,5.000,0.377,1.885,0.116
215500,5.000,0.378,1.889,0.116
215700,5.000,0.378,1.893,0.116
215900,5.000,0.378,1.893,0.116
216100,5.000,0.377,1.885,0.116
216300,5.000,0.377,1.885,0.116
216500,5.000,0.379,1.896,0.116
216700,5.000,0.379,1.896,0.116
216900,5.000,0.377,1.889,0.116
217100,5.000,0.377,1.885,0.117
217300,5.000,0.378,1.889,0.117
217500,5.000,0.378,1.889,0.117
217700,5.000,0.376,1.881,0.117
217900,5.000,0.378,1.889,0.117
218100,5.000,0.378,1.893,0.117
218300,5.000,0.379,1.896,0.117
218500,5.000,0.379,1.896,0.117
218700,5.000,0.377,1.889,0.117
218900,5.000,0.377,1.885,0.118
219100,5.000,0.377,1.885,0.118
219300,5.000,0.379,1.896,0.118
219500,5.000,0.377,1.889,0.118
219700,5.000,0.377,1.885,0.118
219900,5.000,0.377,1.885,0.118
220100,5.000,0.378,1.889,0.118
220300,5.000,0.378,1.889,0.118
220500,5.000,0.378,1.889,0.118
220700,5.000,0.377,1.885,0.119
220900,5.000,0.377,1.889,0.119
221100,5.000,0.377,1.885,0.119
221300,5.000,0.376,1.881,0.119
221500,5.000,0.376,1.881,0.119
221700,5.000,0.377,1.889,0.119
221900,5.000,0.379,1.893,0.119
222100,5.000,0.377,1.889,0.119
222300,5.000,0.377,1.889,0.119
222500,5.000,0.376,1.881,0.119
222700,5.000,0.378,1.889,0.120
222900,5.000,0.378,1.889,0.120
223100,5.000,0.378,1.889,0.120
223300,5.000,0.377,1.885,0.120
223500,5.000,0.379,1.896,0.120
223700,5.000,0.379,1.896,0.120
223900,5.000,0.379,1.893,0.120
224100,5.000,0.376,1.881,0.120
224300,5.000,0.378,1.889,0.120
224500,5.000,0.378,1.889,0.121
224700,5.000,0.379,1.893,0.121
224900,5.000,0.377,1.885,0.121
225100,5.000,0.377,1.881,0.121
225300,5.000,0.378,1.889,0.121
225500,5.000,0.378,1.889,0.121
225700,5.000,0.379,1.896,0.121
225900,5.000,0.377,1.881,0.121
226100,5.000,0.377,1.881,0.121
226300,5.000,0.377,1.881,0.122
226500,5.000,0.378,1.893,0.122
226700,5.000,0.378,1.889,0.122
226900,5.000,0.378,1.889,0.122
227100,5.000,0.377,1.885,0.122
227300,5.000,0.379,1.896,0.122
227500,5.000,0.377,1.885,0.122
227700,5.000,0.377,1.885,0.122
227900,5.000,0.377,1.885,0.122
228100,5.000,0.378,1.893,0.123
228300,5.000,0.379,1.896,0.123
228500,5.000,0.377,1.885,0.123
228700,5.000,0.377,1.885,0.123
228900,5.000,0.377,1.881,0.123
229100,5.000,0.378,1.893,0.123
229300,5.000,0.377,1.889,0.123
229500,5.000,0.377,1.889,0.123
229700,5.000,0.377,1.889,0.123
229900,5.000,0.379,1.893,0.123
230100,5.000,0.379,1.893,0.124
230300,5.000,0.377,1.885,0.124
230500,5.000,0.377,1.885,0.124
230700,5.000,0.379,1.893,0.124
230900,5.000,0.379,1.893,0.124
231100,5.000,0.378,1.889,0.124
231300,5.000,0.377,1.885,0.124
231500,5.000,0.377,1.885,0.124
231700,5.000,0.377,1.889,0.124
231900,5.000,0.377,1.889,0.125
232100,5.000,0.386,1.931,0.125
232300,5.000,0.378,1.889,0.125
232500,5.000,0.378,1.889,0.125
232700,5.000,0.379,1.893,0.125
232900,5.000,0.377,1.885,0.125
233100,5.000,0.375,1.877,0.125
233300,5.000,0.375,1.877,0.125
233500,5.000,0.380,1.900,0.125
233700,5.000,0.378,1.893,0.126
233900,5.000,0.377,1.885,0.126
234100,5.000,0.377,1.885,0.126
234300,5.000,0.378,1.889,0.126
234500,5.000,0.377,1.889,0.126
234700,5.000,0.377,1.889,0.126
234900,5.000,0.376,1.881,0.126
235100,5.000,0.377,1.885,0.126
235300,5.000,0.379,1.896,0.126
235500,5.000,0.377,1.885,0.127
235700,5.000,0.377,1.885,0.127
235900,5.000,0.378,1.893,0.127
236100,5.000,0.377,1.885,0.127
236300,5.000,0.377,1.885,0.127
236500,5.000,0.377,1.885,0.127
236700,5.000,0.376,1.881,0.127
236900,5.000,0.400,2.000,0.127
237100,5.000,0.378,1.893,0.127
237300,5.000,0.378,1.893,0.127
237500,5.000,0.377,1.885,0.128
237700,5.000,0.377,1.885,0.128
237900,5.000,0.377,1.885,0.128
238100,5.000,0.378,1.893,0.128
238300,5.000,0.378,1.889,0.128
238500,5.000,0.378,1.889,0.128
238700,5.000,0.379,1.896,0.128
238900,5.000,0.379,1.896,0.128
239100,5.000,0.376,1.881,0.128
239300,5.000,0.377,1.885,0.129
239500,5.000,0.378,1.889,0.129
239700,5.000,0.378,1.889,0.129
239900,5.000,0.379,1.893,0.129
240100,5.000,0.377,1.885,0.129
240300,5.000,0.377,1.885,0.129
240500,5.000,0.377,1.885,0.129
240700,5.000,0.378,1.889,0.129
240900,5.000,0.377,1.881,0.129
241100,5.000,0.377,1.881,0.130
241300,5.000,0.377,1.889,0.130
241500,5.000,0.379,1.893,0.130
241700,5.000,0.376,1.885,0.130
241900,5.000,0.377,1.885,0.130
242100,5.000,0.377,1.885,0.130
242300,5.000,0.379,1.893,0.130
242500,5.000,0.378,1.889,0.130
242700,5.000,0.377,1.885,0.130
242900,5.000,0.377,1.885,0.131
243100,5.000,0.377,1.885,0.131
243300,5.000,0.381,1.904,0.131
243500,5.000,0.381,1.904,0.131
243700,5.000,0.377,1.885,0.131
243900,5.000,0.377,1.885,0.131
244100,5.000,0.379,1.896,0.131
244300,5.000,0.379,1.896,0.131
244500,5.000,0.377,1.881,0.131
244700,5.000,0.376,1.877,0.131
244900,5.000,0.378,1.889,0.132
245100,5.000,0.378,1.889,0.132
245300,5.000,0.379,1.896,0.132
245500,5.000,0.377,1.885,0.132
245700,5.000,0.377,1.889,0.132
245900,5.000,0.378,1.893,0.132
246100,5.000,0.378,1.893,0.132
246300,5.000,0.377,1.885,0.132
246500,5.000,0.377,1.885,0.132
246700,5.000,0.377,1.885,0.133
246900,5.000,0.378,1.889,0.133
247100,5.000,0.377,1.889,0.133
247300,5.000,0.376,1.881,0.133
247500,5.000,0.376,1.881,0.133
247700,5.000,0.378,1.889,0.133
247900,5.000,0.378,1.889,0.133
248100,5.000,0.376,1.877,0.133
248300,5.000,0.376,1.877,0.133
248500,5.000,0.377,1.885,0.134
248700,5.000,0.379,1.893,0.134
248900,5.000,0.378,1.889,0.134
249100,5.000,0.376,1.881,0.134
249300,5.000,0.376,1.881,0.134
249500,5.000,0.377,1.885,0.134
249700,5.000,0.377,1.885,0.134
249900,5.000,0.377,1.885,0.134
250100,5.000,0.377,1.885,0.134
250300,5.000,0.378,1.889,0.135
250500,5.000,0.378,1.893,0.135
250700,5.000,0.378,1.893,0.135
250900,5.000,0.376,1.881,0.135
251100,5.000,0.377,1.885,0.135
251300,5.000,0.379,1.896,0.135
251500,5.000,0.379,1.896,0.135
251700,5.000,0.376,1.881,0.135
251900,5.000,0.377,1.885,0.135
252100,5.000,0.377,1.885,0.135
252300,5.000,0.378,1.889,0.136
252500,5.000,0.378,1.889,0.136
252700,5.000,0.377,1.885,0.136
252900,5.000,0.377,1.885,0.136
253100,5.000,0.377,1.885,0.136
253300,5.000,0.379,1.893,0.136
253500,5.000,0.377,1.885,0.136
253700,5.000,0.377,1.889,0.136
253900,5.000,0.377,1.889,0.136
254100,5.000,0.378,1.893,0.137
254300,5.000,0.376,1.881,0.137
254500,5.000,0.376,1.881,0.137
254700,5.000,0.376,1.877,0.137
254900,5.000,0.378,1.889,0.137
255100,5.000,0.378,1.889,0.137
255300,5.000,0.378,1.889,0.137
255500,5.000,0.376,1.881,0.137
255700,5.000,0.377,1.885,0.137
255900,5.000,0.378,1.889,0.138
256100,5.000,0.377,1.885,0.138
256300,5.000,0.377,1.885,0.138
256500,5.000,0.377,1.881,0.138
256700,5.000,0.378,1.889,0.138
256900,5.000,0.377,1.885,0.138
257100,5.000,0.377,1.885,0.138
257300,5.000,0.376,1.881,0.138
257500,5.000,0.378,1.893,0.138
257700,5.000,0.378,1.893,0.138
257900,5.000,0.378,1.893,0.139
258100,5.000,0.376,1.881,0.139
258300,5.000,0.377,1.885,0.139
258500,5.000,0.377,1.885,0.139
258700,5.000,0.378,1.893,0.139
258900,5.000,0.377,1.885,0.139
259100,5.000,0.377,1.885,0.139
259300,5.000,0.377,1.885,0.139
259500,5.000,0.377,1.885,0.139
259700,5.000,0.378,1.889,0.140
259900,5.000,0.377,1.881,0.140
260100,5.000,0.377,1.885,0.140
260300,5.000,0.377,1.885,0.140
260500,5.000,0.377,1.885,0.140
260700,5.000,0.377,1.881,0.140
260900,5.000,0.377,1.881,0.140
261100,5.000,0.377,1.885,0.140
261300,5.000,0.379,1.893,0.140
261500,5.000,0.377,1.885,0.141
261700,5.000,0.377,1.885,0.141
261900,5.000,0.376,1.881,0.141
262100,5.000,0.377,1.889,0.141
262300,5.000,0.378,1.889,0.141
262500,5.000,0.378,1.889,0.141
262700,5.000,0.378,1.889,0.141
262900,5.000,0.377,1.885,0.141
263100,5.000,0.379,1.893,0.141
263300,5.000,0.379,1.885,0.142
263500,5.000,0.377,1.885,0.142
263700,5.000,0.377,1.885,0.142
263900,5.000,0.388,1.938,0.142
264100,5.000,0.388,1.938,0.142
264300,5.000,0.377,1.885,0.142
264500,5.000,0.377,1.885,0.142
264700,5.000,0.378,1.889,0.142
264900,5.000,0.378,1.889,0.142
265100,5.000,0.377,1.889,0.142
265300,5.000,0.376,1.881,0.143
265500,5.000,0.376,1.881,0.143
265700,5.000,0.377,1.885,0.143
265900,5.000,0.378,1.889,0.143
266100,5.000,0.377,1.889,0.143
266300,5.000,0.376,1.881,0.143
266500,5.000,0.376,1.881,0.143
266700,5.000,0.377,1.889,0.143
266900,5.000,0.377,1.889,0.143
267100,5.000,0.377,1.885,0.144
267300,5.000,0.377,1.885,0.144
267500,5.000,0.378,1.889,0.144
267700,5.000,0.377,1.889,0.144
267900,5.000,0.376,1.881,0.144
268100,5.000,0.376,1.881,0.144
268300,5.000,0.378,1.893,0.144
268500,5.000,0.378,1.893,0.144
268700,5.000,0.378,1.893,0.144
268900,5.000,0.377,1.885,0.145
269100,5.000,0.376,1.881,0.145
269300,5.000,0.377,1.889,0.145
269500,5.000,0.377,1.889,0.145
269700,5.000,0.379,1.893,0.145
269900,5.000,0.385,1.923,0.145
270100,5.000,0.377,1.885,0.145
270300,5.000,0.378,1.893,0.145
270500,5.000,0.378,1.893,0.145
270700,5.000,0.377,1.885,0.146
270900,5.000,0.377,1.885,0.146
271100,5.000,0.379,1.896,0.146
271300,5.000,0.379,1.896,0.146
271500,5.000,0.377,1.889,0.146
271700,5.000,0.376,1.881,0.146
271900,5.000,0.376,1.881,0.146
272100,5.000,0.377,1.885,0.146
272300,5.000,0.377,1.889,0.146
272500,5.000,0.377,1.885,0.146
272700,5.000,0.377,1.885,0.147
272900,5.000,0.378,1.889,0.147
273100,5.000,0.379,1.893,0.147
273300,5.000,0.377,1.885,0.147
273500,5.000,0.377,1.885,0.147
273700,5.000,0.377,1.885,0.147
273900,5.000,0.379,1.896,0.147
274100,5.000,0.377,1.885,0.147
274300,5.000,0.377,1.881,0.147
274500,5.000,0.377,1.881,0.148
274700,5.000,0.386,1.931,0.148
274900,5.000,0.377,1.885,0.148
275100,5.000,0.377,1.885,0.148
275300,5.000,0.376,1.881,0.148
275500,5.000,0.377,1.889,0.148
275700,5.000,0.377,1.889,0.148
275900,5.000,0.377,1.889,0.148
276100,5.000,0.376,1.881,0.148
276300,5.000,0.377,1.885,0.149
276500,5.000,0.377,1.885,0.149
276700,5.000,0.378,1.889,0.149
276900,5.000,0.376,1.881,0.149
277100,5.000,0.377,1.885,0.149
277300,5.000,0.379,1.893,0.149
277500,5.000,0.379,1.893,0.149
277700,5.000,0.377,1.885,0.149
277900,5.000,0.376,1.877,0.149
278100,5.000,0.378,1.889,0.150
278300,5.000,0.378,1.889,0.150
278500,5.000,0.377,1.885,0.150
278700,5.000,0.377,1.885,0.150
278900,5.000,0.378,1.889,0.150
279100,5.000,0.378,1.889,0.150
279300,5.000,0.378,1.889,0.150
279500,5.000,0.376,1.877,0.150
279700,5.000,0.376,1.877,0.150
279900,5.000,0.376,1.885,0.150
280100,5.000,0.378,1.889,0.151
280300,5.000,0.377,1.885,0.151
280500,5.000,0.377,1.885,0.151
280700,5.000,0.377,1.885,0.151
280900,5.000,0.379,1.893,0.151
281100,5.000,0.377,1.885,0.151
281300,5.000,0.375,1.877,0.151
281500,5.000,0.375,1.877,0.151
281700,5.000,0.378,1.889,0.151
281900,5.000,0.378,1.889,0.152
282100,5.000,0.377,1.885,0.152
282300,5.000,0.377,1.885,0.152
282500,5.000,0.377,1.889,0.152
282700,5.000,0.377,1.889,0.152
282900,5.000,0.377,1.889,0.152
283100,5.000,0.378,1.889,0.152
283300,5.000,0.377,1.885,0.152
283500,5.000,0.378,1.893,0.152
283700,5.000,0.378,1.893,0.153
283900,5.000,0.377,1.885,0.153
284100,5.000,0.377,1.889,0.153
284300,5.000,0.378,1.889,0.153
284500,5.000,0.377,1.885,0.153
284700,5.000,0.377,1.885,0.153
284900,5.000,0.376,1.877,0.153
285100,5.000,0.377,1.889,0.153
285300,5.000,0.378,1.893,0.153
285500,5.000,0.378,1.893,0.153
285700,5.000,0.377,1.885,0.154
285900,5.000,0.378,1.889,0.154
286100,5.000,0.378,1.889,0.154
286300,5.000,0.377,1.885,0.154
