300,5.000,0.582,2.904,0.000
500,5.000,0.563,2.809,0.000
700,5.000,0.585,2.923,0.000
900,5.000,0.585,2.923,0.000
1100,5.000,0.602,3.003,0.000
1300,5.000,0.600,2.996,0.000
1500,5.000,0.593,2.965,0.001
1700,5.000,0.593,2.965,0.001
1900,5.000,0.597,2.977,0.001
2100,5.000,0.595,2.973,0.001
2300,5.000,0.595,2.973,0.001
2500,5.000,0.579,2.893,0.001
2700,5.000,0.596,2.977,0.002
2900,5.000,0.591,2.954,0.002
3100,5.000,0.582,2.908,0.002
3300,5.000,0.582,2.908,0.002
3500,5.000,0.591,2.950,0.002
3700,5.000,0.579,2.893,0.002
3900,5.000,0.576,2.874,0.003
4100,5.000,0.576,2.874,0.003
4300,5.000,0.588,2.935,0.003
4500,5.000,0.571,2.851,0.003
4700,5.000,0.579,2.893,0.003
4900,5.000,0.579,2.893,0.003
5100,5.000,0.579,2.893,0.004
5300,5.000,0.565,2.820,0.004
5500,5.000,0.565,2.820,0.004
5700,5.000,0.569,2.843,0.004
5900,5.000,0.573,2.862,0.004
6100,5.000,0.566,2.824,0.004
6300,5.000,0.566,2.824,0.005
6500,5.000,0.576,2.874,0.005
6700,5.000,0.576,2.874,0.005
6900,5.000,0.568,2.835,0.005
7100,5.000,0.570,2.847,0.005
7300,5.000,0.570,2.847,0.005
7500,5.000,0.573,2.862,0.006
7700,5.000,0.564,2.816,0.006
7900,5.000,0.579,2.893,0.006
8100,5.000,0.579,2.893,0.006
8300,5.000,0.570,2.847,0.006
8500,5.000,0.568,2.835,0.006
8700,5.000,0.568,2.835,0.006
8900,5.000,0.578,2.885,0.007
9100,5.000,0.571,2.851,0.007
9300,5.000,0.565,2.824,0.007
9500,5.000,0.565,2.824,0.007
9700,5.000,0.575,2.874,0.007
9900,5.000,0.573,2.862,0.007
10100,5.000,0.568,2.835,0.008
10300,5.000,0.581,2.900,0.008
10500,5.000,0.581,2.900,0.008
10700,5.000,0.573,2.858,0.008
10900,5.000,0.564,2.820,0.008
11100,5.000,0.578,2.889,0.008
11300,5.000,0.578,2.889,0.009
11500,5.000,0.572,2.855,0.009
11700,5.000,0.566,2.824,0.009
11900,5.000,0.566,2.824,0.009
12100,5.000,0.581,2.900,0.009
12300,5.000,0.564,2.816,0.009
12500,5.000,0.567,2.832,0.010
12700,5.000,0.567,2.832,0.010
12900,5.000,0.579,2.893,0.010
13100,5.000,0.572,2.855,0.010
13300,5.000,0.572,2.855,0.010
13500,5.000,0.567,2.835,0.010
13700,5.000,0.579,2.889,0.011
13900,5.000,0.566,2.828,0.011
14100,5.000,0.565,2.820,0.011
14300,5.000,0.565,2.820,0.011
14500,5.000,0.580,2.900,0.011
14700,5.000,0.564,2.816,0.011
14900,5.000,0.571,2.851,0.012
15100,5.000,0.571,2.851,0.012
15300,5.000,0.577,2.881,0.012
15500,5.000,0.567,2.832,0.012
15700,5.000,0.569,2.839,0.012
15900,5.000,0.569,2.839,0.012
16100,5.000,0.579,2.893,0.013
16300,5.000,0.565,2.824,0.013
16500,5.000,0.565,2.824,0.013
16700,5.000,0.567,2.832,0.013
16900,5.000,0.581,2.900,0.013
17100,5.000,0.568,2.835,0.013
17300,5.000,0.570,2.851,0.014
17500,5.000,0.570,2.851,0.014
17700,5.000,0.579,2.893,0.014
17900,5.000,0.567,2.832,0.014
18100,5.000,0.572,2.855,0.014
18300,5.000,0.572,2.855,0.014
18500,5.000,0.580,2.897,0.015
18700,5.000,0.566,2.824,0.015
18900,5.000,0.573,2.862,0.015
19100,5.000,0.573,2.862,0.015
19300,5.000,0.572,2.855,0.015
19500,5.000,0.565,2.824,0.015
19700,5.000,0.565,2.824,0.015
19900,5.000,0.569,2.843,0.016
20100,5.000,0.579,2.893,0.016
20300,5.000,0.568,2.835,0.016
20500,5.000,0.568,2.835,0.016
20700,5.000,0.574,2.866,0.016
20900,5.000,0.575,2.874,0.016
21100,5.000,0.564,2.816,0.017
21300,5.000,0.574,2.866,0.017
21500,5.000,0.574,2.866,0.017
21700,5.000,0.571,2.847,0.017
21900,5.000,0.567,2.828,0.017
22100,5.000,0.577,2.885,0.017
22300,5.000,0.577,2.885,0.018
22500,5.000,0.574,2.866,0.018
22700,5.000,0.565,2.820,0.018
22900,5.000,0.565,2.820,0.018
23100,5.000,0.581,2.900,0.018
23300,5.000,0.565,2.820,0.018
23500,5.000,0.565,2.824,0.019
23700,5.000,0.565,2.824,0.019
23900,5.000,0.580,2.897,0.019
24100,5.000,0.571,2.851,0.019
24300,5.000,0.566,2.828,0.019
24500,5.000,0.577,2.877,0.019
24700,5.000,0.577,2.877,0.020
24900,5.000,0.568,2.835,0.020
25100,5.000,0.566,2.824,0.020
25300,5.000,0.566,2.824,0.020
25500,5.000,0.585,2.923,0.020
25700,5.000,0.566,2.824,0.020
25900,5.000,0.566,2.824,0.021
26100,5.000,0.566,2.824,0.021
26300,5.000,0.579,2.893,0.021
26500,5.000,0.568,2.835,0.021
26700,5.000,0.565,2.824,0.021
26900,5.000,0.565,2.824,0.021
27100,5.000,0.582,2.904,0.021
27300,5.000,0.569,2.839,0.022
27500,5.000,0.569,2.839,0.022
27700,5.000,0.583,2.912,0.022
27900,5.000,0.583,2.912,0.022
28100,5.000,0.564,2.816,0.022
28300,5.000,0.564,2.816,0.023
28500,5.000,0.564,2.816,0.023
28700,5.000,0.579,2.889,0.023
28900,5.000,0.567,2.828,0.023
29100,5.000,0.570,2.843,0.023
29300,5.000,0.570,2.843,0.023
29500,5.000,0.576,2.877,0.023
29700,5.000,0.565,2.820,0.024
29900,5.000,0.571,2.851,0.024
30100,5.000,0.571,2.851,0.024
30300,5.000,0.574,2.866,0.024
30500,5.000,0.565,2.824,0.024
30700,5.000,0.565,2.824,0.024
30900,5.000,0.569,2.839,0.025
31100,5.000,0.578,2.889,0.025
31300,5.000,0.565,2.824,0.025
31500,5.000,0.568,2.839,0.025
31700,5.000,0.568,2.839,0.025
31900,5.000,0.576,2.877,0.025
32100,5.000,0.566,2.832,0.026
32300,5.000,0.577,2.881,0.026
32500,5.000,0.577,2.881,0.026
32700,5.000,0.574,2.870,0.026
32900,5.000,0.567,2.832,0.026
33100,5.000,0.571,2.855,0.026
33300,5.000,0.571,2.855,0.027
33500,5.000,0.574,2.866,0.027
33700,5.000,0.565,2.820,0.027
33900,5.000,0.565,2.820,0.027
34100,5.000,0.575,2.874,0.027
34300,5.000,0.578,2.885,0.027
34500,5.000,0.568,2.835,0.028
34700,5.000,0.574,2.866,0.028
34900,5.000,0.574,2.866,0.028
35100,5.000,0.574,2.866,0.028
35300,5.000,0.565,2.824,0.028
35500,5.000,0.575,2.870,0.028
35700,5.000,0.575,2.870,0.029
35900,5.000,0.573,2.862,0.029
36100,5.000,0.567,2.832,0.029
36300,5.000,0.567,2.832,0.029
36500,5.000,0.575,2.870,0.029
36700,5.000,0.571,2.851,0.029
36900,5.000,0.565,2.824,0.029
37100,5.000,0.565,2.824,0.030
37300,5.000,0.574,2.870,0.030
37500,5.000,0.571,2.851,0.030
37700,5.000,0.566,2.828,0.030
37900,5.000,0.566,2.828,0.030
38100,5.000,0.577,2.881,0.031
38300,5.000,0.569,2.839,0.031
38500,5.000,0.566,2.828,0.031
38700,5.000,0.578,2.885,0.031
38900,5.000,0.578,2.885,0.031
39100,5.000,0.571,2.855,0.031
39300,5.000,0.568,2.835,0.031
39500,5.000,0.568,2.835,0.032
39700,5.000,0.583,2.912,0.032
39900,5.000,0.567,2.828,0.032
40100,5.000,0.565,2.820,0.032
40300,5.000,0.565,2.820,0.032
40500,5.000,0.583,2.912,0.032
40700,5.000,0.567,2.832,0.033
40900,5.000,0.567,2.832,0.033
41100,5.000,0.567,2.832,0.033
41300,5.000,0.584,2.916,0.033
41500,5.000,0.567,2.832,0.033
41700,5.000,0.568,2.839,0.033
41900,5.000,0.582,2.908,0.034
42100,5.000,0.582,2.908,0.034
42300,5.000,0.565,2.820,0.034
42500,5.000,0.567,2.832,0.034
42700,5.000,0.567,2.832,0.034
42900,5.000,0.580,2.897,0.034
43100,5.000,0.566,2.828,0.035
43300,5.000,0.572,2.855,0.035
43500,5.000,0.572,2.855,0.035
43700,5.000,0.575,2.874,0.035
43900,5.000,0.566,2.828,0.035
44100,5.000,0.566,2.828,0.035
44300,5.000,0.564,2.816,0.036
44500,5.000,0.580,2.897,0.036
44700,5.000,0.564,2.816,0.036
44900,5.000,0.564,2.816,0.036
45100,5.000,0.570,2.851,0.036
45300,5.000,0.578,2.889,0.036
45500,5.000,0.566,2.828,0.037
45700,5.000,0.565,2.824,0.037
45900,5.000,0.565,2.824,0.037
46100,5.000,0.579,2.889,0.037
46300,5.000,0.565,2.824,0.037
46500,5.000,0.575,2.874,0.037
46700,5.000,0.575,2.874,0.037
46900,5.000,0.576,2.877,0.038
47100,5.000,0.564,2.816,0.038
47300,5.000,0.564,2.816,0.038
47500,5.000,0.577,2.885,0.038
47700,5.000,0.568,2.835,0.038
47900,5.000,0.568,2.835,0.038
48100,5.000,0.568,2.835,0.039
48300,5.000,0.575,2.870,0.039
48500,5.000,0.577,2.881,0.039
48700,5.000,0.566,2.828,0.039
48900,5.000,0.572,2.858,0.039
49100,5.000,0.572,2.858,0.039
49300,5.000,0.573,2.862,0.040
49500,5.000,0.565,2.824,0.040
49700,5.000,0.579,2.889,0.040
49900,5.000,0.579,2.889,0.040
50100,5.000,0.571,2.851,0.040
50300,5.000,0.566,2.828,0.040
50500,5.000,0.566,2.828,0.041
50700,5.000,0.575,2.874,0.041
50900,5.000,0.568,2.839,0.041
51100,5.000,0.564,2.816,0.041
51300,5.000,0.564,2.816,0.041
51500,5.000,0.577,2.881,0.041
51700,5.000,0.567,2.832,0.042
51900,5.000,0.568,2.839,0.042
52100,5.000,0.575,2.870,0.042
52300,5.000,0.575,2.870,0.042
52500,5.000,0.569,2.843,0.042
52700,5.000,0.562,2.805,0.042
52900,5.000,0.580,2.897,0.043
53100,5.000,0.580,2.897,0.043
53300,5.000,0.570,2.843,0.043
53500,5.000,0.567,2.828,0.043
53700,5.000,0.567,2.828,0.043
53900,5.000,0.580,2.897,0.043
54100,5.000,0.565,2.820,0.044
54300,5.000,0.570,2.847,0.044
54500,5.000,0.570,2.847,0.044
54700,5.000,0.573,2.862,0.044
54900,5.000,0.573,2.862,0.044
55100,5.000,0.573,2.862,0.044
55300,5.000,0.567,2.832,0.044
55500,5.000,0.585,2.919,0.045
55700,5.000,0.567,2.832,0.045
55900,5.000,0.565,2.824,0.045
56100,5.000,0.565,2.824,0.045
56300,5.000,0.580,2.897,0.045
56500,5.000,0.570,2.847,0.045
56700,5.000,0.570,2.843,0.046
56900,5.000,0.570,2.843,0.046
57100,5.000,0.579,2.889,0.046
57300,5.000,0.566,2.828,0.046
57500,5.000,0.565,2.820,0.046
57700,5.000,0.565,2.820,0.046
57900,5.000,0.580,2.893,0.047
58100,5.000,0.565,2.824,0.047
58300,5.000,0.565,2.824,0.047
58500,5.000,0.569,2.843,0.047
58700,5.000,0.580,2.897,0.047
58900,5.000,0.568,2.835,0.047
59100,5.000,0.570,2.847,0.048
59300,5.000,0.570,2.847,0.048
59500,5.000,0.578,2.889,0.048
59700,5.000,0.563,2.809,0.048
59900,5.000,0.572,2.855,0.048
60100,5.000,0.572,2.855,0.048
60300,5.000,0.577,2.885,0.049
60500,5.000,0.566,2.828,0.049
60700,5.000,0.573,2.862,0.049
60900,5.000,0.573,2.862,0.049
61100,5.000,0.571,2.851,0.049
61300,5.000,0.566,2.828,0.049
61500,5.000,0.566,2.828,0.050
61700,5.000,0.572,2.855,0.050
61900,5.000,0.579,2.889,0.050
62100,5.000,0.567,2.832,0.050
62300,5.000,0.567,2.832,0.050
62500,5.000,0.575,2.874,0.050
62700,5.000,0.576,2.877,0.051
62900,5.000,0.567,2.828,0.051
63100,5.000,0.572,2.858,0.051
63300,5.000,0.572,2.858,0.051
63500,5.000,0.573,2.862,0.051
63700,5.000,0.567,2.832,0.051
63900,5.000,0.579,2.893,0.052
64100,5.000,0.579,2.893,0.052
64300,5.000,0.568,2.839,0.052
64500,5.000,0.564,2.816,0.052
64700,5.000,0.564,2.816,0.052
64900,5.000,0.581,2.900,0.052
65100,5.000,0.566,2.828,0.052
65300,5.000,0.565,2.824,0.053
65500,5.000,0.565,2.824,0.053
65700,5.000,0.579,2.893,0.053
65900,5.000,0.570,2.847,0.053
66100,5.000,0.562,2.809,0.053
66300,5.000,0.577,2.881,0.054
66500,5.000,0.577,2.881,0.054
66700,5.000,0.565,2.824,0.054
66900,5.000,0.566,2.828,0.054
67100,5.000,0.566,2.828,0.054
67300,5.000,0.583,2.912,0.054
67500,5.000,0.568,2.835,0.054
67700,5.000,0.567,2.832,0.055
67900,5.000,0.567,2.832,0.055
68100,5.000,0.579,2.893,0.055
68300,5.000,0.569,2.839,0.055
68500,5.000,0.567,2.832,0.055
68700,5.000,0.567,2.832,0.055
68900,5.000,0.581,2.900,0.056
69100,5.000,0.571,2.851,0.056
69300,5.000,0.571,2.851,0.056
69500,5.000,0.580,2.897,0.056
69700,5.000,0.580,2.897,0.056
69900,5.000,0.568,2.839,0.056
70100,5.000,0.565,2.824,0.057
70300,5.000,0.565,2.824,0.057
70500,5.000,0.580,2.897,0.057
70700,5.000,0.568,2.835,0.057
70900,5.000,0.569,2.843,0.057
71100,5.000,0.569,2.843,0.057
71300,5.000,0.581,2.904,0.058
71500,5.000,0.569,2.839,0.058
71700,5.000,0.572,2.858,0.058
71900,5.000,0.572,2.858,0.058
72100,5.000,0.573,2.862,0.058
72300,5.000,0.568,2.839,0.058
72500,5.000,0.568,2.839,0.059
72700,5.000,0.570,2.847,0.059
72900,5.000,0.579,2.893,0.059
73100,5.000,0.563,2.809,0.059
73300,5.000,0.569,2.839,0.059
73500,5.000,0.569,2.839,0.059
73700,5.000,0.574,2.866,0.060
73900,5.000,0.565,2.824,0.060
74100,5.000,0.575,2.874,0.060
74300,5.000,0.575,2.874,0.060
74500,5.000,0.577,2.881,0.060
74700,5.000,0.567,2.832,0.060
74900,5.000,0.574,2.862,0.060
75100,5.000,0.574,2.862,0.061
75300,5.000,0.574,2.866,0.061
75500,5.000,0.565,2.824,0.061
75700,5.000,0.565,2.824,0.061
75900,5.000,0.574,2.866,0.061
76100,5.000,0.577,2.881,0.061
76300,5.000,0.569,2.839,0.062
76500,5.000,0.572,2.858,0.062
76700,5.000,0.572,2.858,0.062
76900,5.000,0.575,2.874,0.062
77100,5.000,0.565,2.820,0.062
77300,5.000,0.575,2.874,0.062
77500,5.000,0.575,2.874,0.063
77700,5.000,0.573,2.862,0.063
77900,5.000,0.567,2.832,0.063
78100,5.000,0.567,2.832,0.063
78300,5.000,0.576,2.877,0.063
78500,5.000,0.569,2.843,0.063
78700,5.000,0.567,2.832,0.064
78900,5.000,0.567,2.832,0.064
79100,5.000,0.573,2.866,0.064
79300,5.000,0.574,2.866,0.064
79500,5.000,0.565,2.820,0.064
79700,5.000,0.565,2.820,0.064
79900,5.000,0.580,2.897,0.065
80100,5.000,0.565,2.824,0.065
80300,5.000,0.567,2.832,0.065
80500,5.000,0.575,2.874,0.065
80700,5.000,0.575,2.874,0.065
80900,5.000,0.567,2.832,0.065
81100,5.000,0.569,2.839,0.066
81300,5.000,0.569,2.839,0.066
81500,5.000,0.583,2.908,0.066
81700,5.000,0.567,2.832,0.066
81900,5.000,0.565,2.820,0.066
82100,5.000,0.565,2.820,0.066
82300,5.000,0.582,2.908,0.067
82500,5.000,0.568,2.835,0.067
82700,5.000,0.567,2.832,0.067
82900,5.000,0.567,2.832,0.067
83100,5.000,0.583,2.912,0.067
83300,5.000,0.567,2.832,0.067
83500,5.000,0.565,2.824,0.068
83700,5.000,0.583,2.908,0.068
83900,5.000,0.583,2.908,0.068
84100,5.000,0.565,2.824,0.068
84300,5.000,0.567,2.832,0.068
84500,5.000,0.567,2.832,0.068
84700,5.000,0.581,2.900,0.068
84900,5.000,0.568,2.835,0.069
85100,5.000,0.568,2.835,0.069
85300,5.000,0.568,2.835,0.069
85500,5.000,0.575,2.874,0.069
85700,5.000,0.566,2.828,0.069
85900,5.000,0.568,2.839,0.069
86100,5.000,0.568,2.839,0.070
86300,5.000,0.583,2.912,0.070
86500,5.000,0.567,2.832,0.070
86700,5.000,0.567,2.832,0.070
86900,5.000,0.571,2.851,0.070
87100,5.000,0.578,2.889,0.070
87300,5.000,0.568,2.835,0.071
87500,5.000,0.567,2.832,0.071
87700,5.000,0.567,2.832,0.071
87900,5.000,0.576,2.877,0.071
88100,5.000,0.567,2.832,0.071
88300,5.000,0.574,2.870,0.071
88500,5.000,0.574,2.870,0.072
88700,5.000,0.574,2.870,0.072
88900,5.000,0.564,2.816,0.072
89100,5.000,0.564,2.816,0.072
89300,5.000,0.581,2.900,0.072
89500,5.000,0.573,2.858,0.072
89700,5.000,0.566,2.824,0.073
89900,5.000,0.566,2.824,0.073
90100,5.000,0.573,2.862,0.073
90300,5.000,0.576,2.877,0.073
90500,5.000,0.565,2.824,0.073
90700,5.000,0.573,2.862,0.073
90900,5.000,0.573,2.862,0.074
91100,5.000,0.573,2.862,0.074
91300,5.000,0.567,2.832,0.074
91500,5.000,0.580,2.893,0.074
91700,5.000,0.580,2.893,0.074
91900,5.000,0.571,2.851,0.074
92100,5.000,0.565,2.824,0.075
92300,5.000,0.565,2.824,0.075
92500,5.000,0.577,2.881,0.075
92700,5.000,0.568,2.839,0.075
92900,5.000,0.567,2.832,0.075
93100,5.000,0.567,2.832,0.075
93300,5.000,0.579,2.889,0.075
93500,5.000,0.573,2.862,0.076
93700,5.000,0.568,2.839,0.076
93900,5.000,0.568,2.839,0.076
94100,5.000,0.577,2.881,0.076
94300,5.000,0.571,2.855,0.076
94500,5.000,0.563,2.809,0.076
94700,5.000,0.579,2.893,0.077
94900,5.000,0.579,2.893,0.077
95100,5.000,0.568,2.835,0.077
95300,5.000,0.567,2.835,0.077
95500,5.000,0.567,2.835,0.077
95700,5.000,0.579,2.893,0.077
95900,5.000,0.565,2.824,0.078
96100,5.000,0.572,2.858,0.078
96300,5.000,0.572,2.858,0.078
96500,5.000,0.581,2.904,0.078
96700,5.000,0.566,2.828,0.078
96900,5.000,0.566,2.828,0.078
97100,5.000,0.566,2.828,0.079
97300,5.000,0.580,2.897,0.079
97500,5.000,0.564,2.816,0.079
97700,5.000,0.562,2.809,0.079
97900,5.000,0.562,2.809,0.079
98100,5.000,0.578,2.889,0.079
98300,5.000,0.569,2.843,0.080
98500,5.000,0.569,2.843,0.080
98700,5.000,0.569,2.843,0.080
98900,5.000,0.580,2.897,0.080
99100,5.000,0.566,2.828,0.080
99300,5.000,0.568,2.839,0.080
99500,5.000,0.568,2.839,0.081
99700,5.000,0.578,2.885,0.081
99900,5.000,0.567,2.832,0.081
100100,5.000,0.567,2.832,0.081
100300,5.000,0.571,2.851,0.081
100500,5.000,0.582,2.904,0.081
100700,5.000,0.566,2.828,0.081
100900,5.000,0.566,2.828,0.082
101100,5.000,0.570,2.847,0.082
101300,5.000,0.578,2.885,0.082
101500,5.000,0.564,2.816,0.082
101700,5.000,0.573,2.862,0.082
101900,5.000,0.573,2.862,0.083
102100,5.000,0.578,2.889,0.083
102300,5.000,0.568,2.835,0.083
102500,5.000,0.575,2.870,0.083
102700,5.000,0.575,2.870,0.083
102900,5.000,0.574,2.866,0.083
103100,5.000,0.566,2.824,0.083
103300,5.000,0.566,2.824,0.084
103500,5.000,0.579,2.893,0.084
103700,5.000,0.572,2.858,0.084
103900,5.000,0.569,2.843,0.084
104100,5.000,0.569,2.843,0.084
104300,5.000,0.575,2.870,0.084
104500,5.000,0.572,2.855,0.085
104700,5.000,0.564,2.816,0.085
104900,5.000,0.571,2.851,0.085
105100,5.000,0.571,2.851,0.085
105300,5.000,0.573,2.858,0.085
105500,5.000,0.567,2.835,0.085
105700,5.000,0.579,2.893,0.086
105900,5.000,0.579,2.893,0.086
106100,5.000,0.568,2.835,0.086
106300,5.000,0.565,2.824,0.086
106500,5.000,0.565,2.824,0.086
106700,5.000,0.581,2.904,0.086
106900,5.000,0.568,2.835,0.087
107100,5.000,0.566,2.828,0.087
107300,5.000,0.566,2.828,0.087
107500,5.000,0.582,2.908,0.087
107700,5.000,0.570,2.843,0.087
107900,5.000,0.565,2.824,0.087
108100,5.000,0.577,2.881,0.088
108300,5.000,0.577,2.881,0.088
108500,5.000,0.568,2.839,0.088
108700,5.000,0.567,2.832,0.088
108900,5.000,0.567,2.832,0.088
109100,5.000,0.584,2.919,0.088
109300,5.000,0.567,2.832,0.089
109500,5.000,0.564,2.816,0.089
109700,5.000,0.564,2.816,0.089
109900,5.000,0.582,2.904,0.089
110100,5.000,0.565,2.820,0.089
110300,5.000,0.573,2.862,0.089
110500,5.000,0.573,2.862,0.090
110700,5.000,0.575,2.870,0.090
110900,5.000,0.569,2.839,0.090
111100,5.000,0.569,2.839,0.090
111300,5.000,0.566,2.828,0.090
111500,5.000,0.579,2.893,0.090
111700,5.000,0.564,2.813,0.091
111900,5.000,0.564,2.820,0.091
112100,5.000,0.564,2.820,0.091
112300,5.000,0.582,2.904,0.091
112500,5.000,0.565,2.820,0.091
112700,5.000,0.572,2.858,0.091
112900,5.000,0.572,2.858,0.091
113100,5.000,0.576,2.874,0.092
113300,5.000,0.567,2.832,0.092
113500,5.000,0.572,2.858,0.092
113700,5.000,0.572,2.858,0.092
113900,5.000,0.578,2.885,0.092
114100,5.000,0.566,2.828,0.092
114300,5.000,0.566,2.828,0.093
114500,5.000,0.570,2.847,0.093
114700,5.000,0.587,2.927,0.093
114900,5.000,0.567,2.832,0.093
115100,5.000,0.569,2.843,0.093
115300,5.000,0.569,2.843,0.093
115500,5.000,0.578,2.885,0.094
115700,5.000,0.568,2.839,0.094
115900,5.000,0.573,2.862,0.094
116100,5.000,0.573,2.862,0.094
116300,5.000,0.578,2.885,0.094
116500,5.000,0.565,2.824,0.094
116700,5.000,0.576,2.877,0.095
116900,5.000,0.576,2.877,0.095
117100,5.000,0.575,2.870,0.095
117300,5.000,0.568,2.835,0.095
117500,5.000,0.568,2.835,0.095
117700,5.000,0.574,2.866,0.095
117900,5.000,0.578,2.885,0.096
118100,5.000,0.565,2.824,0.096
118300,5.000,0.565,2.824,0.096
118500,5.000,0.573,2.862,0.096
118700,5.000,0.571,2.851,0.096
118900,5.000,0.564,2.820,0.096
119100,5.000,0.578,2.889,0.097
119300,5.000,0.578,2.889,0.097
119500,5.000,0.570,2.847,0.097
119700,5.000,0.569,2.843,0.097
119900,5.000,0.569,2.843,0.097
120100,5.000,0.573,2.862,0.097
120300,5.000,0.571,2.851,0.098
120500,5.000,0.565,2.820,0.098
120700,5.000,0.565,2.820,0.098
120900,5.000,0.583,2.912,0.098
121100,5.000,0.567,2.832,0.098
121300,5.000,0.568,2.839,0.098
121500,5.000,0.568,2.839,0.098
121700,5.000,0.579,2.893,0.099
121900,5.000,0.569,2.843,0.099
122100,5.000,0.565,2.824,0.099
122300,5.000,0.577,2.881,0.099
122500,5.000,0.577,2.881,0.099
122700,5.000,0.569,2.839,0.099
122900,5.000,0.568,2.835,0.100
123100,5.000,0.568,2.835,0.100
123300,5.000,0.585,2.923,0.100
123500,5.000,0.567,2.832,0.100
123700,5.000,0.568,2.835,0.100
123900,5.000,0.568,2.835,0.100
124100,5.000,0.581,2.900,0.101
124300,5.000,0.568,2.835,0.101
124500,5.000,0.567,2.832,0.101
124700,5.000,0.567,2.832,0.101
124900,5.000,0.582,2.908,0.101
125100,5.000,0.563,2.813,0.101
125300,5.000,0.563,2.813,0.102
125500,5.000,0.580,2.893,0.102
125700,5.000,0.580,2.893,0.102
125900,5.000,0.565,2.824,0.102
126100,5.000,0.569,2.843,0.102
126300,5.000,0.569,2.843,0.102
126500,5.000,0.579,2.893,0.103
126700,5.000,0.568,2.835,0.103
126900,5.000,0.566,2.824,0.103
127100,5.000,0.566,2.824,0.103
127300,5.000,0.579,2.893,0.103
127500,5.000,0.566,2.828,0.103
127700,5.000,0.574,2.866,0.104
127900,5.000,0.574,2.866,0.104
128100,5.000,0.576,2.874,0.104
128300,5.000,0.569,2.839,0.104
128500,5.000,0.569,2.839,0.104
128700,5.000,0.572,2.855,0.104
128900,5.000,0.578,2.889,0.104
129100,5.000,0.567,2.835,0.105
129300,5.000,0.570,2.843,0.105
129500,5.000,0.570,2.843,0.105
129700,5.000,0.588,2.935,0.105
129900,5.000,0.567,2.828,0.105
130100,5.000,0.577,2.881,0.106
130300,5.000,0.577,2.881,0.106
130500,5.000,0.573,2.862,0.106
130700,5.000,0.567,2.828,0.106
130900,5.000,0.567,2.828,0.106
131100,5.000,0.581,2.900,0.106
131300,5.000,0.573,2.862,0.106
131500,5.000,0.567,2.832,0.107
131700,5.000,0.567,2.832,0.107
131900,5.000,0.573,2.862,0.107
132100,5.000,0.574,2.870,0.107
132300,5.000,0.566,2.828,0.107
132500,5.000,0.577,2.881,0.108
132700,5.000,0.577,2.881,0.108
132900,5.000,0.568,2.839,0.108
133100,5.000,0.568,2.835,0.108
133300,5.000,0.578,2.885,0.108
133500,5.000,0.578,2.885,0.108
133700,5.000,0.571,2.851,0.108
133900,5.000,0.563,2.809,0.109
134100,5.000,0.563,2.809,0.109
134300,5.000,0.581,2.900,0.109
134500,5.000,0.569,2.839,0.109
134700,5.000,0.567,2.832,0.109
134900,5.000,0.567,2.832,0.109
135100,5.000,0.577,2.881,0.110
135300,5.000,0.570,2.847,0.110
135500,5.000,0.567,2.832,0.110
135700,5.000,0.567,2.832,0.110
135900,5.000,0.579,2.889,0.110
136100,5.000,0.571,2.851,0.110
136300,5.000,0.565,2.824,0.111
136500,5.000,0.582,2.908,0.111
136700,5.000,0.582,2.908,0.111
136900,5.000,0.568,2.835,0.111
137100,5.000,0.569,2.839,0.111
137300,5.000,0.569,2.839,0.111
137500,5.000,0.580,2.897,0.112
137700,5.000,0.565,2.824,0.112
137900,5.000,0.572,2.858,0.112
138100,5.000,0.572,2.858,0.112
138300,5.000,0.583,2.912,0.112
138500,5.000,0.566,2.828,0.112
138700,5.000,0.567,2.835,0.113
138900,5.000,0.567,2.835,0.113
139100,5.000,0.582,2.908,0.113
139300,5.000,0.567,2.828,0.113
139500,5.000,0.568,2.835,0.113
139700,5.000,0.578,2.885,0.113
139900,5.000,0.578,2.885,0.114
140100,5.000,0.566,2.824,0.114
140300,5.000,0.570,2.847,0.114
140500,5.000,0.570,2.847,0.114
140700,5.000,0.579,2.893,0.114
140900,5.000,0.562,2.805,0.114
141100,5.000,0.573,2.858,0.114
141300,5.000,0.573,2.858,0.115
141500,5.000,0.575,2.874,0.115
141700,5.000,0.568,2.839,0.115
141900,5.000,0.568,2.839,0.115
142100,5.000,0.568,2.835,0.115
142300,5.000,0.588,2.935,0.115
142500,5.000,0.568,2.839,0.116
142700,5.000,0.568,2.839,0.116
142900,5.000,0.572,2.855,0.116
143100,5.000,0.578,2.889,0.116
143300,5.000,0.565,2.824,0.116
143500,5.000,0.575,2.870,0.116
143700,5.000,0.575,2.870,0.117
143900,5.000,0.576,2.881,0.117
144100,5.000,0.568,2.835,0.117
144300,5.000,0.573,2.858,0.117
144500,5.000,0.573,2.858,0.117
144700,5.000,0.574,2.866,0.117
144900,5.000,0.566,2.828,0.118
145100,5.000,0.566,2.828,0.118
145300,5.000,0.582,2.908,0.118
145500,5.000,0.568,2.839,0.118
145700,5.000,0.568,2.835,0.118
145900,5.000,0.568,2.835,0.118
146100,5.000,0.573,2.858,0.119
146300,5.000,0.573,2.858,0.119
146500,5.000,0.565,2.820,0.119
146700,5.000,0.574,2.866,0.119
146900,5.000,0.574,2.866,0.119
147100,5.000,0.575,2.870,0.119
147300,5.000,0.565,2.824,0.120
147500,5.000,0.580,2.893,0.120
147700,5.000,0.580,2.893,0.120
147900,5.000,0.566,2.828,0.120
148100,5.000,0.566,2.828,0.120
148300,5.000,0.566,2.828,0.120
148500,5.000,0.583,2.908,0.121
148700,5.000,0.569,2.843,0.121
148900,5.000,0.565,2.824,0.121
149100,5.000,0.565,2.824,0.121
149300,5.000,0.579,2.889,0.121
149500,5.000,0.571,2.851,0.121
149700,5.000,0.568,2.835,0.121
149900,5.000,0.568,2.835,0.122
150100,5.000,0.580,2.897,0.122
150300,5.000,0.569,2.839,0.122
150500,5.000,0.566,2.828,0.122
150700,5.000,0.582,2.908,0.122
150900,5.000,0.582,2.908,0.123
151100,5.000,0.566,2.828,0.123
151300,5.000,0.564,2.816,0.123
151500,5.000,0.564,2.816,0.123
151700,5.000,0.581,2.900,0.123
151900,5.000,0.567,2.832,0.123
152100,5.000,0.574,2.866,0.123
152300,5.000,0.574,2.866,0.124
152500,5.000,0.579,2.893,0.124
152700,5.000,0.568,2.835,0.124
152900,5.000,0.568,2.835,0.124
153100,5.000,0.566,2.828,0.124
153300,5.000,0.579,2.893,0.124
153500,5.000,0.565,2.820,0.125
153700,5.000,0.570,2.847,0.125
153900,5.000,0.570,2.847,0.125
154100,5.000,0.582,2.908,0.125
154300,5.000,0.566,2.828,0.125
154500,5.000,0.572,2.858,0.125
154700,5.000,0.572,2.858,0.126
154900,5.000,0.575,2.870,0.126
155100,5.000,0.566,2.828,0.126
155300,5.000,0.575,2.870,0.126
155500,5.000,0.575,2.870,0.126
155700,5.000,0.578,2.889,0.126
155900,5.000,0.567,2.828,0.127
156100,5.000,0.567,2.828,0.127
156300,5.000,0.571,2.847,0.127
156500,5.000,0.580,2.897,0.127
156700,5.000,0.564,2.816,0.127
156900,5.000,0.564,2.816,0.127
157100,5.000,0.572,2.855,0.128
157300,5.000,0.575,2.874,0.128
157500,5.000,0.568,2.835,0.128
157700,5.000,0.575,2.874,0.128
157900,5.000,0.575,2.874,0.128
158100,5.000,0.576,2.877,0.128
158300,5.000,0.565,2.820,0.129
158500,5.000,0.575,2.874,0.129
158700,5.000,0.575,2.874,0.129
158900,5.000,0.574,2.866,0.129
159100,5.000,0.568,2.839,0.129
159300,5.000,0.568,2.839,0.129
159500,5.000,0.578,2.889,0.129
159700,5.000,0.575,2.870,0.130
159900,5.000,0.566,2.824,0.130
160100,5.000,0.566,2.824,0.130
160300,5.000,0.572,2.858,0.130
160500,5.000,0.573,2.858,0.130
160700,5.000,0.566,2.828,0.131
160900,5.000,0.580,2.897,0.131
161100,5.000,0.580,2.897,0.131
161300,5.000,0.572,2.855,0.131
161500,5.000,0.567,2.828,0.131
161700,5.000,0.575,2.870,0.131
161900,5.000,0.575,2.870,0.131
162100,5.000,0.568,2.839,0.132
162300,5.000,0.568,2.839,0.132
162500,5.000,0.568,2.839,0.132
162700,5.000,0.585,2.923,0.132
162900,5.000,0.565,2.820,0.132
163100,5.000,0.567,2.832,0.132
163300,5.000,0.567,2.832,0.133
163500,5.000,0.578,2.889,0.133
163700,5.000,0.570,2.847,0.133
163900,5.000,0.570,2.847,0.133
164100,5.000,0.583,2.912,0.133
164300,5.000,0.583,2.912,0.133
164500,5.000,0.568,2.839,0.134
164700,5.000,0.568,2.839,0.134
164900,5.000,0.568,2.839,0.134
165100,5.000,0.583,2.908,0.134
165300,5.000,0.564,2.820,0.134
165500,5.000,0.567,2.832,0.134
165700,5.000,0.567,2.832,0.135
165900,5.000,0.580,2.897,0.135
166100,5.000,0.568,2.835,0.135
166300,5.000,0.569,2.839,0.135
166500,5.000,0.569,2.839,0.135
166700,5.000,0.579,2.889,0.135
166900,5.000,0.566,2.828,0.136
167100,5.000,0.566,2.828,0.136
167300,5.000,0.565,2.820,0.136
167500,5.000,0.580,2.897,0.136
167700,5.000,0.566,2.824,0.136
167900,5.000,0.571,2.855,0.136
168100,5.000,0.571,2.855,0.137
168300,5.000,0.582,2.908,0.137
168500,5.000,0.566,2.828,0.137
168700,5.000,0.571,2.851,0.137
168900,5.000,0.571,2.851,0.137
169100,5.000,0.578,2.889,0.137
169300,5.000,0.567,2.835,0.138
169500,5.000,0.576,2.877,0.138
169700,5.000,0.576,2.877,0.138
169900,5.000,0.573,2.862,0.138
170100,5.000,0.569,2.839,0.138
170300,5.000,0.569,2.839,0.138
170500,5.000,0.569,2.839,0.138
170700,5.000,0.577,2.881,0.139
170900,5.000,0.565,2.824,0.139
171100,5.000,0.574,2.866,0.139
171300,5.000,0.574,2.866,0.139
171500,5.000,0.587,2.931,0.139
171700,5.000,0.568,2.835,0.139
171900,5.000,0.570,2.847,0.140
172100,5.000,0.570,2.847,0.140
172300,5.000,0.573,2.862,0.140
172500,5.000,0.566,2.828,0.140
172700,5.000,0.579,2.893,0.140
172900,5.000,0.579,2.893,0.140
173100,5.000,0.581,2.904,0.141
173300,5.000,0.565,2.824,0.141
173500,5.000,0.565,2.824,0.141
173700,5.000,0.574,2.866,0.141
173900,5.000,0.576,2.877,0.141
174100,5.000,0.567,2.832,0.141
174300,5.000,0.567,2.832,0.142
174500,5.000,0.576,2.877,0.142
174700,5.000,0.572,2.858,0.142
174900,5.000,0.568,2.835,0.142
175100,5.000,0.581,2.904,0.142
175300,5.000,0.581,2.904,0.142
175500,5.000,0.570,2.847,0.143
175700,5.000,0.567,2.832,0.143
175900,5.000,0.567,2.832,0.143
176100,5.000,0.581,2.900,0.143
176300,5.000,0.569,2.839,0.143
176500,5.000,0.569,2.843,0.143
176700,5.000,0.569,2.843,0.144
176900,5.000,0.580,2.897,0.144
177100,5.000,0.568,2.839,0.144
177300,5.000,0.565,2.820,0.144
177500,5.000,0.565,2.820,0.144
177700,5.000,0.581,2.904,0.144
177900,5.000,0.568,2.839,0.144
178100,5.000,0.569,2.839,0.145
178300,5.000,0.583,2.912,0.145
178500,5.000,0.583,2.912,0.145
178700,5.000,0.570,2.843,0.145
178900,5.000,0.563,2.813,0.145
179100,5.000,0.563,2.813,0.146
179300,5.000,0.578,2.889,0.146
179500,5.000,0.566,2.828,0.146
179700,5.000,0.569,2.843,0.146
179900,5.000,0.569,2.843,0.146
180100,5.000,0.582,2.904,0.146
180300,5.000,0.565,2.824,0.146
180500,5.000,0.566,2.828,0.147
180700,5.000,0.566,2.828,0.147
180900,5.000,0.581,2.904,0.147
181100,5.000,0.566,2.828,0.147
181300,5.000,0.566,2.828,0.147
181500,5.000,0.583,2.912,0.148
181700,5.000,0.583,2.912,0.148
181900,5.000,0.565,2.824,0.148
182100,5.000,0.573,2.862,0.148
182300,5.000,0.573,2.862,0.148
182500,5.000,0.578,2.885,0.148
182700,5.000,0.566,2.828,0.148
182900,5.000,0.573,2.862,0.149
183100,5.000,0.573,2.862,0.149
183300,5.000,0.577,2.881,0.149
183500,5.000,0.568,2.835,0.149
183700,5.000,0.573,2.858,0.149
183900,5.000,0.573,2.858,0.149
184100,5.000,0.573,2.858,0.150
184300,5.000,0.565,2.824,0.150
184500,5.000,0.565,2.824,0.150
184700,5.000,0.571,2.851,0.150
184900,5.000,0.578,2.889,0.150
185100,5.000,0.569,2.839,0.150
185300,5.000,0.574,2.866,0.151
185500,5.000,0.574,2.866,0.151
185700,5.000,0.578,2.889,0.151
185900,5.000,0.563,2.813,0.151
186100,5.000,0.574,2.866,0.151
186300,5.000,0.574,2.866,0.151
186500,5.000,0.571,2.851,0.152
186700,5.000,0.565,2.824,0.152
186900,5.000,0.565,2.824,0.152
187100,5.000,0.581,2.900,0.152
187300,5.000,0.569,2.839,0.152
187500,5.000,0.567,2.832,0.152
187700,5.000,0.567,2.832,0.153
187900,5.000,0.573,2.862,0.153
188100,5.000,0.574,2.870,0.153
188300,5.000,0.565,2.820,0.153
188500,5.000,0.583,2.908,0.153
188700,5.000,0.583,2.908,0.153
188900,5.000,0.570,2.847,0.154
189100,5.000,0.569,2.839,0.154
189300,5.000,0.577,2.881,0.154
189500,5.000,0.577,2.881,0.154
189700,5.000,0.569,2.843,0.154
189900,5.000,0.566,2.824,0.154
190100,5.000,0.566,2.824,0.154
190300,5.000,0.586,2.927,0.155
190500,5.000,0.569,2.839,0.155
190700,5.000,0.565,2.824,0.155
190900,5.000,0.565,2.824,0.155
191100,5.000,0.577,2.881,0.155
191300,5.000,0.570,2.843,0.155
191500,5.000,0.567,2.832,0.156
191700,5.000,0.567,2.832,0.156
191900,5.000,0.578,2.889,0.156
192100,5.000,0.569,2.839,0.156
192300,5.000,0.565,2.824,0.156
192500,5.000,0.585,2.923,0.156
192700,5.000,0.585,2.923,0.157
192900,5.000,0.564,2.816,0.157
193100,5.000,0.567,2.828,0.157
193300,5.000,0.567,2.828,0.157
193500,5.000,0.580,2.897,0.157
193700,5.000,0.565,2.820,0.157
193900,5.000,0.571,2.855,0.158
194100,5.000,0.571,2.855,0.158
194300,5.000,0.575,2.870,0.158
194500,5.000,0.565,2.824,0.158
194700,5.000,0.565,2.828,0.158
194900,5.000,0.567,2.828,0.158
195100,5.000,0.583,2.908,0.159
195300,5.000,0.564,2.820,0.159
195500,5.000,0.572,2.858,0.159
195700,5.000,0.572,2.858,0.159
195900,5.000,0.580,2.893,0.159
196100,5.000,0.569,2.839,0.159
196300,5.000,0.572,2.855,0.160
196500,5.000,0.572,2.855,0.160
196700,5.000,0.578,2.885,0.160
196900,5.000,0.567,2.835,0.160
197100,5.000,0.575,2.874,0.160
197300,5.000,0.575,2.874,0.160
197500,5.000,0.577,2.881,0.161
197700,5.000,0.566,2.828,0.161
197900,5.000,0.566,2.828,0.161
198100,5.000,0.569,2.839,0.161
198300,5.000,0.577,2.881,0.161
198500,5.000,0.565,2.824,0.161
198700,5.000,0.565,2.824,0.161
198900,5.000,0.572,2.855,0.162
199100,5.000,0.579,2.889,0.162
199300,5.000,0.564,2.816,0.162
199500,5.000,0.576,2.874,0.162
199700,5.000,0.576,2.874,0.162
199900,5.000,0.573,2.862,0.163
200100,5.000,0.565,2.820,0.163
200300,5.000,0.576,2.877,0.163
200500,5.000,0.576,2.877,0.163
200700,5.000,0.569,2.843,0.163
200900,5.000,0.568,2.839,0.163
201100,5.000,0.568,2.839,0.163
201300,5.000,0.574,2.866,0.164
201500,5.000,0.570,2.847,0.164
201700,5.000,0.563,2.813,0.164
201900,5.000,0.563,2.813,0.164
202100,5.000,0.575,2.874,0.164
202300,5.000,0.571,2.851,0.164
202500,5.000,0.568,2.835,0.165
202700,5.000,0.578,2.885,0.165
202900,5.000,0.578,2.885,0.165
203100,5.000,0.572,2.858,0.165
203300,5.000,0.568,2.835,0.165
203500,5.000,0.576,2.877,0.165
203700,5.000,0.576,2.877,0.166
203900,5.000,0.573,2.862,0.166
204100,5.000,0.569,2.839,0.166
204300,5.000,0.569,2.839,0.166
204500,5.000,0.584,2.916,0.166
204700,5.000,0.565,2.820,0.166
204900,5.000,0.565,2.824,0.167
205100,5.000,0.565,2.824,0.167
205300,5.000,0.576,2.877,0.167
205500,5.000,0.571,2.851,0.167
205700,5.000,0.571,2.820,0.167
205900,5.000,0.565,2.820,0.167
206100,5.000,0.585,2.923,0.168
206300,5.000,0.564,2.816,0.168
206500,5.000,0.570,2.847,0.168
206700,5.000,0.570,2.847,0.168
206900,5.000,0.579,2.889,0.168
207100,5.000,0.567,2.832,0.168
207300,5.000,0.567,2.832,0.169
207500,5.000,0.567,2.832,0.169
207700,5.000,0.580,2.897,0.169
207900,5.000,0.567,2.832,0.169
208100,5.000,0.567,2.828,0.169
208300,5.000,0.567,2.828,0.169
208500,5.000,0.578,2.885,0.169
208700,5.000,0.562,2.809,0.170
208900,5.000,0.562,2.809,0.170
209100,5.000,0.568,2.839,0.170
209300,5.000,0.580,2.897,0.170
209500,5.000,0.568,2.835,0.170
209700,5.000,0.571,2.851,0.171
209900,5.000,0.571,2.851,0.171
210100,5.000,0.582,2.904,0.171
210300,5.000,0.567,2.832,0.171
210500,5.000,0.572,2.855,0.171
210700,5.000,0.572,2.855,0.171
210900,5.000,0.577,2.885,0.171
211100,5.000,0.567,2.832,0.172
211300,5.000,0.576,2.874,0.172
211500,5.000,0.576,2.874,0.172
211700,5.000,0.574,2.866,0.172
211900,5.000,0.566,2.828,0.172
212100,5.000,0.566,2.828,0.172
212300,5.000,0.568,2.835,0.173
212500,5.000,0.577,2.881,0.173
212700,5.000,0.565,2.824,0.173
212900,5.000,0.565,2.824,0.173
213100,5.000,0.576,2.877,0.173
213300,5.000,0.575,2.870,0.173
213500,5.000,0.568,2.839,0.174
213700,5.000,0.572,2.858,0.174
213900,5.000,0.572,2.858,0.174
214100,5.000,0.572,2.858,0.174
214300,5.000,0.565,2.824,0.174
214500,5.000,0.578,2.889,0.174
214700,5.000,0.578,2.889,0.175
214900,5.000,0.571,2.851,0.175
215100,5.000,0.565,2.824,0.175
215300,5.000,0.565,2.824,0.175
215500,5.000,0.573,2.862,0.175
215700,5.000,0.572,2.855,0.175
215900,5.000,0.566,2.828,0.176
216100,5.000,0.566,2.828,0.176
216300,5.000,0.574,2.866,0.176
216500,5.000,0.572,2.855,0.176
216700,5.000,0.566,2.824,0.176
216900,5.000,0.581,2.900,0.176
217100,5.000,0.581,2.900,0.177
217300,5.000,0.569,2.843,0.177
217500,5.000,0.566,2.824,0.177
217700,5.000,0.566,2.824,0.177
217900,5.000,0.578,2.885,0.177
218100,5.000,0.568,2.839,0.177
218300,5.000,0.570,2.847,0.177
218500,5.000,0.570,2.847,0.178
218700,5.000,0.582,2.908,0.178
218900,5.000,0.565,2.820,0.178
219100,5.000,0.567,2.832,0.178
219300,5.000,0.567,2.832,0.178
219500,5.000,0.577,2.881,0.178
219700,5.000,0.569,2.839,0.179
219900,5.000,0.568,2.835,0.179
220100,5.000,0.578,2.889,0.179
220300,5.000,0.578,2.889,0.179
220500,5.000,0.573,2.858,0.179
220700,5.000,0.568,2.839,0.179
220900,5.000,0.568,2.839,0.180
221100,5.000,0.581,2.900,0.180
221300,5.000,0.567,2.832,0.180
221500,5.000,0.569,2.843,0.180
221700,5.000,0.569,2.843,0.180
221900,5.000,0.580,2.897,0.180
222100,5.000,0.563,2.813,0.181
222300,5.000,0.565,2.824,0.181
222500,5.000,0.565,2.824,0.181
222700,5.000,0.579,2.893,0.181
222900,5.000,0.567,2.832,0.181
223100,5.000,0.567,2.832,0.181
223300,5.000,0.566,2.824,0.182
223500,5.000,0.581,2.900,0.182
223700,5.000,0.567,2.832,0.182
223900,5.000,0.572,2.858,0.182
224100,5.000,0.572,2.858,0.182
224300,5.000,0.580,2.893,0.182
224500,5.000,0.565,2.824,0.183
224700,5.000,0.570,2.843,0.183
224900,5.000,0.570,2.843,0.183
225100,5.000,0.578,2.889,0.183
225300,5.000,0.568,2.835,0.183
225500,5.000,0.574,2.870,0.183
225700,5.000,0.574,2.870,0.184
225900,5.000,0.576,2.877,0.184
226100,5.000,0.568,2.835,0.184
226300,5.000,0.568,2.835,0.184
226500,5.000,0.568,2.835,0.184
226700,5.000,0.576,2.877,0.184
226900,5.000,0.567,2.832,0.185
227100,5.000,0.574,2.866,0.185
227300,5.000,0.574,2.866,0.185
227500,5.000,0.580,2.897,0.185
227700,5.000,0.566,2.828,0.185
227900,5.000,0.576,2.874,0.185
228100,5.000,0.576,2.874,0.186
228300,5.000,0.572,2.855,0.186
228500,5.000,0.566,2.828,0.186
228700,5.000,0.566,2.828,0.186
228900,5.000,0.579,2.893,0.186
229100,5.000,0.567,2.832,0.186
229300,5.000,0.566,2.828,0.186
229500,5.000,0.566,2.828,0.187
229700,5.000,0.574,2.866,0.187
229900,5.000,0.572,2.858,0.187
230100,5.000,0.565,2.820,0.187
230300,5.000,0.565,2.820,0.187
230500,5.000,0.579,2.893,0.187
230700,5.000,0.571,2.855,0.188
230900,5.000,0.568,2.835,0.188
231100,5.000,0.580,2.893,0.188
231300,5.000,0.580,2.893,0.188
231500,5.000,0.575,2.870,0.188
231700,5.000,0.565,2.820,0.188
231900,5.000,0.565,2.820,0.189
232100,5.000,0.582,2.908,0.189
232300,5.000,0.568,2.835,0.189
232500,5.000,0.565,2.824,0.189
232700,5.000,0.565,2.824,0.189
232900,5.000,0.583,2.908,0.189
233100,5.000,0.567,2.835,0.190
233300,5.000,0.565,2.820,0.190
233500,5.000,0.565,2.820,0.190
233700,5.000,0.577,2.881,0.190
233900,5.000,0.573,2.858,0.190
234100,5.000,0.565,2.824,0.190
234300,5.000,0.586,2.927,0.191
234500,5.000,0.586,2.927,0.191
234700,5.000,0.568,2.835,0.191
234900,5.000,0.566,2.828,0.191
235100,5.000,0.566,2.828,0.191
235300,5.000,0.579,2.893,0.191
235500,5.000,0.567,2.832,0.192
235700,5.000,0.571,2.855,0.192
235900,5.000,0.571,2.855,0.192
236100,5.000,0.578,2.889,0.192
236300,5.000,0.567,2.832,0.192
236500,5.000,0.576,2.877,0.192
236700,5.000,0.576,2.877,0.192
236900,5.000,0.580,2.897,0.193
237100,5.000,0.565,2.824,0.193
237300,5.000,0.567,2.832,0.193
237500,5.000,0.579,2.889,0.193
237700,5.000,0.579,2.889,0.193
237900,5.000,0.567,2.832,0.194
238100,5.000,0.571,2.851,0.194
238300,5.000,0.571,2.851,0.194
238500,5.000,0.576,2.877,0.194
238700,5.000,0.565,2.820,0.194
238900,5.000,0.574,2.866,0.194
239100,5.000,0.574,2.866,0.194
239300,5.000,0.576,2.874,0.195
239500,5.000,0.568,2.839,0.195
239700,5.000,0.568,2.839,0.195
239900,5.000,0.569,2.843,0.195
240100,5.000,0.581,2.904,0.195
240300,5.000,0.567,2.835,0.195
240500,5.000,0.567,2.835,0.196
240700,5.000,0.569,2.839,0.196
240900,5.000,0.578,2.885,0.196
241100,5.000,0.566,2.828,0.196
241300,5.000,0.574,2.866,0.196
241500,5.000,0.574,2.866,0.196
241700,5.000,0.576,2.877,0.197
241900,5.000,0.566,2.828,0.197
242100,5.000,0.572,2.855,0.197
242300,5.000,0.572,2.855,0.197
242500,5.000,0.576,2.874,0.197
242700,5.000,0.567,2.832,0.197
242900,5.000,0.567,2.832,0.198
243100,5.000,0.580,2.897,0.198
243300,5.000,0.573,2.862,0.198
243500,5.000,0.568,2.835,0.198
243700,5.000,0.568,2.835,0.198
243900,5.000,0.571,2.851,0.198
244100,5.000,0.573,2.862,0.199
244300,5.000,0.565,2.824,0.199
244500,5.000,0.576,2.874,0.199
244700,5.000,0.576,2.874,0.199
244900,5.000,0.572,2.855,0.199
245100,5.000,0.567,2.832,0.199
245300,5.000,0.576,2.874,0.200
245500,5.000,0.576,2.874,0.200
245700,5.000,0.567,2.828,0.200
245900,5.000,0.567,2.832,0.200
246100,5.000,0.567,2.832,0.200
246300,5.000,0.583,2.912,0.200
246500,5.000,0.566,2.828,0.200
246700,5.000,0.564,2.816,0.201
246900,5.000,0.564,2.816,0.201
247100,5.000,0.580,2.897,0.201
247300,5.000,0.569,2.843,0.201
247500,5.000,0.565,2.820,0.201
247700,5.000,0.565,2.820,0.201
247900,5.000,0.584,2.916,0.202
248100,5.000,0.567,2.832,0.202
248300,5.000,0.569,2.843,0.202
248500,5.000,0.569,2.916,0.202
248700,5.000,0.584,2.916,0.202
248900,5.000,0.567,2.828,0.202
249100,5.000,0.565,2.824,0.203
249300,5.000,0.565,2.824,0.203
249500,5.000,0.581,2.900,0.203
249700,5.000,0.566,2.828,0.203
249900,5.000,0.571,2.855,0.203
250100,5.000,0.571,2.855,0.203
250300,5.000,0.577,2.881,0.204
250500,5.000,0.567,2.832,0.204
250700,5.000,0.567,2.832,0.204
250900,5.000,0.562,2.809,0.204
251100,5.000,0.581,2.900,0.204
251300,5.000,0.565,2.820,0.204
251500,5.000,0.568,2.839,0.205
251700,5.000,0.568,2.839,0.205
251900,5.000,0.581,2.900,0.205
252100,5.000,0.565,2.824,0.205
252300,5.000,0.569,2.843,0.205
252500,5.000,0.569,2.843,0.205
252700,5.000,0.574,2.866,0.206
252900,5.000,0.568,2.835,0.206
253100,5.000,0.574,2.862,0.206
253300,5.000,0.574,2.862,0.206
253500,5.000,0.577,2.881,0.206
253700,5.000,0.564,2.820,0.206
253900,5.000,0.564,2.820,0.207
254100,5.000,0.569,2.843,0.207
254300,5.000,0.581,2.900,0.207
254500,5.000,0.566,2.828,0.207
254700,5.000,0.566,2.828,0.207
254900,5.000,0.574,2.866,0.207
255100,5.000,0.576,2.881,0.208
255300,5.000,0.566,2.828,0.208
255500,5.000,0.574,2.866,0.208
255700,5.000,0.574,2.866,0.208
255900,5.000,0.575,2.870,0.208
256100,5.000,0.564,2.816,0.208
256300,5.000,0.579,2.889,0.209
256500,5.000,0.579,2.889,0.209
256700,5.000,0.574,2.870,0.209
256900,5.000,0.568,2.835,0.209
257100,5.000,0.568,2.835,0.209
257300,5.000,0.577,2.881,0.209
257500,5.000,0.571,2.855,0.209
257700,5.000,0.564,2.816,0.210
257900,5.000,0.564,2.816,0.210
258100,5.000,0.576,2.874,0.210
258300,5.000,0.572,2.855,0.210
258500,5.000,0.568,2.839,0.210
258700,5.000,0.579,2.889,0.210
258900,5.000,0.579,2.889,0.211
259100,5.000,0.568,2.839,0.211
259300,5.000,0.567,2.832,0.211
259500,5.000,0.567,2.862,0.211
259700,5.000,0.573,2.862,0.211
259900,5.000,0.572,2.858,0.211
260100,5.000,0.566,2.828,0.212
260300,5.000,0.566,2.828,0.212
260500,5.000,0.583,2.912,0.212
260700,5.000,0.562,2.805,0.212
260900,5.000,0.568,2.835,0.212
261100,5.000,0.568,2.835,0.212
261300,5.000,0.578,2.885,0.213
261500,5.000,0.570,2.847,0.213
261700,5.000,0.570,2.847,0.213
261900,5.000,0.582,2.908,0.213
262100,5.000,0.582,2.908,0.213
262300,5.000,0.566,2.828,0.213
262500,5.000,0.567,2.835,0.214
262700,5.000,0.567,2.835,0.214
262900,5.000,0.582,2.908,0.214
263100,5.000,0.563,2.813,0.214
263300,5.000,0.573,2.862,0.214
263500,5.000,0.573,2.862,0.214
263700,5.000,0.582,2.904,0.215
263900,5.000,0.568,2.835,0.215
264100,5.000,0.570,2.847,0.215
264300,5.000,0.570,2.847,0.215
264500,5.000,0.580,2.893,0.215
264700,5.000,0.563,2.809,0.215
264900,5.000,0.563,2.809,0.215
265100,5.000,0.567,2.832,0.216
265300,5.000,0.579,2.889,0.216
265500,5.000,0.568,2.835,0.216
265700,5.000,0.572,2.858,0.216
265900,5.000,0.572,2.858,0.216
266100,5.000,0.575,2.870,0.217
266300,5.000,0.567,2.832,0.217
266500,5.000,0.566,2.828,0.217
266700,5.000,0.566,2.828,0.217
266900,5.000,0.579,2.893,0.217
267100,5.000,0.567,2.832,0.217
267300,5.000,0.576,2.874,0.217
267500,5.000,0.576,2.874,0.218
267700,5.000,0.571,2.851,0.218
267900,5.000,0.568,2.835,0.218
268100,5.000,0.568,2.835,0.218
268300,5.000,0.571,2.855,0.218
268500,5.000,0.578,2.885,0.218
268700,5.000,0.567,2.832,0.219
268900,5.000,0.574,2.866,0.219
269100,5.000,0.574,2.866,0.219
269300,5.000,0.579,2.893,0.219
269500,5.000,0.567,2.832,0.219
269700,5.000,0.576,2.877,0.219
269900,5.000,0.576,2.877,0.220
270100,5.000,0.573,2.858,0.220
270300,5.000,0.567,2.832,0.220
270500,5.000,0.567,2.832,0.220
270700,5.000,0.581,2.900,0.220
270900,5.000,0.571,2.855,0.220
271100,5.000,0.566,2.828,0.221
271300,5.000,0.566,2.828,0.221
271500,5.000,0.575,2.870,0.221
271700,5.000,0.574,2.866,0.221
271900,5.000,0.565,2.820,0.221
272100,5.000,0.565,2.820,0.221
272300,5.000,0.579,2.889,0.222
272500,5.000,0.572,2.855,0.222
272700,5.000,0.569,2.843,0.222
272900,5.000,0.575,2.870,0.222
273100,5.000,0.575,2.870,0.222
273300,5.000,0.569,2.839,0.222
273500,5.000,0.563,2.809,0.223
273700,5.000,0.563,2.809,0.223
273900,5.000,0.584,2.916,0.223
274100,5.000,0.569,2.843,0.223
274300,5.000,0.567,2.832,0.223
274500,5.000,0.567,2.832,0.223
274700,5.000,0.577,2.881,0.223
274900,5.000,0.566,2.828,0.224
275100,5.000,0.566,2.828,0.224
275300,5.000,0.566,2.828,0.224
275500,5.000,0.579,2.889,0.224
275700,5.000,0.571,2.855,0.224
275900,5.000,0.567,2.828,0.225
276100,5.000,0.584,2.912,0.225
276300,5.000,0.584,2.912,0.225
276500,5.000,0.567,2.832,0.225
276700,5.000,0.566,2.828,0.225
276900,5.000,0.566,2.828,0.225
277100,5.000,0.580,2.897,0.225
277300,5.000,0.568,2.835,0.226
277500,5.000,0.574,2.862,0.226
277700,5.000,0.574,2.862,0.226
277900,5.000,0.580,2.897,0.226
278100,5.000,0.564,2.816,0.226
278300,5.000,0.568,2.835,0.226
278500,5.000,0.568,2.835,0.227
278700,5.000,0.580,2.897,0.227
278900,5.000,0.565,2.824,0.227
279100,5.000,0.565,2.824,0.227
279300,5.000,0.582,2.904,0.227
279500,5.000,0.582,2.904,0.227
279700,5.000,0.566,2.828,0.228
279900,5.000,0.567,2.832,0.228
280100,5.000,0.567,2.832,0.228
280300,5.000,0.577,2.881,0.228
280500,5.000,0.563,2.809,0.228
280700,5.000,0.575,2.874,0.228
280900,5.000,0.575,2.874,0.229
281100,5.000,0.578,2.889,0.229
281300,5.000,0.568,2.835,0.229
281500,5.000,0.568,2.835,0.229
281700,5.000,0.571,2.851,0.229
281900,5.000,0.573,2.862,0.229
282100,5.000,0.566,2.828,0.230
282300,5.000,0.566,2.828,0.230
282500,5.000,0.571,2.851,0.230
282700,5.000,0.579,2.893,0.230
282900,5.000,0.568,2.839,0.230
283100,5.000,0.575,2.870,0.230
283300,5.000,0.575,2.870,0.231
283500,5.000,0.578,2.889,0.231
283700,5.000,0.565,2.824,0.231
283900,5.000,0.573,2.858,0.231
284100,5.000,0.573,2.858,0.231
284300,5.000,0.576,2.874,0.231
284500,5.000,0.567,2.832,0.232
284700,5.000,0.567,2.832,0.232
284900,5.000,0.579,2.893,0.232
285100,5.000,0.569,2.839,0.232
285300,5.000,0.567,2.828,0.232
285500,5.000,0.567,2.828,0.232
285700,5.000,0.574,2.866,0.232
285900,5.000,0.574,2.866,0.233
286100,5.000,0.566,2.828,0.233
286300,5.000,0.579,2.893,0.233
286500,5.000,0.579,2.893,0.233
286700,5.000,0.572,2.858,0.233
286900,5.000,0.568,2.835,0.233
287100,5.000,0.578,2.889,0.234
287300,5.000,0.578,2.889,0.234
287500,5.000,0.568,2.839,0.234
287700,5.000,0.570,2.851,0.234
287900,5.000,0.570,2.851,0.234
288100,5.000,0.584,2.916,0.234
288300,5.000,0.569,2.843,0.235
288500,5.000,0.563,2.813,0.235
288700,5.000,0.563,2.813,0.235
288900,5.000,0.576,2.874,0.235
289100,5.000,0.569,2.843,0.235
289300,5.000,0.565,2.824,0.235
289500,5.000,0.565,2.824,0.236
289700,5.000,0.590,2.946,0.236
289900,5.000,0.568,2.839,0.236
290100,5.000,0.567,2.832,0.236
290300,5.000,0.583,2.912,0.236
290500,5.000,0.583,2.912,0.236
290700,5.000,0.566,2.828,0.237
290900,5.000,0.566,2.828,0.237
291100,5.000,0.566,2.828,0.237
