300,5.000,0.379,1.893,0.000
500,5.000,0.411,2.057,0.000
700,5.000,0.390,1.950,0.000
900,5.000,0.389,1.946,0.000
1100,5.000,0.389,1.946,0.000
1300,5.000,0.389,1.946,0.000
1500,5.000,0.388,1.942,0.000
1700,5.000,0.389,1.946,0.000
1900,5.000,0.389,1.946,0.000
2100,5.000,0.389,1.946,0.001
2300,5.000,0.389,1.942,0.001
2500,5.000,0.389,1.942,0.001
2700,5.000,0.389,1.942,0.001
2900,5.000,0.389,1.946,0.001
3100,5.000,0.389,1.942,0.001
3300,5.000,0.388,1.942,0.001
3500,5.000,0.388,1.942,0.001
3700,5.000,0.389,1.946,0.001
3900,5.000,0.389,1.946,0.002
4100,5.000,0.389,1.946,0.002
4300,5.000,0.389,1.942,0.002
4500,5.000,0.389,1.942,0.002
4700,5.000,0.390,1.950,0.002
4900,5.000,0.389,1.946,0.002
5100,5.000,0.389,1.946,0.002
5300,5.000,0.391,1.954,0.002
5500,5.000,0.390,1.950,0.002
5700,5.000,0.389,1.942,0.003
5900,5.000,0.389,1.942,0.003
6100,5.000,0.389,1.942,0.003
6300,5.000,0.389,1.946,0.003
6500,5.000,0.390,1.950,0.003
6700,5.000,0.390,1.950,0.003
6900,5.000,0.389,1.942,0.003
7100,5.000,0.389,1.946,0.003
7300,5.000,0.389,1.946,0.003
7500,5.000,0.389,1.946,0.004
7700,5.000,0.389,1.946,0.004
7900,5.000,0.388,1.942,0.004
8100,5.000,0.390,1.950,0.004
8300,5.000,0.390,1.950,0.004
8500,5.000,0.389,1.946,0.004
8700,5.000,0.389,1.946,0.004
8900,5.000,0.390,1.950,0.004
9100,5.000,0.390,1.950,0.004
9300,5.000,0.389,1.946,0.005
9500,5.000,0.389,1.946,0.005
9700,5.000,0.389,1.946,0.005
9900,5.000,0.389,1.946,0.005
10100,5.000,0.389,1.946,0.005
10300,5.000,0.389,1.946,0.005
10500,5.000,0.389,1.946,0.005
10700,5.000,0.389,1.946,0.005
10900,5.000,0.388,1.942,0.005
11100,5.000,0.389,1.946,0.006
11300,5.000,0.389,1.942,0.006
11500,5.000,0.389,1.942,0.006
11700,5.000,0.389,1.942,0.006
11900,5.000,0.389,1.942,0.006
12100,5.000,0.389,1.946,0.006
12300,5.000,0.389,1.946,0.006
12500,5.000,0.389,1.946,0.006
12700,5.000,0.389,1.946,0.006
12900,5.000,0.389,1.946,0.007
13100,5.000,0.389,1.946,0.007
13300,5.000,0.390,1.950,0.007
13500,5.000,0.390,1.946,0.007
13700,5.000,0.390,1.946,0.007
13900,5.000,0.390,1.946,0.007
14100,5.000,0.390,1.946,0.007
14300,5.000,0.389,1.946,0.007
14500,5.000,0.389,1.946,0.007
14700,5.000,0.389,1.942,0.008
14900,5.000,0.390,1.950,0.008
15100,5.000,0.389,1.942,0.008
15300,5.000,0.389,1.946,0.008
15500,5.000,0.389,1.946,0.008
15700,5.000,0.389,1.946,0.008
15900,5.000,0.389,1.942,0.008
16100,5.000,0.389,1.942,0.008
16300,5.000,0.390,1.946,0.008
16500,5.000,0.389,1.946,0.009
16700,5.000,0.389,1.946,0.009
16900,5.000,0.389,1.946,0.009
17100,5.000,0.389,1.946,0.009
17300,5.000,0.390,1.946,0.009
17500,5.000,0.389,1.946,0.009
17700,5.000,0.389,1.946,0.009
17900,5.000,0.389,1.946,0.009
18100,5.000,0.389,1.946,0.010
18300,5.000,0.389,1.946,0.010
18500,5.000,0.389,1.946,0.010
18700,5.000,0.389,1.946,0.010
18900,5.000,0.389,1.942,0.010
19100,5.000,0.389,1.946,0.010
19300,5.000,0.389,1.946,0.010
19500,5.000,0.388,1.942,0.010
19700,5.000,0.389,1.946,0.010
19900,5.000,0.389,1.946,0.010
20100,5.000,0.389,1.946,0.011
20300,5.000,0.389,1.946,0.011
20500,5.000,0.389,1.942,0.011
20700,5.000,0.389,1.942,0.011
20900,5.000,0.389,1.942,0.011
21100,5.000,0.389,1.946,0.011
21300,5.000,0.390,1.950,0.011
21500,5.000,0.390,1.950,0.011
21700,5.000,0.389,1.942,0.012
21900,5.000,0.389,1.942,0.012
22100,5.000,0.390,1.946,0.012
22300,5.000,0.389,1.946,0.012
22500,5.000,0.389,1.946,0.012
22700,5.000,0.389,1.946,0.012
22900,5.000,0.388,1.942,0.012
23100,5.000,0.389,1.946,0.012
23300,5.000,0.389,1.946,0.012
23500,5.000,0.388,1.942,0.012
23700,5.000,0.389,1.946,0.013
23900,5.000,0.389,1.946,0.013
24100,5.000,0.389,1.946,0.013
24300,5.000,0.389,1.946,0.013
24500,5.000,0.389,1.946,0.013
24700,5.000,0.389,1.946,0.013
24900,5.000,0.389,1.942,0.013
25100,5.000,0.390,1.954,0.013
25300,5.000,0.389,1.942,0.014
25500,5.000,0.388,1.942,0.014
25700,5.000,0.388,1.942,0.014
25900,5.000,0.389,1.946,0.014
26100,5.000,0.390,1.950,0.014
26300,5.000,0.389,1.946,0.014
26500,5.000,0.389,1.946,0.014
26700,5.000,0.390,1.950,0.014
26900,5.000,0.389,1.946,0.014
27100,5.000,0.389,1.946,0.014
27300,5.000,0.389,1.946,0.015
27500,5.000,0.389,1.946,0.015
27700,5.000,0.388,1.938,0.015
27900,5.000,0.388,1.938,0.015
28100,5.000,0.389,1.942,0.015
28300,5.000,0.395,1.977,0.015
28500,5.000,0.392,1.961,0.015
28700,5.000,0.389,1.946,0.015
28900,5.000,0.389,1.946,0.016
29100,5.000,0.389,1.946,0.016
29300,5.000,0.388,1.942,0.016
29500,5.000,0.389,1.946,0.016
29700,5.000,0.389,1.946,0.016
29900,5.000,0.390,1.950,0.016
30100,5.000,0.389,1.946,0.016
30300,5.000,0.389,1.946,0.016
30500,5.000,0.389,1.946,0.016
30700,5.000,0.389,1.942,0.016
30900,5.000,0.390,1.950,0.017
31100,5.000,0.390,1.950,0.017
31300,5.000,0.389,1.946,0.017
31500,5.000,0.389,1.942,0.017
31700,5.000,0.389,1.946,0.017
31900,5.000,0.389,1.946,0.017
32100,5.000,0.388,1.942,0.017
32300,5.000,0.389,1.942,0.017
32500,5.000,0.388,1.942,0.018
32700,5.000,0.389,1.942,0.018
32900,5.000,0.389,1.942,0.018
33100,5.000,0.389,1.942,0.018
33300,5.000,0.389,1.946,0.018
33500,5.000,0.389,1.946,0.018
33700,5.000,0.389,1.942,0.018
33900,5.000,0.388,1.938,0.018
34100,5.000,0.389,1.946,0.018
34300,5.000,0.389,1.946,0.018
34500,5.000,0.389,1.946,0.019
34700,5.000,0.389,1.946,0.019
34900,5.000,0.389,1.946,0.019
35100,5.000,0.389,1.946,0.019
35300,5.000,0.390,1.946,0.019
35500,5.000,0.389,1.946,0.019
35700,5.000,0.389,1.942,0.019
35900,5.000,0.388,1.942,0.019
36100,5.000,0.388,1.942,0.020
36300,5.000,0.389,1.942,0.020
36500,5.000,0.389,1.946,0.020
36700,5.000,0.389,1.946,0.020
36900,5.000,0.389,1.946,0.020
37100,5.000,0.389,1.946,0.020
37300,5.000,0.389,1.946,0.020
37500,5.000,0.389,1.946,0.020
37700,5.000,0.389,1.946,0.020
37900,5.000,0.389,1.942,0.020
38100,5.000,0.389,1.942,0.021
38300,5.000,0.390,1.946,0.021
38500,5.000,0.389,1.942,0.021
38700,5.000,0.390,1.950,0.021
38900,5.000,0.390,1.950,0.021
39100,5.000,0.389,1.946,0.021
39300,5.000,0.389,1.942,0.021
39500,5.000,0.389,1.946,0.021
39700,5.000,0.391,1.954,0.022
39900,5.000,0.391,1.954,0.022
40100,5.000,0.389,1.946,0.022
40300,5.000,0.389,1.942,0.022
40500,5.000,0.390,1.946,0.022
40700,5.000,0.390,1.946,0.022
40900,5.000,0.389,1.946,0.022
41100,5.000,0.388,1.942,0.022
41300,5.000,0.388,1.942,0.022
41500,5.000,0.389,1.946,0.022
41700,5.000,0.389,1.946,0.023
41900,5.000,0.388,1.942,0.023
42100,5.000,0.388,1.942,0.023
42300,5.000,0.389,1.946,0.023
42500,5.000,0.389,1.946,0.023
42700,5.000,0.388,1.942,0.023
42900,5.000,0.390,1.946,0.023
43100,5.000,0.390,1.946,0.023
43300,5.000,0.388,1.942,0.024
43500,5.000,0.389,1.946,0.024
43700,5.000,0.389,1.946,0.024
43900,5.000,0.389,1.946,0.024
44100,5.000,0.389,1.946,0.024
44300,5.000,0.389,1.946,0.024
44500,5.000,0.389,1.946,0.024
44700,5.000,0.389,1.946,0.024
44900,5.000,0.390,1.950,0.024
45100,5.000,0.389,1.946,0.024
45300,5.000,0.389,1.946,0.025
45500,5.000,0.388,1.942,0.025
45700,5.000,0.389,1.946,0.025
45900,5.000,0.389,1.942,0.025
46100,5.000,0.388,1.942,0.025
46300,5.000,0.388,1.942,0.025
46500,5.000,0.388,1.942,0.025
46700,5.000,0.388,1.942,0.025
46900,5.000,0.389,1.946,0.026
47100,5.000,0.389,1.946,0.026
47300,5.000,0.390,1.946,0.026
47500,5.000,0.389,1.942,0.026
47700,5.000,0.389,1.942,0.026
47900,5.000,0.389,1.942,0.026
48100,5.000,0.389,1.946,0.026
48300,5.000,0.390,1.950,0.026
48500,5.000,0.390,1.950,0.026
48700,5.000,0.389,1.946,0.026
48900,5.000,0.390,1.950,0.027
49100,5.000,0.390,1.950,0.027
49300,5.000,0.401,2.003,0.027
49500,5.000,0.402,2.011,0.027
49700,5.000,0.389,1.942,0.027
49900,5.000,0.389,1.946,0.027
50100,5.000,0.389,1.946,0.027
50300,5.000,0.390,1.946,0.027
50500,5.000,0.389,1.946,0.028
50700,5.000,0.389,1.946,0.028
50900,5.000,0.389,1.946,0.028
51100,5.000,0.389,1.946,0.028
51300,5.000,0.390,1.946,0.028
51500,5.000,0.390,1.946,0.028
51700,5.000,0.390,1.946,0.028
51900,5.000,0.389,1.946,0.028
52100,5.000,0.390,1.946,0.028
52300,5.000,0.390,1.946,0.028
52500,5.000,0.390,1.950,0.029
52700,5.000,0.390,1.950,0.029
52900,5.000,0.390,1.946,0.029
53100,5.000,0.389,1.946,0.029
53300,5.000,0.389,1.946,0.029
53500,5.000,0.389,1.942,0.029
53700,5.000,0.389,1.946,0.029
53900,5.000,0.388,1.942,0.029
54100,5.000,0.388,1.942,0.030
54300,5.000,0.390,1.950,0.030
54500,5.000,0.389,1.946,0.030
54700,5.000,0.389,1.946,0.030
54900,5.000,0.389,1.946,0.030
55100,5.000,0.389,1.946,0.030
55300,5.000,0.389,1.946,0.030
55500,5.000,0.389,1.946,0.030
55700,5.000,0.390,1.950,0.030
55900,5.000,0.389,1.946,0.030
56100,5.000,0.390,1.950,0.031
56300,5.000,0.390,1.950,0.031
56500,5.000,0.389,1.946,0.031
56700,5.000,0.389,1.946,0.031
56900,5.000,0.389,1.946,0.031
57100,5.000,0.390,1.950,0.031
57300,5.000,0.390,1.950,0.031
57500,5.000,0.388,1.942,0.031
57700,5.000,0.389,1.946,0.032
57900,5.000,0.390,1.950,0.032
58100,5.000,0.390,1.950,0.032
58300,5.000,0.389,1.946,0.032
58500,5.000,0.389,1.946,0.032
58700,5.000,0.389,1.946,0.032
58900,5.000,0.389,1.946,0.032
59100,5.000,0.389,1.942,0.032
59300,5.000,0.389,1.946,0.032
59500,5.000,0.389,1.946,0.032
59700,5.000,0.389,1.946,0.033
59900,5.000,0.390,1.950,0.033
60100,5.000,0.390,1.950,0.033
60300,5.000,0.389,1.946,0.033
60500,5.000,0.389,1.946,0.033
60700,5.000,0.389,1.946,0.033
60900,5.000,0.390,1.946,0.033
61100,5.000,0.390,1.946,0.033
61300,5.000,0.390,1.950,0.034
61500,5.000,0.390,1.946,0.034
61700,5.000,0.389,1.942,0.034
61900,5.000,0.389,1.942,0.034
62100,5.000,0.390,1.946,0.034
62300,5.000,0.389,1.946,0.034
62500,5.000,0.389,1.942,0.034
62700,5.000,0.389,1.942,0.034
62900,5.000,0.389,1.946,0.034
63100,5.000,0.390,1.950,0.034
63300,5.000,0.390,1.950,0.035
63500,5.000,0.389,1.946,0.035
63700,5.000,0.389,1.942,0.035
63900,5.000,0.389,1.946,0.035
64100,5.000,0.389,1.946,0.035
64300,5.000,0.389,1.946,0.035
64500,5.000,0.389,1.946,0.035
64700,5.000,0.391,1.954,0.035
64900,5.000,0.391,1.954,0.036
65100,5.000,0.391,1.954,0.036
65300,5.000,0.389,1.946,0.036
65500,5.000,0.389,1.946,0.036
65700,5.000,0.390,1.950,0.036
65900,5.000,0.390,1.950,0.036
66100,5.000,0.389,1.946,0.036
66300,5.000,0.389,1.946,0.036
66500,5.000,0.389,1.946,0.036
66700,5.000,0.389,1.946,0.036
66900,5.000,0.389,1.946,0.037
67100,5.000,0.388,1.942,0.037
67300,5.000,0.390,1.946,0.037
67500,5.000,0.390,1.946,0.037
67700,5.000,0.389,1.942,0.037
67900,5.000,0.390,1.946,0.037
68100,5.000,0.389,1.946,0.037
68300,5.000,0.389,1.946,0.037
68500,5.000,0.390,1.950,0.038
68700,5.000,0.390,1.946,0.038
68900,5.000,0.388,1.942,0.038
69100,5.000,0.388,1.942,0.038
69300,5.000,0.390,1.950,0.038
69500,5.000,0.390,1.946,0.038
69700,5.000,0.390,1.946,0.038
69900,5.000,0.390,1.950,0.038
70100,5.000,0.389,1.946,0.038
70300,5.000,0.389,1.942,0.038
70500,5.000,0.389,1.942,0.039
70700,5.000,0.390,1.946,0.039
70900,5.000,0.389,1.942,0.039
71100,5.000,0.389,1.942,0.039
71300,5.000,0.389,1.946,0.039
71500,5.000,0.389,1.946,0.039
71700,5.000,0.389,1.946,0.039
71900,5.000,0.389,1.946,0.039
72100,5.000,0.389,1.946,0.040
72300,5.000,0.389,1.946,0.040
72500,5.000,0.389,1.942,0.040
72700,5.000,0.390,1.946,0.040
72900,5.000,0.390,1.946,0.040
73100,5.000,0.390,1.946,0.040
73300,5.000,0.390,1.946,0.040
73500,5.000,0.390,1.950,0.040
73700,5.000,0.390,1.950,0.040
73900,5.000,0.389,1.946,0.040
74100,5.000,0.389,1.946,0.041
74300,5.000,0.388,1.942,0.041
74500,5.000,0.390,1.950,0.041
74700,5.000,0.390,1.950,0.041
74900,5.000,0.389,1.946,0.041
75100,5.000,0.389,1.942,0.041
75300,5.000,0.389,1.942,0.041
75500,5.000,0.389,1.946,0.041
75700,5.000,0.389,1.942,0.042
75900,5.000,0.389,1.946,0.042
76100,5.000,0.389,1.946,0.042
76300,5.000,0.390,1.946,0.042
76500,5.000,0.390,1.946,0.042
76700,5.000,0.390,1.950,0.042
76900,5.000,0.390,1.950,0.042
77100,5.000,0.399,1.992,0.042
77300,5.000,0.389,1.946,0.042
77500,5.000,0.389,1.946,0.043
77700,5.000,0.389,1.946,0.043
77900,5.000,0.389,1.946,0.043
78100,5.000,0.388,1.942,0.043
78300,5.000,0.389,1.946,0.043
78500,5.000,0.389,1.946,0.043
78700,5.000,0.390,1.946,0.043
78900,5.000,0.389,1.946,0.043
79100,5.000,0.389,1.946,0.043
79300,5.000,0.389,1.946,0.044
79500,5.000,0.389,1.946,0.044
79700,5.000,0.389,1.946,0.044
79900,5.000,0.389,1.946,0.044
80100,5.000,0.389,1.946,0.044
80300,5.000,0.389,1.946,0.044
80500,5.000,0.390,1.950,0.044
80700,5.000,0.390,1.950,0.044
80900,5.000,0.389,1.946,0.044
81100,5.000,0.390,1.946,0.045
81300,5.000,0.390,1.950,0.045
81500,5.000,0.389,1.946,0.045
81700,5.000,0.389,1.946,0.045
81900,5.000,0.389,1.946,0.045
82100,5.000,0.389,1.946,0.045
82300,5.000,0.389,1.946,0.045
82500,5.000,0.389,1.946,0.045
82700,5.000,0.389,1.946,0.045
82900,5.000,0.389,1.942,0.046
83100,5.000,0.389,1.942,0.046
83300,5.000,0.389,1.942,0.046
83500,5.000,0.390,1.950,0.046
83700,5.000,0.389,1.942,0.046
83900,5.000,0.389,1.942,0.046
84100,5.000,0.389,1.946,0.046
84300,5.000,0.389,1.946,0.046
84500,5.000,0.391,1.954,0.046
84700,5.000,0.390,1.950,0.047
84900,5.000,0.390,1.950,0.047
85100,5.000,0.389,1.946,0.047
85300,5.000,0.390,1.946,0.047
85500,5.000,0.390,1.950,0.047
85700,5.000,0.390,1.950,0.047
85900,5.000,0.389,1.946,0.047
86100,5.000,0.390,1.946,0.047
86300,5.000,0.390,1.946,0.047
86500,5.000,0.389,1.946,0.048
86700,5.000,0.388,1.942,0.048
86900,5.000,0.390,1.946,0.048
87100,5.000,0.390,1.946,0.048
87300,5.000,0.389,1.942,0.048
87500,5.000,0.389,1.946,0.048
87700,5.000,0.389,1.946,0.048
87900,5.000,0.389,1.946,0.048
88100,5.000,0.389,1.946,0.048
88300,5.000,0.390,1.950,0.049
88500,5.000,0.389,1.946,0.049
88700,5.000,0.389,1.946,0.049
88900,5.000,0.389,1.946,0.049
89100,5.000,0.390,1.950,0.049
89300,5.000,0.390,1.946,0.049
89500,5.000,0.390,1.946,0.049
89700,5.000,0.390,1.946,0.049
89900,5.000,0.389,1.946,0.049
90100,5.000,0.388,1.942,0.050
90300,5.000,0.388,1.942,0.050
90500,5.000,0.389,1.946,0.050
90700,5.000,0.389,1.946,0.050
90900,5.000,0.389,1.946,0.050
91100,5.000,0.389,1.946,0.050
91300,5.000,0.389,1.946,0.050
91500,5.000,0.389,1.946,0.050
91700,5.000,0.389,1.946,0.050
91900,5.000,0.389,1.942,0.051
92100,5.000,0.389,1.942,0.051
92300,5.000,0.389,1.942,0.051
92500,5.000,0.390,1.946,0.051
92700,5.000,0.390,1.946,0.051
92900,5.000,0.389,1.946,0.051
93100,5.000,0.390,1.950,0.051
93300,5.000,0.389,1.946,0.051
93500,5.000,0.389,1.946,0.051
93700,5.000,0.389,1.946,0.052
93900,5.000,0.390,1.950,0.052
94100,5.000,0.390,1.950,0.052
94300,5.000,0.389,1.946,0.052
94500,5.000,0.390,1.950,0.052
94700,5.000,0.389,1.946,0.052
94900,5.000,0.389,1.946,0.052
95100,5.000,0.389,1.946,0.052
95300,5.000,0.389,1.942,0.052
95500,5.000,0.388,1.942,0.053
95700,5.000,0.388,1.942,0.053
95900,5.000,0.388,1.942,0.053
96100,5.000,0.390,1.950,0.053
96300,5.000,0.389,1.946,0.053
96500,5.000,0.389,1.946,0.053
96700,5.000,0.389,1.946,0.053
96900,5.000,0.389,1.946,0.053
97100,5.000,0.390,1.950,0.053
97300,5.000,0.390,1.950,0.054
97500,5.000,0.389,1.946,0.054
97700,5.000,0.390,1.946,0.054
97900,5.000,0.390,1.950,0.054
98100,5.000,0.390,1.950,0.054
98300,5.000,0.390,1.950,0.054
98500,5.000,0.389,1.946,0.054
98700,5.000,0.389,1.942,0.054
98900,5.000,0.390,1.946,0.054
99100,5.000,0.390,1.946,0.055
99300,5.000,0.390,1.950,0.055
99500,5.000,0.389,1.946,0.055
99700,5.000,0.390,1.950,0.055
99900,5.000,0.390,1.950,0.055
100100,5.000,0.389,1.942,0.055
100300,5.000,0.389,1.946,0.055
100500,5.000,0.389,1.946,0.055
100700,5.000,0.389,1.946,0.055
100900,5.000,0.390,1.950,0.056
101100,5.000,0.389,1.946,0.056
101300,5.000,0.389,1.946,0.056
101500,5.000,0.389,1.942,0.056
101700,5.000,0.390,1.950,0.056
101900,5.000,0.390,1.950,0.056
102100,5.000,0.389,1.946,0.056
102300,5.000,0.389,1.946,0.056
102500,5.000,0.389,1.946,0.056
102700,5.000,0.389,1.946,0.057
102900,5.000,0.389,1.946,0.057
103100,5.000,0.389,1.946,0.057
103300,5.000,0.389,1.946,0.057
103500,5.000,0.389,1.942,0.057
103700,5.000,0.389,1.942,0.057
103900,5.000,0.389,1.946,0.057
104100,5.000,0.389,1.946,0.057
104300,5.000,0.390,1.954,0.057
104500,5.000,0.390,1.954,0.058
104700,5.000,0.389,1.946,0.058
104900,5.000,0.390,1.950,0.058
105100,5.000,0.390,1.950,0.058
105300,5.000,0.391,1.954,0.058
105500,5.000,0.389,1.946,0.058
105700,5.000,0.390,1.946,0.058
105900,5.000,0.390,1.950,0.058
106100,5.000,0.390,1.950,0.058
106300,5.000,0.397,1.984,0.059
106500,5.000,0.389,1.942,0.059
106700,5.000,0.390,1.950,0.059
106900,5.000,0.390,1.950,0.059
107100,5.000,0.389,1.942,0.059
107300,5.000,0.389,1.942,0.059
107500,5.000,0.401,2.007,0.059
107700,5.000,0.401,2.007,0.059
107900,5.000,0.400,2.000,0.059
108100,5.000,0.389,1.946,0.060
108300,5.000,0.389,1.946,0.060
108500,5.000,0.389,1.946,0.060
108700,5.000,0.390,1.950,0.060
108900,5.000,0.390,1.946,0.060
109100,5.000,0.389,1.942,0.060
109300,5.000,0.389,1.942,0.060
109500,5.000,0.389,1.946,0.060
109700,5.000,0.389,1.946,0.060
109900,5.000,0.389,1.942,0.061
110100,5.000,0.389,1.942,0.061
110300,5.000,0.389,1.946,0.061
110500,5.000,0.389,1.942,0.061
110700,5.000,0.389,1.942,0.061
110900,5.000,0.389,1.942,0.061
111100,5.000,0.388,1.942,0.061
111300,5.000,0.388,1.938,0.061
111500,5.000,0.388,1.938,0.061
111700,5.000,0.390,1.950,0.062
111900,5.000,0.388,1.942,0.062
112100,5.000,0.388,1.942,0.062
112300,5.000,0.388,1.942,0.062
112500,5.000,0.389,1.946,0.062
112700,5.000,0.389,1.946,0.062
112900,5.000,0.388,1.942,0.062
113100,5.000,0.389,1.942,0.062
113300,5.000,0.389,1.942,0.062
113500,5.000,0.389,1.942,0.063
113700,5.000,0.389,1.946,0.063
113900,5.000,0.389,1.946,0.063
114100,5.000,0.389,1.946,0.063
114300,5.000,0.391,1.958,0.063
114500,5.000,0.390,1.950,0.063
114700,5.000,0.390,1.950,0.063
114900,5.000,0.389,1.946,0.063
115100,5.000,0.389,1.946,0.063
115300,5.000,0.389,1.946,0.064
115500,5.000,0.389,1.946,0.064
115700,5.000,0.390,1.946,0.064
115900,5.000,0.389,1.946,0.064
116100,5.000,0.389,1.946,0.064
116300,5.000,0.390,1.946,0.064
116500,5.000,0.390,1.946,0.064
116700,5.000,0.389,1.946,0.064
116900,5.000,0.389,1.942,0.064
117100,5.000,0.389,1.942,0.065
117300,5.000,0.389,1.946,0.065
117500,5.000,0.390,1.950,0.065
117700,5.000,0.388,1.942,0.065
117900,5.000,0.388,1.942,0.065
118100,5.000,0.389,1.942,0.065
118300,5.000,0.389,1.946,0.065
118500,5.000,0.389,1.946,0.065
118700,5.000,0.389,1.946,0.065
118900,5.000,0.389,1.946,0.066
119100,5.000,0.389,1.946,0.066
119300,5.000,0.389,1.946,0.066
119500,5.000,0.389,1.946,0.066
119700,5.000,0.389,1.946,0.066
119900,5.000,0.390,1.950,0.066
120100,5.000,0.390,1.946,0.066
120300,5.000,0.390,1.946,0.066
120500,5.000,0.389,1.946,0.066
120700,5.000,0.389,1.946,0.067
120900,5.000,0.389,1.946,0.067
121100,5.000,0.389,1.946,0.067
121300,5.000,0.389,1.942,0.067
121500,5.000,0.389,1.942,0.067
121700,5.000,0.390,1.946,0.067
121900,5.000,0.390,1.946,0.067
122100,5.000,0.389,1.942,0.067
122300,5.000,0.390,1.950,0.067
122500,5.000,0.390,1.950,0.068
122700,5.000,0.389,1.946,0.068
122900,5.000,0.389,1.946,0.068
123100,5.000,0.389,1.946,0.068
123300,5.000,0.389,1.946,0.068
123500,5.000,0.389,1.946,0.068
123700,5.000,0.390,1.950,0.068
123900,5.000,0.389,1.946,0.068
124100,5.000,0.391,1.958,0.068
124300,5.000,0.391,1.958,0.069
124500,5.000,0.390,1.950,0.069
124700,5.000,0.389,1.946,0.069
124900,5.000,0.389,1.946,0.069
125100,5.000,0.389,1.946,0.069
125300,5.000,0.390,1.946,0.069
125500,5.000,0.389,1.942,0.069
125700,5.000,0.389,1.942,0.069
125900,5.000,0.389,1.946,0.069
126100,5.000,0.389,1.946,0.070
126300,5.000,0.389,1.946,0.070
126500,5.000,0.389,1.946,0.070
126700,5.000,0.389,1.946,0.070
126900,5.000,0.389,1.942,0.070
127100,5.000,0.389,1.946,0.070
127300,5.000,0.389,1.946,0.070
127500,5.000,0.389,1.946,0.070
127700,5.000,0.389,1.942,0.070
127900,5.000,0.389,1.946,0.071
128100,5.000,0.389,1.946,0.071
128300,5.000,0.390,1.946,0.071
128500,5.000,0.389,1.942,0.071
128700,5.000,0.390,1.946,0.071
128900,5.000,0.390,1.946,0.071
129100,5.000,0.389,1.946,0.071
129300,5.000,0.391,1.954,0.071
129500,5.000,0.389,1.946,0.071
129700,5.000,0.389,1.946,0.072
129900,5.000,0.389,1.942,0.072
130100,5.000,0.389,1.946,0.072
130300,5.000,0.389,1.946,0.072
130500,5.000,0.388,1.942,0.072
130700,5.000,0.388,1.942,0.072
130900,5.000,0.389,1.942,0.072
131100,5.000,0.390,1.946,0.072
131300,5.000,0.390,1.946,0.072
131500,5.000,0.389,1.946,0.073
131700,5.000,0.389,1.946,0.073
131900,5.000,0.390,1.950,0.073
132100,5.000,0.390,1.950,0.073
132300,5.000,0.390,1.946,0.073
132500,5.000,0.389,1.946,0.073
132700,5.000,0.390,1.950,0.073
132900,5.000,0.390,1.950,0.073
133100,5.000,0.390,1.950,0.073
133300,5.000,0.390,1.950,0.074
133500,5.000,0.389,1.946,0.074
133700,5.000,0.390,1.946,0.074
133900,5.000,0.390,1.946,0.074
134100,5.000,0.390,1.950,0.074
134300,5.000,0.389,1.942,0.074
134500,5.000,0.389,1.942,0.074
134700,5.000,0.390,1.950,0.074
134900,5.000,0.390,1.946,0.074
135100,5.000,0.389,1.946,0.075
135300,5.000,0.389,1.946,0.075
135500,5.000,0.389,1.942,0.075
135700,5.000,0.389,1.942,0.075
135900,5.000,0.390,1.946,0.075
136100,5.000,0.390,1.946,0.075
136300,5.000,0.389,1.942,0.075
136500,5.000,0.389,1.946,0.075
136700,5.000,0.389,1.946,0.075
136900,5.000,0.390,1.946,0.076
137100,5.000,0.389,1.946,0.076
137300,5.000,0.389,1.946,0.076
137500,5.000,0.389,1.946,0.076
137700,5.000,0.389,1.946,0.076
137900,5.000,0.390,1.950,0.076
138100,5.000,0.389,1.946,0.076
138300,5.000,0.389,1.942,0.076
138500,5.000,0.389,1.942,0.076
138700,5.000,0.389,1.946,0.077
138900,5.000,0.389,1.942,0.077
139100,5.000,0.389,1.942,0.077
139300,5.000,0.390,1.950,0.077
139500,5.000,0.389,1.946,0.077
139700,5.000,0.389,1.942,0.077
139900,5.000,0.389,1.942,0.077
140100,5.000,0.389,1.946,0.077
140300,5.000,0.389,1.946,0.077
140500,5.000,0.388,1.942,0.078
140700,5.000,0.390,1.946,0.078
140900,5.000,0.390,1.946,0.078
141100,5.000,0.388,1.942,0.078
141300,5.000,0.389,1.946,0.078
141500,5.000,0.390,1.950,0.078
141700,5.000,0.390,1.950,0.078
141900,5.000,0.389,1.946,0.078
142100,5.000,0.389,1.946,0.078
142300,5.000,0.389,1.946,0.079
142500,5.000,0.389,1.946,0.079
142700,5.000,0.389,1.946,0.079
142900,5.000,0.389,1.946,0.079
143100,5.000,0.389,1.946,0.079
143300,5.000,0.388,1.938,0.079
143500,5.000,0.389,1.942,0.079
143700,5.000,0.390,1.950,0.079
143900,5.000,0.390,1.950,0.079
144100,5.000,0.390,1.950,0.080
144300,5.000,0.389,1.942,0.080
144500,5.000,0.389,1.946,0.080
144700,5.000,0.388,1.942,0.080
144900,5.000,0.388,1.942,0.080
145100,5.000,0.389,1.946,0.080
145300,5.000,0.389,1.946,0.080
145500,5.000,0.389,1.946,0.080
145700,5.000,0.389,1.942,0.080
145900,5.000,0.389,1.942,0.081
146100,5.000,0.389,1.942,0.081
146300,5.000,0.389,1.942,0.081
146500,5.000,0.389,1.946,0.081
146700,5.000,0.389,1.946,0.081
146900,5.000,0.389,1.942,0.081
147100,5.000,0.389,1.942,0.081
147300,5.000,0.389,1.946,0.081
147500,5.000,0.389,1.942,0.081
147700,5.000,0.389,1.946,0.082
147900,5.000,0.389,1.942,0.082
148100,5.000,0.389,1.942,0.082
148300,5.000,0.388,1.938,0.082
148500,5.000,0.390,1.950,0.082
148700,5.000,0.390,1.950,0.082
148900,5.000,0.389,1.946,0.082
149100,5.000,0.389,1.942,0.082
149300,5.000,0.388,1.942,0.082
149500,5.000,0.388,1.942,0.083
149700,5.000,0.390,1.946,0.083
149900,5.000,0.400,2.000,0.083
150100,5.000,0.400,2.000,0.083
150300,5.000,0.389,1.946,0.083
150500,5.000,0.390,1.946,0.083
150700,5.000,0.389,1.946,0.083
150900,5.000,0.389,1.946,0.083
151100,5.000,0.389,1.946,0.083
151300,5.000,0.389,1.946,0.084
151500,5.000,0.390,1.946,0.084
151700,5.000,0.388,1.942,0.084
151900,5.000,0.388,1.942,0.084
152100,5.000,0.389,1.946,0.084
152300,5.000,0.389,1.946,0.084
152500,5.000,0.389,1.946,0.084
152700,5.000,0.389,1.946,0.084
152900,5.000,0.389,1.946,0.084
153100,5.000,0.388,1.942,0.085
153300,5.000,0.388,1.942,0.085
153500,5.000,0.390,1.950,0.085
153700,5.000,0.389,1.946,0.085
153900,5.000,0.390,1.950,0.085
154100,5.000,0.390,1.950,0.085
154300,5.000,0.390,1.950,0.085
154500,5.000,0.389,1.946,0.085
154700,5.000,0.389,1.946,0.086
154900,5.000,0.389,1.946,0.086
155100,5.000,0.389,1.946,0.086
155300,5.000,0.388,1.942,0.086
155500,5.000,0.389,1.946,0.086
155700,5.000,0.390,1.946,0.086
155900,5.000,0.390,1.946,0.086
156100,5.000,0.389,1.942,0.086
156300,5.000,0.389,1.946,0.086
156500,5.000,0.389,1.946,0.086
156700,5.000,0.389,1.946,0.087
156900,5.000,0.389,1.946,0.087
157100,5.000,0.389,1.946,0.087
157300,5.000,0.389,1.946,0.087
157500,5.000,0.389,1.946,0.087
157700,5.000,0.389,1.946,0.087
157900,5.000,0.389,1.946,0.087
158100,5.000,0.389,1.946,0.087
158300,5.000,0.389,1.946,0.088
158500,5.000,0.389,1.946,0.088
158700,5.000,0.389,1.942,0.088
158900,5.000,0.390,1.950,0.088
159100,5.000,0.390,1.950,0.088
159300,5.000,0.390,1.950,0.088
159500,5.000,0.390,1.946,0.088
159700,5.000,0.390,1.946,0.088
159900,5.000,0.389,1.942,0.088
160100,5.000,0.389,1.942,0.088
160300,5.000,0.389,1.942,0.089
160500,5.000,0.389,1.942,0.089
160700,5.000,0.389,1.946,0.089
160900,5.000,0.388,1.942,0.089
161100,5.000,0.388,1.942,0.089
161300,5.000,0.389,1.946,0.089
161500,5.000,0.388,1.942,0.089
161700,5.000,0.388,1.942,0.089
161900,5.000,0.388,1.942,0.089
162100,5.000,0.388,1.942,0.090
162300,5.000,0.388,1.942,0.090
162500,5.000,0.388,1.942,0.090
162700,5.000,0.389,1.946,0.090
162900,5.000,0.389,1.946,0.090
163100,5.000,0.389,1.946,0.090
163300,5.000,0.388,1.942,0.090
163500,5.000,0.388,1.942,0.090
163700,5.000,0.388,1.942,0.090
163900,5.000,0.390,1.954,0.091
164100,5.000,0.390,1.950,0.091
164300,5.000,0.390,1.950,0.091
164500,5.000,0.388,1.942,0.091
164700,5.000,0.388,1.942,0.091
164900,5.000,0.388,1.942,0.091
165100,5.000,0.389,1.946,0.091
165300,5.000,0.389,1.946,0.091
165500,5.000,0.388,1.938,0.091
165700,5.000,0.388,1.938,0.092
165900,5.000,0.408,2.042,0.092
166100,5.000,0.408,2.042,0.092
166300,5.000,0.394,1.969,0.092
166500,5.000,0.388,1.942,0.092
166700,5.000,0.388,1.938,0.092
166900,5.000,0.388,1.938,0.092
167100,5.000,0.388,1.942,0.092
167300,5.000,0.389,1.946,0.092
167500,5.000,0.389,1.946,0.093
167700,5.000,0.389,1.946,0.093
167900,5.000,0.389,1.942,0.093
168100,5.000,0.389,1.946,0.093
168300,5.000,0.389,1.946,0.093
168500,5.000,0.389,1.946,0.093
168700,5.000,0.389,1.946,0.093
168900,5.000,0.389,1.946,0.093
169100,5.000,0.388,1.942,0.094
169300,5.000,0.388,1.942,0.094
169500,5.000,0.388,1.938,0.094
169700,5.000,0.389,1.942,0.094
169900,5.000,0.389,1.946,0.094
170100,5.000,0.389,1.946,0.094
170300,5.000,0.388,1.938,0.094
170500,5.000,0.389,1.942,0.094
170700,5.000,0.389,1.942,0.094
170900,5.000,0.388,1.942,0.094
171100,5.000,0.388,1.942,0.095
171300,5.000,0.388,1.942,0.095
171500,5.000,0.388,1.942,0.095
171700,5.000,0.388,1.942,0.095
171900,5.000,0.390,1.950,0.095
172100,5.000,0.389,1.942,0.095
172300,5.000,0.388,1.938,0.095
172500,5.000,0.388,1.938,0.095
172700,5.000,0.389,1.946,0.096
172900,5.000,0.389,1.946,0.096
173100,5.000,0.389,1.946,0.096
173300,5.000,0.388,1.942,0.096
173500,5.000,0.389,1.946,0.096
173700,5.000,0.389,1.946,0.096
173900,5.000,0.389,1.946,0.096
174100,5.000,0.388,1.942,0.096
174300,5.000,0.389,1.942,0.096
174500,5.000,0.388,1.942,0.096
174700,5.000,0.388,1.942,0.097
174900,5.000,0.389,1.946,0.097
175100,5.000,0.388,1.942,0.097
175300,5.000,0.388,1.942,0.097
175500,5.000,0.389,1.946,0.097
175700,5.000,0.389,1.946,0.097
175900,5.000,0.388,1.938,0.097
176100,5.000,0.389,1.946,0.097
176300,5.000,0.389,1.946,0.098
176500,5.000,0.388,1.942,0.098
176700,5.000,0.390,1.946,0.098
176900,5.000,0.389,1.942,0.098
177100,5.000,0.389,1.942,0.098
177300,5.000,0.389,1.946,0.098
177500,5.000,0.389,1.946,0.098
177700,5.000,0.390,1.946,0.098
177900,5.000,0.390,1.946,0.098
178100,5.000,0.389,1.942,0.098
178300,5.000,0.389,1.942,0.099
178500,5.000,0.389,1.942,0.099
178700,5.000,0.390,1.946,0.099
178900,5.000,0.389,1.946,0.099
179100,5.000,0.389,1.946,0.099
179300,5.000,0.388,1.942,0.099
179500,5.000,0.388,1.942,0.099
179700,5.000,0.390,1.950,0.099
179900,5.000,0.388,1.942,0.100
180100,5.000,0.389,1.942,0.100
180300,5.000,0.389,1.942,0.100
180500,5.000,0.389,1.946,0.100
180700,5.000,0.390,1.950,0.100
180900,5.000,0.389,1.942,0.100
181100,5.000,0.389,1.942,0.100
181300,5.000,0.389,1.946,0.100
181500,5.000,0.389,1.942,0.100
181700,5.000,0.389,1.942,0.100
181900,5.000,0.389,1.946,0.101
182100,5.000,0.389,1.946,0.101
182300,5.000,0.389,1.946,0.101
182500,5.000,0.389,1.946,0.101
182700,5.000,0.389,1.946,0.101
182900,5.000,0.388,1.942,0.101
183100,5.000,0.389,1.942,0.101
183300,5.000,0.389,1.946,0.101
183500,5.000,0.389,1.946,0.102
183700,5.000,0.391,1.954,0.102
183900,5.000,0.389,1.946,0.102
184100,5.000,0.389,1.946,0.102
184300,5.000,0.389,1.946,0.102
184500,5.000,0.389,1.946,0.102
184700,5.000,0.390,1.950,0.102
184900,5.000,0.390,1.950,0.102
185100,5.000,0.389,1.946,0.102
185300,5.000,0.390,1.946,0.102
185500,5.000,0.390,1.950,0.103
185700,5.000,0.390,1.950,0.103
185900,5.000,0.389,1.942,0.103
186100,5.000,0.390,1.946,0.103
186300,5.000,0.390,1.950,0.103
186500,5.000,0.389,1.946,0.103
186700,5.000,0.389,1.946,0.103
186900,5.000,0.389,1.946,0.103
187100,5.000,0.389,1.946,0.104
187300,5.000,0.389,1.946,0.104
187500,5.000,0.389,1.946,0.104
187700,5.000,0.389,1.946,0.104
187900,5.000,0.388,1.942,0.104
188100,5.000,0.388,1.942,0.104
188300,5.000,0.389,1.946,0.104
188500,5.000,0.390,1.950,0.104
188700,5.000,0.390,1.950,0.104
188900,5.000,0.390,1.950,0.104
189100,5.000,0.389,1.946,0.105
189300,5.000,0.389,1.946,0.105
189500,5.000,0.389,1.946,0.105
189700,5.000,0.390,1.946,0.105
189900,5.000,0.390,1.946,0.105
190100,5.000,0.389,1.942,0.105
190300,5.000,0.390,1.946,0.105
190500,5.000,0.390,1.946,0.105
190700,5.000,0.390,1.950,0.106
190900,5.000,0.389,1.946,0.106
191100,5.000,0.389,1.946,0.106
191300,5.000,0.389,1.946,0.106
191500,5.000,0.389,1.946,0.106
191700,5.000,0.389,1.946,0.106
191900,5.000,0.389,1.946,0.106
192100,5.000,0.389,1.946,0.106
192300,5.000,0.389,1.946,0.106
192500,5.000,0.389,1.946,0.106
192700,5.000,0.389,1.946,0.107
192900,5.000,0.389,1.946,0.107
193100,5.000,0.389,1.946,0.107
193300,5.000,0.389,1.946,0.107
193500,5.000,0.388,1.942,0.107
193700,5.000,0.388,1.942,0.107
193900,5.000,0.391,1.954,0.107
194100,5.000,0.390,1.946,0.107
194300,5.000,0.390,1.950,0.108
194500,5.000,0.390,1.950,0.108
194700,5.000,0.390,1.946,0.108
194900,5.000,0.388,1.942,0.108
195100,5.000,0.388,1.942,0.108
195300,5.000,0.390,1.950,0.108
195500,5.000,0.389,1.946,0.108
195700,5.000,0.389,1.946,0.108
195900,5.000,0.389,1.946,0.108
196100,5.000,0.390,1.946,0.108
196300,5.000,0.390,1.950,0.109
196500,5.000,0.389,1.942,0.109
196700,5.000,0.389,1.946,0.109
196900,5.000,0.389,1.946,0.109
197100,5.000,0.389,1.946,0.109
197300,5.000,0.389,1.942,0.109
197500,5.000,0.389,1.946,0.109
197700,5.000,0.389,1.946,0.109
197900,5.000,0.388,1.942,0.110
198100,5.000,0.390,1.950,0.110
198300,5.000,0.390,1.950,0.110
198500,5.000,0.389,1.946,0.110
198700,5.000,0.389,1.946,0.110
198900,5.000,0.390,1.950,0.110
199100,5.000,0.390,1.950,0.110
199300,5.000,0.389,1.946,0.110
199500,5.000,0.390,1.950,0.110
199700,5.000,0.389,1.946,0.110
199900,5.000,0.389,1.946,0.111
200100,5.000,0.390,1.950,0.111
200300,5.000,0.389,1.946,0.111
200500,5.000,0.388,1.942,0.111
200700,5.000,0.388,1.942,0.111
200900,5.000,0.388,1.942,0.111
201100,5.000,0.390,1.950,0.111
201300,5.000,0.389,1.942,0.111
201500,5.000,0.389,1.942,0.112
201700,5.000,0.389,1.946,0.112
201900,5.000,0.389,1.946,0.112
202100,5.000,0.389,1.946,0.112
202300,5.000,0.389,1.946,0.112
202500,5.000,0.389,1.946,0.112
202700,5.000,0.388,1.942,0.112
202900,5.000,0.389,1.946,0.112
203100,5.000,0.389,1.946,0.112
203300,5.000,0.389,1.946,0.112
203500,5.000,0.390,1.950,0.113
203700,5.000,0.389,1.946,0.113
203900,5.000,0.389,1.950,0.113
204100,5.000,0.390,1.950,0.113
204300,5.000,0.389,1.942,0.113
204500,5.000,0.390,1.950,0.113
204700,5.000,0.390,1.950,0.113
204900,5.000,0.390,1.950,0.113
205100,5.000,0.389,1.946,0.114
205300,5.000,0.389,1.942,0.114
205500,5.000,0.389,1.942,0.114
205700,5.000,0.389,1.942,0.114
205900,5.000,0.389,1.946,0.114
206100,5.000,0.389,1.946,0.114
206300,5.000,0.389,1.942,0.114
206500,5.000,0.389,1.946,0.114
206700,5.000,0.389,1.946,0.114
206900,5.000,0.389,1.946,0.114
207100,5.000,0.389,1.946,0.115
207300,5.000,0.389,1.942,0.115
207500,5.000,0.389,1.946,0.115
207700,5.000,0.389,1.946,0.115
207900,5.000,0.389,1.946,0.115
208100,5.000,0.390,1.950,0.115
208300,5.000,0.389,1.946,0.115
208500,5.000,0.390,1.950,0.115
208700,5.000,0.390,1.950,0.116
208900,5.000,0.390,1.950,0.116
209100,5.000,0.388,1.942,0.116
209300,5.000,0.388,1.942,0.116
209500,5.000,0.389,1.946,0.116
209700,5.000,0.389,1.946,0.116
209900,5.000,0.389,1.946,0.116
210100,5.000,0.389,1.946,0.116
210300,5.000,0.390,1.946,0.116
210500,5.000,0.389,1.942,0.117
210700,5.000,0.389,1.942,0.117
210900,5.000,0.389,1.946,0.117
211100,5.000,0.389,1.946,0.117
211300,5.000,0.388,1.942,0.117
211500,5.000,0.389,1.946,0.117
211700,5.000,0.390,1.950,0.117
211900,5.000,0.390,1.950,0.117
212100,5.000,0.389,1.946,0.117
212300,5.000,0.389,1.946,0.118
212500,5.000,0.389,1.946,0.118
212700,5.000,0.389,1.946,0.118
212900,5.000,0.389,1.946,0.118
213100,5.000,0.389,1.946,0.118
213300,5.000,0.389,1.946,0.118
213500,5.000,0.389,1.946,0.118
213700,5.000,0.391,1.954,0.118
213900,5.000,0.389,1.942,0.118
214100,5.000,0.388,1.942,0.119
214300,5.000,0.388,1.942,0.119
214500,5.000,0.389,1.946,0.119
214700,5.000,0.389,1.946,0.119
214900,5.000,0.389,1.942,0.119
215100,5.000,0.389,1.942,0.119
215300,5.000,0.390,1.950,0.119
215500,5.000,0.389,1.946,0.119
215700,5.000,0.389,1.946,0.119
215900,5.000,0.389,1.946,0.120
216100,5.000,0.389,1.942,0.120
216300,5.000,0.389,1.946,0.120
216500,5.000,0.389,1.946,0.120
216700,5.000,0.390,1.950,0.120
216900,5.000,0.390,1.950,0.120
217100,5.000,0.390,1.950,0.120
217300,5.000,0.389,1.946,0.120
217500,5.000,0.389,1.946,0.120
217700,5.000,0.389,1.942,0.121
217900,5.000,0.389,1.946,0.121
218100,5.000,0.389,1.946,0.121
218300,5.000,0.389,1.946,0.121
218500,5.000,0.391,1.954,0.121
218700,5.000,0.389,1.946,0.121
218900,5.000,0.389,1.946,0.121
219100,5.000,0.389,1.946,0.121
219300,5.000,0.389,1.946,0.121
219500,5.000,0.389,1.946,0.122
219700,5.000,0.389,1.946,0.122
219900,5.000,0.390,1.950,0.122
220100,5.000,0.389,1.946,0.122
220300,5.000,0.389,1.946,0.122
220500,5.000,0.389,1.946,0.122
220700,5.000,0.390,1.950,0.122
220900,5.000,0.389,1.946,0.122
221100,5.000,0.389,1.946,0.122
221300,5.000,0.389,1.946,0.123
221500,5.000,0.390,1.946,0.123
221700,5.000,0.389,1.946,0.123
221900,5.000,0.389,1.946,0.123
222100,5.000,0.389,1.946,0.123
222300,5.000,0.390,1.950,0.123
222500,5.000,0.389,1.946,0.123
222700,5.000,0.388,1.942,0.123
222900,5.000,0.388,1.942,0.123
223100,5.000,0.389,1.946,0.124
223300,5.000,0.390,1.950,0.124
223500,5.000,0.390,1.950,0.124
223700,5.000,0.389,1.946,0.124
223900,5.000,0.390,1.950,0.124
224100,5.000,0.389,1.946,0.124
224300,5.000,0.389,1.946,0.124
224500,5.000,0.413,2.064,0.124
224700,5.000,0.389,1.946,0.124
224900,5.000,0.388,1.942,0.125
225100,5.000,0.389,1.946,0.125
225300,5.000,0.389,1.946,0.125
225500,5.000,0.390,1.950,0.125
225700,5.000,0.389,1.946,0.125
225900,5.000,0.389,1.946,0.125
226100,5.000,0.389,1.946,0.125
226300,5.000,0.389,1.946,0.125
226500,5.000,0.389,1.946,0.125
226700,5.000,0.389,1.946,0.126
226900,5.000,0.389,1.946,0.126
227100,5.000,0.389,1.942,0.126
227300,5.000,0.390,1.950,0.126
227500,5.000,0.390,1.950,0.126
227700,5.000,0.389,1.946,0.126
227900,5.000,0.389,1.946,0.126
228100,5.000,0.389,1.946,0.126
228300,5.000,0.390,1.946,0.126
228500,5.000,0.390,1.946,0.127
228700,5.000,0.389,1.946,0.127
228900,5.000,0.389,1.942,0.127
229100,5.000,0.389,1.942,0.127
229300,5.000,0.390,1.946,0.127
229500,5.000,0.389,1.942,0.127
229700,5.000,0.388,1.938,0.127
229900,5.000,0.388,1.938,0.127
230100,5.000,0.389,1.946,0.127
230300,5.000,0.390,1.950,0.128
230500,5.000,0.389,1.946,0.128
230700,5.000,0.389,1.946,0.128
230900,5.000,0.389,1.946,0.128
231100,5.000,0.389,1.946,0.128
231300,5.000,0.389,1.946,0.128
231500,5.000,0.389,1.946,0.128
231700,5.000,0.389,1.946,0.128
231900,5.000,0.388,1.942,0.128
232100,5.000,0.390,1.946,0.129
232300,5.000,0.390,1.946,0.129
232500,5.000,0.389,1.946,0.129
232700,5.000,0.389,1.942,0.129
232900,5.000,0.389,1.942,0.129
233100,5.000,0.389,1.942,0.129
233300,5.000,0.391,1.954,0.129
233500,5.000,0.389,1.946,0.129
233700,5.000,0.389,1.942,0.129
233900,5.000,0.389,1.942,0.130
234100,5.000,0.389,1.946,0.130
234300,5.000,0.389,1.946,0.130
234500,5.000,0.389,1.946,0.130
234700,5.000,0.389,1.946,0.130
234900,5.000,0.389,1.946,0.130
235100,5.000,0.390,1.950,0.130
235300,5.000,0.388,1.942,0.130
235500,5.000,0.388,1.942,0.130
235700,5.000,0.390,1.946,0.131
235900,5.000,0.390,1.950,0.131
236100,5.000,0.389,1.946,0.131
236300,5.000,0.389,1.946,0.131
236500,5.000,0.390,1.946,0.131
236700,5.000,0.389,1.946,0.131
236900,5.000,0.389,1.946,0.131
237100,5.000,0.389,1.946,0.131
237300,5.000,0.390,1.950,0.131
237500,5.000,0.389,1.942,0.132
237700,5.000,0.389,1.942,0.132
237900,5.000,0.389,1.946,0.132
238100,5.000,0.390,1.950,0.132
238300,5.000,0.390,1.950,0.132
238500,5.000,0.389,1.942,0.132
238700,5.000,0.389,1.942,0.132
238900,5.000,0.389,1.942,0.132
239100,5.000,0.389,1.946,0.132
239300,5.000,0.389,1.946,0.133
239500,5.000,0.389,1.946,0.133
239700,5.000,0.389,1.946,0.133
239900,5.000,0.390,1.950,0.133
240100,5.000,0.390,1.950,0.133
240300,5.000,0.389,1.946,0.133
240500,5.000,0.389,1.946,0.133
240700,5.000,0.390,1.950,0.133
240900,5.000,0.390,1.950,0.133
241100,5.000,0.389,1.946,0.134
241300,5.000,0.389,1.942,0.134
241500,5.000,0.390,1.950,0.134
241700,5.000,0.390,1.950,0.134
241900,5.000,0.390,1.950,0.134
242100,5.000,0.389,1.946,0.134
242300,5.000,0.389,1.946,0.134
242500,5.000,0.388,1.942,0.134
242700,5.000,0.388,1.942,0.134
242900,5.000,0.390,1.950,0.135
243100,5.000,0.389,1.946,0.135
243300,5.000,0.389,1.946,0.135
243500,5.000,0.391,1.958,0.135
243700,5.000,0.389,1.946,0.135
243900,5.000,0.389,1.946,0.135
244100,5.000,0.389,1.946,0.135
244300,5.000,0.389,1.946,0.135
244500,5.000,0.389,1.946,0.135
244700,5.000,0.390,1.950,0.136
244900,5.000,0.390,1.950,0.136
245100,5.000,0.389,1.946,0.136
245300,5.000,0.389,1.946,0.136
245500,5.000,0.389,1.946,0.136
245700,5.000,0.389,1.946,0.136
245900,5.000,0.389,1.946,0.136
246100,5.000,0.388,1.942,0.136
246300,5.000,0.390,1.946,0.136
246500,5.000,0.390,1.946,0.137
246700,5.000,0.390,1.946,0.137
246900,5.000,0.389,1.946,0.137
247100,5.000,0.390,1.946,0.137
247300,5.000,0.390,1.946,0.137
247500,5.000,0.388,1.942,0.137
247700,5.000,0.389,1.946,0.137
247900,5.000,0.390,1.946,0.137
248100,5.000,0.390,1.946,0.137
248300,5.000,0.390,1.946,0.138
248500,5.000,0.390,1.946,0.138
248700,5.000,0.390,1.946,0.138
248900,5.000,0.390,1.946,0.138
249100,5.000,0.389,1.946,0.138
249300,5.000,0.389,1.946,0.138
249500,5.000,0.388,1.942,0.138
249700,5.000,0.388,1.942,0.138
249900,5.000,0.389,1.942,0.138
250100,5.000,0.389,1.946,0.139
250300,5.000,0.389,1.946,0.139
250500,5.000,0.389,1.946,0.139
250700,5.000,0.390,1.946,0.139
250900,5.000,0.389,1.942,0.139
251100,5.000,0.389,1.942,0.139
251300,5.000,0.389,1.942,0.139
251500,5.000,0.390,1.950,0.139
251700,5.000,0.390,1.950,0.139
251900,5.000,0.390,1.950,0.140
252100,5.000,0.390,1.946,0.140
252300,5.000,0.390,1.950,0.140
252500,5.000,0.389,1.946,0.140
252700,5.000,0.389,1.942,0.140
252900,5.000,0.389,1.942,0.140
253100,5.000,0.391,1.954,0.140
253300,5.000,0.389,1.946,0.140
253500,5.000,0.390,1.946,0.140
253700,5.000,0.390,1.946,0.141
253900,5.000,0.389,1.946,0.141
254100,5.000,0.390,1.946,0.141
254300,5.000,0.390,1.946,0.141
254500,5.000,0.389,1.946,0.141
254700,5.000,0.389,1.946,0.141
254900,5.000,0.389,1.946,0.141
255100,5.000,0.389,1.946,0.141
255300,5.000,0.389,1.942,0.141
255500,5.000,0.390,1.950,0.142
255700,5.000,0.390,1.946,0.142
255900,5.000,0.390,1.946,0.142
256100,5.000,0.389,1.942,0.142
256300,5.000,0.389,1.946,0.142
256500,5.000,0.390,1.946,0.142
256700,5.000,0.389,1.942,0.142
256900,5.000,0.389,1.942,0.142
257100,5.000,0.389,1.946,0.142
257300,5.000,0.390,1.950,0.143
257500,5.000,0.390,1.950,0.143
257700,5.000,0.389,1.942,0.143
257900,5.000,0.388,1.942,0.143
258100,5.000,0.390,1.950,0.143
258300,5.000,0.390,1.950,0.143
258500,5.000,0.390,1.946,0.143
258700,5.000,0.388,1.942,0.143
258900,5.000,0.389,1.942,0.143
259100,5.000,0.389,1.942,0.144
259300,5.000,0.390,1.950,0.144
259500,5.000,0.389,1.946,0.144
259700,5.000,0.389,1.946,0.144
259900,5.000,0.389,1.946,0.144
260100,5.000,0.389,1.946,0.144
260300,5.000,0.389,1.946,0.144
260500,5.000,0.390,1.950,0.144
260700,5.000,0.390,1.950,0.144
260900,5.000,0.399,1.996,0.145
261100,5.000,0.389,1.946,0.145
261300,5.000,0.390,1.946,0.145
261500,5.000,0.390,1.946,0.145
261700,5.000,0.390,1.950,0.145
261900,5.000,0.389,1.946,0.145
262100,5.000,0.389,1.946,0.145
262300,5.000,0.389,1.942,0.145
262500,5.000,0.389,1.942,0.145
262700,5.000,0.390,1.946,0.146
262900,5.000,0.390,1.946,0.146
263100,5.000,0.388,1.942,0.146
263300,5.000,0.391,1.954,0.146
263500,5.000,0.389,1.946,0.146
263700,5.000,0.389,1.942,0.146
263900,5.000,0.389,1.942,0.146
264100,5.000,0.389,1.946,0.146
264300,5.000,0.390,1.950,0.146
264500,5.000,0.389,1.946,0.147
264700,5.000,0.389,1.946,0.147
264900,5.000,0.389,1.946,0.147
265100,5.000,0.389,1.946,0.147
265300,5.000,0.389,1.946,0.147
265500,5.000,0.390,1.950,0.147
265700,5.000,0.389,1.946,0.147
265900,5.000,0.389,1.946,0.147
266100,5.000,0.389,1.946,0.147
266300,5.000,0.391,1.954,0.148
266500,5.000,0.388,1.942,0.148
266700,5.000,0.388,1.942,0.148
266900,5.000,0.389,1.942,0.148
267100,5.000,0.389,1.942,0.148
267300,5.000,0.389,1.946,0.148
267500,5.000,0.389,1.946,0.148
267700,5.000,0.389,1.946,0.148
267900,5.000,0.389,1.946,0.148
268100,5.000,0.389,1.946,0.149
268300,5.000,0.389,1.946,0.149
268500,5.000,0.389,1.946,0.149
268700,5.000,0.389,1.942,0.149
268900,5.000,0.389,1.942,0.149
269100,5.000,0.390,1.950,0.149
269300,5.000,0.390,1.950,0.149
269500,5.000,0.389,1.946,0.149
269700,5.000,0.390,1.946,0.149
269900,5.000,0.389,1.946,0.150
270100,5.000,0.389,1.946,0.150
270300,5.000,0.389,1.946,0.150
270500,5.000,0.389,1.946,0.150
270700,5.000,0.389,1.946,0.150
270900,5.000,0.389,1.946,0.150
271100,5.000,0.389,1.946,0.150
271300,5.000,0.389,1.946,0.150
271500,5.000,0.389,1.942,0.150
271700,5.000,0.389,1.942,0.151
271900,5.000,0.389,1.946,0.151
272100,5.000,0.389,1.946,0.151
272300,5.000,0.390,1.950,0.151
272500,5.000,0.390,1.950,0.151
272700,5.000,0.389,1.946,0.151
272900,5.000,0.389,1.946,0.151
273100,5.000,0.389,1.946,0.151
273300,5.000,0.390,1.950,0.151
273500,5.000,0.389,1.946,0.152
273700,5.000,0.389,1.946,0.152
273900,5.000,0.390,1.946,0.152
274100,5.000,0.390,1.946,0.152
274300,5.000,0.389,1.942,0.152
274500,5.000,0.390,1.946,0.152
274700,5.000,0.390,1.950,0.152
274900,5.000,0.390,1.950,0.152
275100,5.000,0.389,1.942,0.152
275300,5.000,0.389,1.942,0.153
275500,5.000,0.389,1.946,0.153
275700,5.000,0.389,1.946,0.153
275900,5.000,0.389,1.946,0.153
276100,5.000,0.389,1.946,0.153
276300,5.000,0.389,1.946,0.153
276500,5.000,0.389,1.946,0.153
276700,5.000,0.388,1.942,0.153
276900,5.000,0.389,1.950,0.153
277100,5.000,0.389,1.946,0.154
277300,5.000,0.389,1.946,0.154
277500,5.000,0.388,1.942,0.154
277700,5.000,0.389,1.946,0.154
277900,5.000,0.390,1.946,0.154
278100,5.000,0.390,1.946,0.154
278300,5.000,0.390,1.950,0.154
278500,5.000,0.389,1.946,0.154
278700,5.000,0.389,1.946,0.154
278900,5.000,0.389,1.946,0.155
279100,5.000,0.389,1.946,0.155
279300,5.000,0.389,1.946,0.155
279500,5.000,0.389,1.946,0.155
279700,5.000,0.389,1.946,0.155
279900,5.000,0.389,1.946,0.155
280100,5.000,0.389,1.946,0.155
280300,5.000,0.389,1.946,0.155
280500,5.000,0.390,1.946,0.155
280700,5.000,0.389,1.942,0.156
280900,5.000,0.388,1.942,0.156
281100,5.000,0.390,1.950,0.156
281300,5.000,0.390,1.950,0.156
281500,5.000,0.389,1.942,0.156
281700,5.000,0.389,1.946,0.156
281900,5.000,0.389,1.946,0.156
282100,5.000,0.390,1.946,0.156
282300,5.000,0.389,1.946,0.156
282500,5.000,0.389,1.946,0.157
282700,5.000,0.389,1.946,0.157
