300,5.000,0.608,3.038,0.000
500,5.000,0.608,3.038,0.000
700,5.000,0.569,2.843,0.000
900,5.000,0.607,3.030,0.000
1100,5.000,0.599,2.988,0.000
1300,5.000,0.604,3.015,0.000
1500,5.000,0.604,3.015,0.001
1700,5.000,0.605,3.022,0.001
1900,5.000,0.593,2.961,0.001
2100,5.000,0.609,3.042,0.001
2300,5.000,0.609,3.042,0.001
2500,5.000,0.613,3.061,0.001
2700,5.000,0.592,2.958,0.002
2900,5.000,0.592,2.958,0.002
3100,5.000,0.607,3.030,0.002
3300,5.000,0.595,2.969,0.002
3500,5.000,0.590,2.942,0.002
3700,5.000,0.590,2.942,0.002
3900,5.000,0.593,2.961,0.003
4100,5.000,0.597,2.980,0.003
4300,5.000,0.583,2.912,0.003
4500,5.000,0.583,2.912,0.003
4700,5.000,0.600,2.996,0.003
4900,5.000,0.579,2.889,0.004
5100,5.000,0.578,2.889,0.004
5300,5.000,0.578,2.889,0.004
5500,5.000,0.587,2.931,0.004
5700,5.000,0.575,2.874,0.004
5900,5.000,0.581,2.904,0.004
6100,5.000,0.581,2.904,0.005
6300,5.000,0.588,2.935,0.005
6500,5.000,0.573,2.862,0.005
6700,5.000,0.578,2.885,0.005
6900,5.000,0.578,2.885,0.005
7100,5.000,0.585,2.919,0.005
7300,5.000,0.574,2.870,0.005
7500,5.000,0.574,2.870,0.006
7700,5.000,0.577,2.881,0.006
7900,5.000,0.589,2.938,0.006
8100,5.000,0.572,2.858,0.006
8300,5.000,0.574,2.870,0.006
8500,5.000,0.574,2.870,0.007
8700,5.000,0.585,2.923,0.007
8900,5.000,0.572,2.855,0.007
9100,5.000,0.582,2.904,0.007
9300,5.000,0.582,2.904,0.007
9500,5.000,0.583,2.912,0.007
9700,5.000,0.575,2.874,0.007
9900,5.000,0.583,2.908,0.008
10100,5.000,0.583,2.908,0.008
10300,5.000,0.580,2.893,0.008
10500,5.000,0.576,2.877,0.008
10700,5.000,0.576,2.877,0.008
10900,5.000,0.580,2.897,0.008
11100,5.000,0.587,2.931,0.009
11300,5.000,0.575,2.870,0.009
11500,5.000,0.575,2.870,0.009
11700,5.000,0.584,2.919,0.009
11900,5.000,0.580,2.897,0.009
12100,5.000,0.574,2.866,0.010
12300,5.000,0.583,2.912,0.010
12500,5.000,0.583,2.912,0.010
12700,5.000,0.582,2.904,0.010
12900,5.000,0.576,2.877,0.010
13100,5.000,0.587,2.931,0.010
13300,5.000,0.587,2.931,0.010
13500,5.000,0.577,2.881,0.011
13700,5.000,0.572,2.855,0.011
13900,5.000,0.572,2.855,0.011
14100,5.000,0.590,2.946,0.011
14300,5.000,0.576,2.877,0.011
14500,5.000,0.576,2.874,0.011
14700,5.000,0.576,2.874,0.012
14900,5.000,0.585,2.923,0.012
15100,5.000,0.580,2.897,0.012
15300,5.000,0.569,2.843,0.012
15500,5.000,0.585,2.923,0.012
15700,5.000,0.585,2.923,0.012
15900,5.000,0.573,2.862,0.013
16100,5.000,0.573,2.862,0.013
16300,5.000,0.573,2.862,0.013
16500,5.000,0.591,2.950,0.013
16700,5.000,0.575,2.874,0.013
16900,5.000,0.573,2.862,0.013
17100,5.000,0.573,2.862,0.014
17300,5.000,0.585,2.923,0.014
17500,5.000,0.577,2.881,0.014
17700,5.000,0.575,2.870,0.014
17900,5.000,0.575,2.870,0.014
18100,5.000,0.591,2.950,0.014
18300,5.000,0.576,2.877,0.015
18500,5.000,0.576,2.877,0.015
18700,5.000,0.587,2.931,0.015
18900,5.000,0.587,2.931,0.015
19100,5.000,0.575,2.870,0.015
19300,5.000,0.572,2.855,0.015
19500,5.000,0.572,2.855,0.016
19700,5.000,0.591,2.950,0.016
19900,5.000,0.577,2.881,0.016
20100,5.000,0.580,2.900,0.016
20300,5.000,0.580,2.900,0.016
20500,5.000,0.585,2.919,0.016
20700,5.000,0.572,2.855,0.017
20900,5.000,0.583,2.908,0.017
21100,5.000,0.583,2.908,0.017
21300,5.000,0.582,2.908,0.017
21500,5.000,0.575,2.870,0.017
21700,5.000,0.575,2.870,0.017
21900,5.000,0.577,2.881,0.018
22100,5.000,0.590,2.946,0.018
22300,5.000,0.572,2.855,0.018
22500,5.000,0.579,2.893,0.018
22700,5.000,0.579,2.893,0.018
22900,5.000,0.583,2.912,0.018
23100,5.000,0.573,2.862,0.019
23300,5.000,0.582,2.908,0.019
23500,5.000,0.582,2.908,0.019
23700,5.000,0.585,2.923,0.019
23900,5.000,0.572,2.858,0.019
24100,5.000,0.581,2.900,0.019
24300,5.000,0.581,2.900,0.020
24500,5.000,0.582,2.904,0.020
24700,5.000,0.582,2.908,0.020
24900,5.000,0.582,2.908,0.020
25100,5.000,0.580,2.897,0.020
25300,5.000,0.589,2.938,0.020
25500,5.000,0.577,2.885,0.021
25700,5.000,0.581,2.900,0.021
25900,5.000,0.581,2.900,0.021
26100,5.000,0.580,2.897,0.021
26300,5.000,0.573,2.862,0.021
26500,5.000,0.588,2.935,0.021
26700,5.000,0.588,2.935,0.022
26900,5.000,0.582,2.908,0.022
27100,5.000,0.576,2.877,0.022
27300,5.000,0.576,2.877,0.022
27500,5.000,0.586,2.927,0.022
27700,5.000,0.574,2.870,0.022
27900,5.000,0.576,2.874,0.023
28100,5.000,0.576,2.874,0.023
28300,5.000,0.585,2.919,0.023
28500,5.000,0.581,2.900,0.023
28700,5.000,0.572,2.858,0.023
28900,5.000,0.572,2.858,0.023
29100,5.000,0.589,2.938,0.024
29300,5.000,0.579,2.889,0.024
29500,5.000,0.574,2.870,0.024
29700,5.000,0.587,2.931,0.024
29900,5.000,0.587,2.931,0.024
30100,5.000,0.576,2.874,0.024
30300,5.000,0.576,2.877,0.025
30500,5.000,0.576,2.877,0.025
30700,5.000,0.590,2.946,0.025
30900,5.000,0.572,2.858,0.025
31100,5.000,0.572,2.858,0.025
31300,5.000,0.572,2.858,0.025
31500,5.000,0.591,2.950,0.026
31700,5.000,0.573,2.862,0.026
31900,5.000,0.573,2.862,0.026
32100,5.000,0.573,2.862,0.026
32300,5.000,0.596,2.973,0.026
32500,5.000,0.578,2.885,0.026
32700,5.000,0.571,2.855,0.027
32900,5.000,0.589,2.942,0.027
33100,5.000,0.589,2.942,0.027
33300,5.000,0.573,2.862,0.027
33500,5.000,0.577,2.881,0.027
33700,5.000,0.577,2.881,0.027
33900,5.000,0.592,2.954,0.028
34100,5.000,0.577,2.885,0.028
34300,5.000,0.577,2.881,0.028
34500,5.000,0.577,2.881,0.028
34700,5.000,0.584,2.916,0.028
34900,5.000,0.575,2.874,0.028
35100,5.000,0.576,2.877,0.028
35300,5.000,0.576,2.877,0.029
35500,5.000,0.590,2.946,0.029
35700,5.000,0.573,2.862,0.029
35900,5.000,0.573,2.862,0.029
36100,5.000,0.580,2.897,0.029
36300,5.000,0.584,2.916,0.030
36500,5.000,0.574,2.870,0.030
36700,5.000,0.576,2.877,0.030
36900,5.000,0.576,2.877,0.030
37100,5.000,0.588,2.935,0.030
37300,5.000,0.576,2.877,0.030
37500,5.000,0.580,2.897,0.031
37700,5.000,0.580,2.897,0.031
37900,5.000,0.581,2.900,0.031
38100,5.000,0.573,2.862,0.031
38300,5.000,0.573,2.862,0.031
38500,5.000,0.587,2.931,0.031
38700,5.000,0.576,2.874,0.031
38900,5.000,0.575,2.870,0.032
39100,5.000,0.575,2.870,0.032
39300,5.000,0.586,2.927,0.032
39500,5.000,0.586,2.927,0.032
39700,5.000,0.571,2.851,0.032
39900,5.000,0.582,2.904,0.033
40100,5.000,0.582,2.904,0.033
40300,5.000,0.579,2.893,0.033
40500,5.000,0.575,2.874,0.033
40700,5.000,0.589,2.942,0.033
40900,5.000,0.589,2.942,0.033
41100,5.000,0.582,2.904,0.033
41300,5.000,0.572,2.855,0.034
41500,5.000,0.572,2.855,0.034
41700,5.000,0.587,2.931,0.034
41900,5.000,0.577,2.881,0.034
42100,5.000,0.577,2.881,0.034
42300,5.000,0.577,2.881,0.034
42500,5.000,0.586,2.927,0.035
42700,5.000,0.579,2.893,0.035
42900,5.000,0.576,2.877,0.035
43100,5.000,0.576,2.877,0.035
43300,5.000,0.587,2.927,0.035
43500,5.000,0.576,2.874,0.035
43700,5.000,0.572,2.855,0.036
43900,5.000,0.590,2.946,0.036
44100,5.000,0.590,2.946,0.036
44300,5.000,0.575,2.870,0.036
44500,5.000,0.572,2.855,0.036
44700,5.000,0.572,2.855,0.036
44900,5.000,0.588,2.935,0.037
45100,5.000,0.572,2.855,0.037
45300,5.000,0.579,2.893,0.037
45500,5.000,0.579,2.893,0.037
45700,5.000,0.587,2.931,0.037
45900,5.000,0.575,2.874,0.037
46100,5.000,0.578,2.885,0.038
46300,5.000,0.578,2.885,0.038
46500,5.000,0.594,2.965,0.038
46700,5.000,0.572,2.858,0.038
46900,5.000,0.573,2.862,0.038
47100,5.000,0.573,2.931,0.038
47300,5.000,0.587,2.931,0.039
47500,5.000,0.576,2.874,0.039
47700,5.000,0.580,2.900,0.039
47900,5.000,0.580,2.900,0.039
48100,5.000,0.590,2.946,0.039
48300,5.000,0.572,2.855,0.039
48500,5.000,0.578,2.885,0.040
48700,5.000,0.578,2.885,0.040
48900,5.000,0.587,2.935,0.040
49100,5.000,0.576,2.877,0.040
49300,5.000,0.576,2.877,0.040
49500,5.000,0.577,2.881,0.040
49700,5.000,0.593,2.958,0.041
49900,5.000,0.576,2.877,0.041
50100,5.000,0.576,2.877,0.041
50300,5.000,0.576,2.877,0.041
50500,5.000,0.587,2.931,0.041
50700,5.000,0.572,2.855,0.041
50900,5.000,0.581,2.900,0.042
51100,5.000,0.581,2.900,0.042
51300,5.000,0.586,2.927,0.042
51500,5.000,0.572,2.855,0.042
51700,5.000,0.582,2.904,0.042
51900,5.000,0.582,2.904,0.042
52100,5.000,0.580,2.897,0.043
52300,5.000,0.575,2.874,0.043
52500,5.000,0.575,2.874,0.043
52700,5.000,0.586,2.927,0.043
52900,5.000,0.579,2.889,0.043
53100,5.000,0.577,2.881,0.043
53300,5.000,0.577,2.881,0.044
53500,5.000,0.582,2.904,0.044
53700,5.000,0.578,2.889,0.044
53900,5.000,0.582,2.908,0.044
54100,5.000,0.583,2.912,0.044
54300,5.000,0.583,2.912,0.044
54500,5.000,0.583,2.912,0.045
54700,5.000,0.576,2.877,0.045
54900,5.000,0.588,2.938,0.045
55100,5.000,0.588,2.938,0.045
55300,5.000,0.576,2.874,0.045
55500,5.000,0.582,2.908,0.045
55700,5.000,0.582,2.908,0.046
55900,5.000,0.593,2.961,0.046
56100,5.000,0.576,2.877,0.046
56300,5.000,0.575,2.870,0.046
56500,5.000,0.575,2.870,0.046
56700,5.000,0.585,2.923,0.046
56900,5.000,0.579,2.893,0.047
57100,5.000,0.571,2.851,0.047
57300,5.000,0.588,2.935,0.047
57500,5.000,0.588,2.935,0.047
57700,5.000,0.576,2.874,0.047
57900,5.000,0.572,2.858,0.047
58100,5.000,0.572,2.858,0.048
58300,5.000,0.593,2.961,0.048
58500,5.000,0.572,2.858,0.048
58700,5.000,0.571,2.855,0.048
58900,5.000,0.571,2.855,0.048
59100,5.000,0.590,2.942,0.048
59300,5.000,0.574,2.866,0.049
59500,5.000,0.580,2.897,0.049
59700,5.000,0.580,2.897,0.049
59900,5.000,0.586,2.927,0.049
60100,5.000,0.577,2.881,0.049
60300,5.000,0.577,2.881,0.049
60500,5.000,0.574,2.866,0.049
60700,5.000,0.586,2.927,0.050
60900,5.000,0.574,2.866,0.050
61100,5.000,0.574,2.866,0.050
61300,5.000,0.574,2.866,0.050
61500,5.000,0.593,2.958,0.050
61700,5.000,0.575,2.874,0.051
61900,5.000,0.580,2.897,0.051
62100,5.000,0.580,2.897,0.051
62300,5.000,0.583,2.912,0.051
62500,5.000,0.573,2.862,0.051
62700,5.000,0.584,2.916,0.051
62900,5.000,0.584,2.916,0.051
63100,5.000,0.588,2.935,0.052
63300,5.000,0.576,2.877,0.052
63500,5.000,0.576,2.877,0.052
63700,5.000,0.581,2.900,0.052
63900,5.000,0.588,2.938,0.052
64100,5.000,0.572,2.858,0.052
64300,5.000,0.579,2.889,0.053
64500,5.000,0.579,2.889,0.053
64700,5.000,0.583,2.912,0.053
64900,5.000,0.576,2.877,0.053
65100,5.000,0.585,2.919,0.053
65300,5.000,0.585,2.919,0.054
65500,5.000,0.585,2.919,0.054
65700,5.000,0.571,2.851,0.054
65900,5.000,0.584,2.919,0.054
66100,5.000,0.584,2.919,0.054
66300,5.000,0.582,2.908,0.054
66500,5.000,0.586,2.927,0.054
66700,5.000,0.586,2.927,0.055
66900,5.000,0.578,2.889,0.055
67100,5.000,0.590,2.946,0.055
67300,5.000,0.572,2.858,0.055
67500,5.000,0.572,2.858,0.055
67700,5.000,0.581,2.900,0.056
67900,5.000,0.579,2.893,0.056
68100,5.000,0.573,2.862,0.056
68300,5.000,0.586,2.931,0.056
68500,5.000,0.586,2.931,0.056
68700,5.000,0.580,2.897,0.056
68900,5.000,0.578,2.885,0.056
69100,5.000,0.578,2.885,0.057
69300,5.000,0.585,2.919,0.057
69500,5.000,0.576,2.877,0.057
69700,5.000,0.576,2.874,0.057
69900,5.000,0.576,2.874,0.057
70100,5.000,0.596,2.973,0.057
70300,5.000,0.576,2.877,0.058
70500,5.000,0.576,2.877,0.058
70700,5.000,0.576,2.877,0.058
70900,5.000,0.589,2.938,0.058
71100,5.000,0.576,2.877,0.058
71300,5.000,0.573,2.862,0.059
71500,5.000,0.585,2.923,0.059
71700,5.000,0.585,2.923,0.059
71900,5.000,0.577,2.885,0.059
72100,5.000,0.576,2.874,0.059
72300,5.000,0.576,2.874,0.059
72500,5.000,0.593,2.961,0.059
72700,5.000,0.571,2.855,0.060
72900,5.000,0.574,2.866,0.060
73100,5.000,0.574,2.866,0.060
73300,5.000,0.592,2.954,0.060
73500,5.000,0.576,2.874,0.060
73700,5.000,0.570,2.847,0.060
73900,5.000,0.570,2.847,0.061
74100,5.000,0.596,2.977,0.061
74300,5.000,0.572,2.855,0.061
74500,5.000,0.572,2.855,0.061
74700,5.000,0.589,2.938,0.061
74900,5.000,0.589,2.938,0.061
75100,5.000,0.574,2.866,0.062
75300,5.000,0.579,2.893,0.062
75500,5.000,0.579,2.893,0.062
75700,5.000,0.588,2.938,0.062
75900,5.000,0.576,2.877,0.062
76100,5.000,0.573,2.858,0.062
76300,5.000,0.573,2.858,0.063
76500,5.000,0.584,2.916,0.063
76700,5.000,0.577,2.881,0.063
76900,5.000,0.586,2.927,0.063
77100,5.000,0.586,2.927,0.063
77300,5.000,0.585,2.923,0.063
77500,5.000,0.578,2.885,0.064
77700,5.000,0.578,2.885,0.064
77900,5.000,0.582,2.904,0.064
78100,5.000,0.583,2.908,0.064
78300,5.000,0.573,2.862,0.064
78500,5.000,0.578,2.885,0.064
78700,5.000,0.578,2.885,0.065
78900,5.000,0.589,2.942,0.065
79100,5.000,0.574,2.870,0.065
79300,5.000,0.584,2.919,0.065
79500,5.000,0.584,2.919,0.065
79700,5.000,0.580,2.897,0.065
79900,5.000,0.573,2.862,0.066
80100,5.000,0.573,2.862,0.066
80300,5.000,0.591,2.950,0.066
80500,5.000,0.582,2.904,0.066
80700,5.000,0.575,2.874,0.066
80900,5.000,0.575,2.874,0.066
81100,5.000,0.583,2.912,0.067
81300,5.000,0.582,2.904,0.067
81500,5.000,0.572,2.858,0.067
81700,5.000,0.585,2.919,0.067
81900,5.000,0.585,2.919,0.067
82100,5.000,0.576,2.877,0.067
82300,5.000,0.576,2.877,0.068
82500,5.000,0.585,2.923,0.068
82700,5.000,0.585,2.923,0.068
82900,5.000,0.580,2.893,0.068
83100,5.000,0.571,2.851,0.068
83300,5.000,0.571,2.851,0.068
83500,5.000,0.589,2.938,0.069
83700,5.000,0.573,2.862,0.069
83900,5.000,0.576,2.877,0.069
84100,5.000,0.576,2.877,0.069
84300,5.000,0.589,2.938,0.069
84500,5.000,0.581,2.900,0.069
84700,5.000,0.574,2.870,0.070
84900,5.000,0.574,2.870,0.070
85100,5.000,0.586,2.923,0.070
85300,5.000,0.576,2.874,0.070
85500,5.000,0.572,2.858,0.070
85700,5.000,0.591,2.954,0.070
85900,5.000,0.591,2.954,0.071
86100,5.000,0.574,2.870,0.071
86300,5.000,0.578,2.885,0.071
86500,5.000,0.578,2.885,0.071
86700,5.000,0.587,2.931,0.071
86900,5.000,0.574,2.866,0.071
87100,5.000,0.580,2.897,0.072
87300,5.000,0.580,2.897,0.072
87500,5.000,0.592,2.958,0.072
87700,5.000,0.573,2.862,0.072
87900,5.000,0.575,2.870,0.072
88100,5.000,0.575,2.870,0.072
88300,5.000,0.589,2.942,0.073
88500,5.000,0.574,2.866,0.073
88700,5.000,0.575,2.874,0.073
88900,5.000,0.583,2.912,0.073
89100,5.000,0.583,2.912,0.073
89300,5.000,0.577,2.881,0.073
89500,5.000,0.576,2.881,0.074
89700,5.000,0.576,2.881,0.074
89900,5.000,0.588,2.935,0.074
90100,5.000,0.570,2.847,0.074
90300,5.000,0.580,2.897,0.074
90500,5.000,0.580,2.897,0.074
90700,5.000,0.585,2.923,0.075
90900,5.000,0.577,2.881,0.075
91100,5.000,0.577,2.881,0.075
91300,5.000,0.576,2.877,0.075
91500,5.000,0.593,2.958,0.075
91700,5.000,0.574,2.866,0.075
91900,5.000,0.574,2.866,0.075
92100,5.000,0.576,2.874,0.076
92300,5.000,0.585,2.919,0.076
92500,5.000,0.573,2.862,0.076
92700,5.000,0.585,2.923,0.076
92900,5.000,0.585,2.923,0.076
93100,5.000,0.587,2.927,0.077
93300,5.000,0.575,2.870,0.077
93500,5.000,0.581,2.904,0.077
93700,5.000,0.581,2.904,0.077
93900,5.000,0.581,2.904,0.077
94100,5.000,0.576,2.874,0.077
94300,5.000,0.576,2.874,0.077
94500,5.000,0.593,2.958,0.078
94700,5.000,0.577,2.881,0.078
94900,5.000,0.577,2.881,0.078
95100,5.000,0.577,2.881,0.078
95300,5.000,0.583,2.912,0.078
95500,5.000,0.579,2.889,0.078
95700,5.000,0.574,2.866,0.079
95900,5.000,0.583,2.908,0.079
96100,5.000,0.583,2.908,0.079
96300,5.000,0.583,2.912,0.079
96500,5.000,0.572,2.855,0.079
96700,5.000,0.588,2.935,0.080
96900,5.000,0.588,2.935,0.080
97100,5.000,0.574,2.866,0.080
97300,5.000,0.574,2.870,0.080
97500,5.000,0.574,2.870,0.080
97700,5.000,0.593,2.961,0.080
97900,5.000,0.576,2.877,0.080
98100,5.000,0.573,2.862,0.081
98300,5.000,0.573,2.862,0.081
98500,5.000,0.590,2.946,0.081
98700,5.000,0.577,2.881,0.081
98900,5.000,0.572,2.858,0.081
99100,5.000,0.572,2.858,0.081
99300,5.000,0.592,2.958,0.082
99500,5.000,0.574,2.866,0.082
99700,5.000,0.577,2.881,0.082
99900,5.000,0.594,2.965,0.082
100100,5.000,0.594,2.965,0.082
100300,5.000,0.574,2.866,0.082
100500,5.000,0.572,2.858,0.083
100700,5.000,0.572,2.858,0.083
100900,5.000,0.591,2.954,0.083
101100,5.000,0.575,2.870,0.083
101300,5.000,0.583,2.916,0.083
101500,5.000,0.583,2.916,0.083
101700,5.000,0.585,2.923,0.084
101900,5.000,0.576,2.877,0.084
102100,5.000,0.576,2.877,0.084
102300,5.000,0.574,2.866,0.084
102500,5.000,0.586,2.927,0.084
102700,5.000,0.574,2.866,0.084
102900,5.000,0.574,2.866,0.085
103100,5.000,0.574,2.866,0.085
103300,5.000,0.592,2.954,0.085
103500,5.000,0.572,2.858,0.085
103700,5.000,0.578,2.885,0.085
103900,5.000,0.578,2.885,0.085
104100,5.000,0.581,2.900,0.086
104300,5.000,0.575,2.870,0.086
104500,5.000,0.582,2.904,0.086
104700,5.000,0.582,2.904,0.086
104900,5.000,0.585,2.923,0.086
105100,5.000,0.574,2.866,0.086
105300,5.000,0.574,2.866,0.087
105500,5.000,0.580,2.897,0.087
105700,5.000,0.587,2.931,0.087
105900,5.000,0.573,2.862,0.087
106100,5.000,0.573,2.862,0.087
106300,5.000,0.579,2.893,0.087
106500,5.000,0.586,2.923,0.088
106700,5.000,0.576,2.874,0.088
106900,5.000,0.585,2.923,0.088
107100,5.000,0.585,2.923,0.088
107300,5.000,0.583,2.912,0.088
107500,5.000,0.571,2.851,0.088
107700,5.000,0.588,2.938,0.089
107900,5.000,0.588,2.938,0.089
108100,5.000,0.580,2.893,0.089
108300,5.000,0.577,2.881,0.089
108500,5.000,0.577,2.881,0.089
108700,5.000,0.585,2.919,0.089
108900,5.000,0.582,2.908,0.090
109100,5.000,0.573,2.862,0.090
109300,5.000,0.573,2.862,0.090
109500,5.000,0.581,2.900,0.090
109700,5.000,0.580,2.897,0.090
109900,5.000,0.577,2.881,0.090
110100,5.000,0.588,2.938,0.091
110300,5.000,0.588,2.938,0.091
110500,5.000,0.576,2.874,0.091
110700,5.000,0.574,2.870,0.091
110900,5.000,0.587,2.931,0.091
111100,5.000,0.587,2.931,0.091
111300,5.000,0.576,2.877,0.092
111500,5.000,0.576,2.874,0.092
111700,5.000,0.576,2.874,0.092
111900,5.000,0.590,2.946,0.092
112100,5.000,0.572,2.858,0.092
112300,5.000,0.574,2.866,0.092
112500,5.000,0.574,2.866,0.093
112700,5.000,0.586,2.927,0.093
112900,5.000,0.574,2.866,0.093
113100,5.000,0.574,2.866,0.093
113300,5.000,0.591,2.950,0.093
113500,5.000,0.591,2.950,0.093
113700,5.000,0.577,2.881,0.094
113900,5.000,0.582,2.908,0.094
114100,5.000,0.582,2.908,0.094
114300,5.000,0.591,2.950,0.094
114500,5.000,0.572,2.858,0.094
114700,5.000,0.577,2.881,0.094
114900,5.000,0.577,2.881,0.095
115100,5.000,0.592,2.954,0.095
115300,5.000,0.576,2.877,0.095
115500,5.000,0.576,2.877,0.095
115700,5.000,0.576,2.877,0.095
115900,5.000,0.590,2.942,0.095
116100,5.000,0.574,2.866,0.096
116300,5.000,0.574,2.866,0.096
116500,5.000,0.573,2.862,0.096
116700,5.000,0.590,2.946,0.096
116900,5.000,0.576,2.877,0.096
117100,5.000,0.580,2.897,0.096
117300,5.000,0.580,2.897,0.097
117500,5.000,0.587,2.935,0.097
117700,5.000,0.574,2.870,0.097
117900,5.000,0.575,2.870,0.097
118100,5.000,0.575,2.870,0.097
118300,5.000,0.588,2.935,0.097
118500,5.000,0.575,2.874,0.098
118700,5.000,0.581,2.900,0.098
118900,5.000,0.581,2.900,0.098
119100,5.000,0.581,2.900,0.098
119300,5.000,0.574,2.870,0.098
119500,5.000,0.574,2.870,0.098
119700,5.000,0.577,2.881,0.098
119900,5.000,0.582,2.908,0.099
120100,5.000,0.574,2.866,0.099
120300,5.000,0.582,2.904,0.099
120500,5.000,0.582,2.904,0.099
120700,5.000,0.587,2.931,0.099
120900,5.000,0.575,2.874,0.100
121100,5.000,0.583,2.912,0.100
121300,5.000,0.583,2.912,0.100
121500,5.000,0.579,2.889,0.100
121700,5.000,0.575,2.870,0.100
121900,5.000,0.589,2.942,0.100
122100,5.000,0.589,2.942,0.101
122300,5.000,0.580,2.897,0.101
122500,5.000,0.572,2.855,0.101
122700,5.000,0.572,2.855,0.101
122900,5.000,0.583,2.912,0.101
123100,5.000,0.580,2.897,0.101
123300,5.000,0.573,2.858,0.101
123500,5.000,0.573,2.858,0.102
123700,5.000,0.586,2.923,0.102
123900,5.000,0.582,2.908,0.102
124100,5.000,0.576,2.877,0.102
124300,5.000,0.589,2.942,0.102
124500,5.000,0.589,2.942,0.103
124700,5.000,0.575,2.874,0.103
124900,5.000,0.571,2.851,0.103
125100,5.000,0.571,2.851,0.103
125300,5.000,0.594,2.969,0.103
125500,5.000,0.576,2.874,0.103
125700,5.000,0.574,2.870,0.103
125900,5.000,0.574,2.870,0.104
126100,5.000,0.588,2.935,0.104
126300,5.000,0.574,2.866,0.104
126500,5.000,0.573,2.858,0.104
126700,5.000,0.573,2.858,0.104
126900,5.000,0.588,2.938,0.104
127100,5.000,0.575,2.874,0.105
127300,5.000,0.577,2.881,0.105
127500,5.000,0.590,2.946,0.105
127700,5.000,0.590,2.946,0.105
127900,5.000,0.574,2.870,0.105
128100,5.000,0.571,2.855,0.105
128300,5.000,0.571,2.855,0.106
128500,5.000,0.587,2.935,0.106
128700,5.000,0.576,2.874,0.106
128900,5.000,0.580,2.897,0.106
129100,5.000,0.580,2.897,0.106
129300,5.000,0.590,2.946,0.106
129500,5.000,0.572,2.855,0.107
129700,5.000,0.574,2.870,0.107
129900,5.000,0.574,2.870,0.107
130100,5.000,0.588,2.938,0.107
130300,5.000,0.573,2.858,0.107
130500,5.000,0.573,2.858,0.107
130700,5.000,0.593,2.961,0.108
130900,5.000,0.593,2.961,0.108
131100,5.000,0.575,2.870,0.108
131300,5.000,0.580,2.897,0.108
131500,5.000,0.580,2.897,0.108
131700,5.000,0.585,2.923,0.108
131900,5.000,0.572,2.858,0.109
132100,5.000,0.582,2.908,0.109
132300,5.000,0.582,2.908,0.109
132500,5.000,0.587,2.931,0.109
132700,5.000,0.574,2.866,0.109
132900,5.000,0.582,2.908,0.109
133100,5.000,0.582,2.908,0.110
133300,5.000,0.581,2.900,0.110
133500,5.000,0.572,2.855,0.110
133700,5.000,0.572,2.855,0.110
133900,5.000,0.576,2.877,0.110
134100,5.000,0.586,2.927,0.110
134300,5.000,0.578,2.885,0.111
134500,5.000,0.580,2.897,0.111
134700,5.000,0.580,2.897,0.111
134900,5.000,0.585,2.923,0.111
135100,5.000,0.572,2.858,0.111
135300,5.000,0.582,2.908,0.111
135500,5.000,0.582,2.908,0.112
135700,5.000,0.580,2.897,0.112
135900,5.000,0.575,2.874,0.112
136100,5.000,0.575,2.874,0.112
136300,5.000,0.588,2.935,0.112
136500,5.000,0.574,2.870,0.112
136700,5.000,0.574,2.866,0.113
136900,5.000,0.574,2.866,0.113
137100,5.000,0.581,2.900,0.113
137300,5.000,0.578,2.885,0.113
137500,5.000,0.574,2.866,0.113
137700,5.000,0.592,2.954,0.113
137900,5.000,0.592,2.954,0.114
138100,5.000,0.581,2.900,0.114
138300,5.000,0.577,2.881,0.114
138500,5.000,0.585,2.923,0.114
138700,5.000,0.585,2.923,0.114
138900,5.000,0.576,2.877,0.114
139100,5.000,0.575,2.870,0.115
139300,5.000,0.575,2.870,0.115
139500,5.000,0.593,2.961,0.115
139700,5.000,0.576,2.877,0.115
139900,5.000,0.571,2.851,0.115
140100,5.000,0.571,2.851,0.115
140300,5.000,0.584,2.916,0.116
140500,5.000,0.574,2.866,0.116
140700,5.000,0.572,2.855,0.116
140900,5.000,0.572,2.855,0.116
141100,5.000,0.591,2.950,0.116
141300,5.000,0.578,2.885,0.116
141500,5.000,0.572,2.858,0.117
141700,5.000,0.594,2.965,0.117
141900,5.000,0.594,2.965,0.117
142100,5.000,0.572,2.858,0.117
142300,5.000,0.573,2.862,0.117
142500,5.000,0.573,2.862,0.117
142700,5.000,0.589,2.938,0.118
142900,5.000,0.576,2.874,0.118
143100,5.000,0.580,2.897,0.118
143300,5.000,0.580,2.897,0.118
143500,5.000,0.581,2.900,0.118
143700,5.000,0.574,2.866,0.118
143900,5.000,0.574,2.862,0.119
144100,5.000,0.573,2.862,0.119
144300,5.000,0.589,2.942,0.119
144500,5.000,0.575,2.874,0.119
144700,5.000,0.583,2.912,0.119
144900,5.000,0.583,2.912,0.119
145100,5.000,0.590,2.946,0.120
145300,5.000,0.576,2.874,0.120
145500,5.000,0.577,2.881,0.120
145700,5.000,0.577,2.881,0.120
145900,5.000,0.584,2.916,0.120
146100,5.000,0.575,2.874,0.120
146300,5.000,0.584,2.916,0.121
146500,5.000,0.584,2.916,0.121
146700,5.000,0.585,2.919,0.121
146900,5.000,0.572,2.855,0.121
147100,5.000,0.572,2.855,0.121
147300,5.000,0.576,2.877,0.121
147500,5.000,0.582,2.904,0.121
147700,5.000,0.574,2.866,0.122
147900,5.000,0.574,2.866,0.122
148100,5.000,0.580,2.897,0.122
148300,5.000,0.588,2.935,0.122
148500,5.000,0.573,2.862,0.122
148700,5.000,0.584,2.916,0.123
148900,5.000,0.584,2.916,0.123
149100,5.000,0.582,2.904,0.123
149300,5.000,0.572,2.855,0.123
149500,5.000,0.585,2.923,0.123
149700,5.000,0.585,2.923,0.123
149900,5.000,0.581,2.900,0.124
150100,5.000,0.576,2.877,0.124
150300,5.000,0.576,2.877,0.124
150500,5.000,0.584,2.916,0.124
150700,5.000,0.576,2.874,0.124
150900,5.000,0.570,2.847,0.124
151100,5.000,0.570,2.847,0.124
151300,5.000,0.583,2.912,0.125
151500,5.000,0.580,2.897,0.125
151700,5.000,0.577,2.881,0.125
151900,5.000,0.587,2.931,0.125
152100,5.000,0.587,2.931,0.125
152300,5.000,0.580,2.897,0.126
152500,5.000,0.573,2.862,0.126
152700,5.000,0.587,2.927,0.126
152900,5.000,0.587,2.927,0.126
153100,5.000,0.577,2.881,0.126
153300,5.000,0.576,2.877,0.126
153500,5.000,0.576,2.877,0.126
153700,5.000,0.593,2.958,0.127
153900,5.000,0.570,2.847,0.127
154100,5.000,0.572,2.858,0.127
154300,5.000,0.572,2.858,0.127
154500,5.000,0.586,2.927,0.127
154700,5.000,0.576,2.877,0.127
154900,5.000,0.576,2.877,0.128
155100,5.000,0.571,2.851,0.128
155300,5.000,0.596,2.977,0.128
155500,5.000,0.573,2.862,0.128
155700,5.000,0.575,2.874,0.128
155900,5.000,0.575,2.874,0.128
156100,5.000,0.587,2.931,0.129
156300,5.000,0.573,2.858,0.129
156500,5.000,0.578,2.889,0.129
156700,5.000,0.578,2.889,0.129
156900,5.000,0.590,2.946,0.129
157100,5.000,0.574,2.870,0.129
157300,5.000,0.574,2.866,0.130
157500,5.000,0.574,2.866,0.130
157700,5.000,0.585,2.919,0.130
157900,5.000,0.570,2.843,0.130
158100,5.000,0.570,2.843,0.130
158300,5.000,0.575,2.870,0.130
158500,5.000,0.591,2.950,0.131
158700,5.000,0.577,2.885,0.131
158900,5.000,0.579,2.893,0.131
159100,5.000,0.579,2.893,0.131
159300,5.000,0.589,2.938,0.131
159500,5.000,0.574,2.862,0.131
159700,5.000,0.577,2.881,0.132
159900,5.000,0.577,2.881,0.132
160100,5.000,0.587,2.931,0.132
160300,5.000,0.576,2.874,0.132
160500,5.000,0.584,2.916,0.132
160700,5.000,0.584,2.916,0.132
160900,5.000,0.581,2.900,0.133
161100,5.000,0.573,2.862,0.133
161300,5.000,0.573,2.862,0.133
161500,5.000,0.576,2.877,0.133
161700,5.000,0.584,2.916,0.133
161900,5.000,0.574,2.866,0.133
162100,5.000,0.574,2.866,0.134
162300,5.000,0.584,2.916,0.134
162500,5.000,0.582,2.908,0.134
162700,5.000,0.577,2.881,0.134
162900,5.000,0.582,2.908,0.134
163100,5.000,0.582,2.908,0.134
163300,5.000,0.579,2.893,0.135
163500,5.000,0.577,2.881,0.135
163700,5.000,0.588,2.935,0.135
163900,5.000,0.588,2.935,0.135
164100,5.000,0.578,2.885,0.135
164300,5.000,0.571,2.851,0.135
164500,5.000,0.571,2.851,0.136
164700,5.000,0.591,2.950,0.136
164900,5.000,0.570,2.843,0.136
165100,5.000,0.573,2.862,0.136
165300,5.000,0.573,2.862,0.136
165500,5.000,0.590,2.942,0.136
165700,5.000,0.584,2.916,0.137
165900,5.000,0.575,2.870,0.137
166100,5.000,0.588,2.938,0.137
166300,5.000,0.588,2.938,0.137
166500,5.000,0.577,2.881,0.137
166700,5.000,0.572,2.855,0.137
166900,5.000,0.572,2.855,0.138
167100,5.000,0.592,2.958,0.138
167300,5.000,0.577,2.885,0.138
167500,5.000,0.576,2.874,0.138
167700,5.000,0.576,2.874,0.138
167900,5.000,0.587,2.931,0.138
168100,5.000,0.574,2.866,0.139
168300,5.000,0.571,2.851,0.139
168500,5.000,0.571,2.851,0.139
168700,5.000,0.590,2.942,0.139
168900,5.000,0.577,2.881,0.139
169100,5.000,0.577,2.881,0.139
169300,5.000,0.591,2.950,0.140
169500,5.000,0.591,2.950,0.140
169700,5.000,0.577,2.881,0.140
169900,5.000,0.573,2.862,0.140
170100,5.000,0.573,2.862,0.140
170300,5.000,0.588,2.935,0.140
170500,5.000,0.575,2.874,0.141
170700,5.000,0.579,2.893,0.141
170900,5.000,0.579,2.893,0.141
171100,5.000,0.587,2.931,0.141
171300,5.000,0.572,2.855,0.141
171500,5.000,0.580,2.897,0.141
171700,5.000,0.580,2.897,0.142
171900,5.000,0.581,2.900,0.142
172100,5.000,0.581,2.900,0.142
172300,5.000,0.581,2.900,0.142
172500,5.000,0.579,2.889,0.142
172700,5.000,0.590,2.946,0.142
172900,5.000,0.573,2.862,0.143
173100,5.000,0.580,2.897,0.143
173300,5.000,0.580,2.897,0.143
173500,5.000,0.583,2.912,0.143
173700,5.000,0.574,2.866,0.143
173900,5.000,0.584,2.916,0.143
174100,5.000,0.584,2.916,0.144
174300,5.000,0.589,2.938,0.144
174500,5.000,0.575,2.874,0.144
174700,5.000,0.581,2.900,0.144
174900,5.000,0.581,2.900,0.144
175100,5.000,0.581,2.904,0.144
175300,5.000,0.572,2.855,0.144
175500,5.000,0.572,2.855,0.145
175700,5.000,0.580,2.897,0.145
175900,5.000,0.587,2.931,0.145
176100,5.000,0.578,2.889,0.145
176300,5.000,0.581,2.904,0.145
176500,5.000,0.581,2.904,0.146
176700,5.000,0.587,2.931,0.146
176900,5.000,0.572,2.855,0.146
177100,5.000,0.583,2.908,0.146
177300,5.000,0.583,2.908,0.146
177500,5.000,0.581,2.904,0.146
177700,5.000,0.572,2.855,0.147
177900,5.000,0.572,2.855,0.147
178100,5.000,0.589,2.938,0.147
178300,5.000,0.575,2.870,0.147
178500,5.000,0.573,2.862,0.147
178700,5.000,0.573,2.862,0.147
178900,5.000,0.583,2.912,0.147
179100,5.000,0.579,2.889,0.148
179300,5.000,0.576,2.874,0.148
179500,5.000,0.576,2.874,0.148
179700,5.000,0.587,2.931,0.148
179900,5.000,0.577,2.885,0.148
180100,5.000,0.573,2.858,0.149
180300,5.000,0.586,2.927,0.149
180500,5.000,0.586,2.927,0.149
180700,5.000,0.577,2.881,0.149
180900,5.000,0.576,2.874,0.149
181100,5.000,0.576,2.874,0.149
181300,5.000,0.595,2.969,0.149
181500,5.000,0.574,2.866,0.150
181700,5.000,0.572,2.855,0.150
181900,5.000,0.572,2.855,0.150
182100,5.000,0.589,2.942,0.150
182300,5.000,0.572,2.858,0.150
182500,5.000,0.572,2.858,0.150
182700,5.000,0.572,2.858,0.151
182900,5.000,0.594,2.965,0.151
183100,5.000,0.573,2.862,0.151
183300,5.000,0.574,2.866,0.151
183500,5.000,0.593,2.961,0.151
183700,5.000,0.593,2.961,0.151
183900,5.000,0.572,2.855,0.152
184100,5.000,0.576,2.877,0.152
184300,5.000,0.576,2.877,0.152
184500,5.000,0.591,2.954,0.152
184700,5.000,0.572,2.858,0.152
184900,5.000,0.580,2.893,0.152
185100,5.000,0.580,2.893,0.153
185300,5.000,0.583,2.912,0.153
185500,5.000,0.573,2.862,0.153
185700,5.000,0.577,2.881,0.153
185900,5.000,0.577,2.881,0.153
186100,5.000,0.585,2.919,0.153
186300,5.000,0.576,2.877,0.154
186500,5.000,0.576,2.877,0.154
186700,5.000,0.576,2.923,0.154
186900,5.000,0.585,2.923,0.154
187100,5.000,0.573,2.858,0.154
187300,5.000,0.576,2.874,0.154
187500,5.000,0.576,2.874,0.155
187700,5.000,0.585,2.919,0.155
187900,5.000,0.575,2.870,0.155
188100,5.000,0.585,2.923,0.155
188300,5.000,0.585,2.923,0.155
188500,5.000,0.582,2.908,0.155
188700,5.000,0.572,2.858,0.156
188900,5.000,0.572,2.858,0.156
189100,5.000,0.585,2.919,0.156
189300,5.000,0.577,2.885,0.156
189500,5.000,0.573,2.862,0.156
189700,5.000,0.573,2.862,0.156
189900,5.000,0.584,2.919,0.157
190100,5.000,0.588,2.938,0.157
190300,5.000,0.572,2.858,0.157
190500,5.000,0.585,2.923,0.157
190700,5.000,0.585,2.923,0.157
190900,5.000,0.579,2.889,0.157
191100,5.000,0.573,2.858,0.158
191300,5.000,0.590,2.946,0.158
191500,5.000,0.590,2.946,0.158
191700,5.000,0.580,2.897,0.158
191900,5.000,0.574,2.866,0.158
192100,5.000,0.574,2.866,0.158
192300,5.000,0.587,2.931,0.159
192500,5.000,0.575,2.874,0.159
192700,5.000,0.577,2.881,0.159
192900,5.000,0.577,2.881,0.159
193100,5.000,0.582,2.908,0.159
193300,5.000,0.582,2.904,0.159
193500,5.000,0.572,2.858,0.160
193700,5.000,0.586,2.923,0.160
193900,5.000,0.586,2.923,0.160
194100,5.000,0.576,2.877,0.160
194300,5.000,0.572,2.855,0.160
194500,5.000,0.590,2.946,0.160
194700,5.000,0.590,2.946,0.161
194900,5.000,0.574,2.866,0.161
195100,5.000,0.577,2.881,0.161
195300,5.000,0.577,2.881,0.161
195500,5.000,0.591,2.950,0.161
195700,5.000,0.573,2.862,0.161
195900,5.000,0.574,2.866,0.162
196100,5.000,0.574,2.866,0.162
196300,5.000,0.586,2.927,0.162
196500,5.000,0.577,2.881,0.162
196700,5.000,0.576,2.874,0.162
196900,5.000,0.576,2.874,0.162
197100,5.000,0.595,2.969,0.163
197300,5.000,0.572,2.858,0.163
197500,5.000,0.576,2.877,0.163
197700,5.000,0.576,2.927,0.163
197900,5.000,0.586,2.927,0.163
198100,5.000,0.573,2.862,0.163
198300,5.000,0.580,2.900,0.164
198500,5.000,0.580,2.900,0.164
198700,5.000,0.591,2.950,0.164
198900,5.000,0.573,2.866,0.164
199100,5.000,0.577,2.881,0.164
199300,5.000,0.577,2.881,0.164
199500,5.000,0.587,2.931,0.165
199700,5.000,0.576,2.877,0.165
199900,5.000,0.576,2.877,0.165
200100,5.000,0.572,2.858,0.165
200300,5.000,0.591,2.954,0.165
200500,5.000,0.572,2.855,0.165
200700,5.000,0.576,2.877,0.166
200900,5.000,0.576,2.877,0.166
201100,5.000,0.583,2.912,0.166
201300,5.000,0.573,2.862,0.166
201500,5.000,0.578,2.889,0.166
201700,5.000,0.578,2.889,0.166
201900,5.000,0.585,2.923,0.167
202100,5.000,0.577,2.881,0.167
202300,5.000,0.578,2.885,0.167
202500,5.000,0.578,2.885,0.167
202700,5.000,0.578,2.889,0.167
202900,5.000,0.573,2.858,0.167
203100,5.000,0.573,2.858,0.167
203300,5.000,0.581,2.904,0.168
203500,5.000,0.586,2.927,0.168
203700,5.000,0.576,2.874,0.168
203900,5.000,0.576,2.874,0.168
204100,5.000,0.585,2.923,0.168
204300,5.000,0.582,2.904,0.169
204500,5.000,0.577,2.881,0.169
204700,5.000,0.580,2.897,0.169
204900,5.000,0.580,2.897,0.169
205100,5.000,0.581,2.900,0.169
205300,5.000,0.576,2.874,0.169
205500,5.000,0.591,2.950,0.169
205700,5.000,0.591,2.950,0.170
205900,5.000,0.577,2.881,0.170
206100,5.000,0.573,2.862,0.170
206300,5.000,0.573,2.862,0.170
206500,5.000,0.592,2.954,0.170
206700,5.000,0.576,2.881,0.170
206900,5.000,0.572,2.855,0.171
207100,5.000,0.572,2.855,0.171
207300,5.000,0.588,2.935,0.171
207500,5.000,0.576,2.874,0.171
207700,5.000,0.572,2.855,0.171
207900,5.000,0.585,2.919,0.172
208100,5.000,0.585,2.919,0.172
208300,5.000,0.574,2.870,0.172
208500,5.000,0.574,2.870,0.172
208700,5.000,0.574,2.870,0.172
208900,5.000,0.589,2.942,0.172
209100,5.000,0.577,2.881,0.172
209300,5.000,0.571,2.851,0.173
209500,5.000,0.571,2.851,0.173
209700,5.000,0.588,2.935,0.173
209900,5.000,0.573,2.862,0.173
210100,5.000,0.578,2.885,0.173
210300,5.000,0.578,2.885,0.173
210500,5.000,0.590,2.946,0.174
210700,5.000,0.577,2.881,0.174
210900,5.000,0.577,2.881,0.174
211100,5.000,0.578,2.885,0.174
211300,5.000,0.589,2.942,0.174
211500,5.000,0.575,2.874,0.174
211700,5.000,0.573,2.858,0.175
211900,5.000,0.573,2.858,0.175
212100,5.000,0.591,2.950,0.175
212300,5.000,0.575,2.874,0.175
212500,5.000,0.581,2.904,0.175
212700,5.000,0.581,2.904,0.175
212900,5.000,0.585,2.923,0.176
213100,5.000,0.572,2.858,0.176
213300,5.000,0.580,2.893,0.176
213500,5.000,0.580,2.893,0.176
213700,5.000,0.589,2.942,0.176
213900,5.000,0.574,2.870,0.176
214100,5.000,0.574,2.870,0.177
214300,5.000,0.578,2.889,0.177
214500,5.000,0.585,2.919,0.177
214700,5.000,0.572,2.858,0.177
214900,5.000,0.576,2.874,0.177
215100,5.000,0.576,2.874,0.177
215300,5.000,0.582,2.904,0.178
215500,5.000,0.574,2.870,0.178
215700,5.000,0.579,2.889,0.178
215900,5.000,0.579,2.889,0.178
216100,5.000,0.587,2.931,0.178
216300,5.000,0.571,2.855,0.178
216500,5.000,0.583,2.908,0.179
216700,5.000,0.583,2.908,0.179
216900,5.000,0.580,2.897,0.179
217100,5.000,0.577,2.881,0.179
217300,5.000,0.577,2.881,0.179
217500,5.000,0.577,2.881,0.179
217700,5.000,0.589,2.942,0.180
217900,5.000,0.576,2.877,0.180
218100,5.000,0.576,2.877,0.180
218300,5.000,0.580,2.897,0.180
218500,5.000,0.580,2.893,0.180
218700,5.000,0.571,2.851,0.180
218900,5.000,0.587,2.931,0.181
219100,5.000,0.587,2.931,0.181
219300,5.000,0.583,2.908,0.181
219500,5.000,0.578,2.885,0.181
219700,5.000,0.578,2.885,0.181
219900,5.000,0.585,2.919,0.181
220100,5.000,0.577,2.881,0.182
220300,5.000,0.574,2.866,0.182
220500,5.000,0.574,2.866,0.182
220700,5.000,0.595,2.973,0.182
220900,5.000,0.574,2.870,0.182
221100,5.000,0.577,2.885,0.182
221300,5.000,0.577,2.885,0.183
221500,5.000,0.588,2.935,0.183
221700,5.000,0.574,2.866,0.183
221900,5.000,0.573,2.862,0.183
222100,5.000,0.585,2.919,0.183
222300,5.000,0.585,2.919,0.183
222500,5.000,0.577,2.881,0.184
222700,5.000,0.571,2.851,0.184
222900,5.000,0.571,2.851,0.184
223100,5.000,0.594,2.969,0.184
223300,5.000,0.571,2.851,0.184
223500,5.000,0.574,2.866,0.184
223700,5.000,0.574,2.866,0.185
223900,5.000,0.588,2.935,0.185
224100,5.000,0.577,2.881,0.185
224300,5.000,0.572,2.855,0.185
224500,5.000,0.572,2.855,0.185
224700,5.000,0.596,2.977,0.185
224900,5.000,0.577,2.881,0.186
225100,5.000,0.577,2.881,0.186
225300,5.000,0.589,2.938,0.186
225500,5.000,0.589,2.938,0.186
225700,5.000,0.573,2.858,0.186
225900,5.000,0.575,2.874,0.186
226100,5.000,0.575,2.874,0.187
226300,5.000,0.592,2.958,0.187
226500,5.000,0.577,2.881,0.187
226700,5.000,0.576,2.877,0.187
226900,5.000,0.576,2.877,0.187
227100,5.000,0.585,2.919,0.187
227300,5.000,0.575,2.870,0.188
227500,5.000,0.585,2.923,0.188
227700,5.000,0.585,2.923,0.188
227900,5.000,0.584,2.919,0.188
228100,5.000,0.576,2.877,0.188
228300,5.000,0.576,2.877,0.188
228500,5.000,0.576,2.877,0.188
228700,5.000,0.588,2.938,0.189
228900,5.000,0.574,2.866,0.189
229100,5.000,0.576,2.877,0.189
229300,5.000,0.576,2.877,0.189
229500,5.000,0.587,2.931,0.189
229700,5.000,0.572,2.858,0.190
229900,5.000,0.584,2.919,0.190
230100,5.000,0.584,2.919,0.190
230300,5.000,0.580,2.897,0.190
230500,5.000,0.582,2.908,0.190
230700,5.000,0.582,2.908,0.190
230900,5.000,0.581,2.904,0.190
231100,5.000,0.582,2.904,0.191
231300,5.000,0.575,2.870,0.191
231500,5.000,0.575,2.870,0.191
231700,5.000,0.577,2.881,0.191
231900,5.000,0.588,2.935,0.191
232100,5.000,0.576,2.877,0.192
232300,5.000,0.583,2.912,0.192
232500,5.000,0.583,2.912,0.192
232700,5.000,0.586,2.927,0.192
232900,5.000,0.574,2.866,0.192
233100,5.000,0.583,2.912,0.192
233300,5.000,0.583,2.912,0.193
233500,5.000,0.583,2.908,0.193
233700,5.000,0.575,2.874,0.193
233900,5.000,0.575,2.874,0.193
234100,5.000,0.595,2.969,0.193
234300,5.000,0.576,2.877,0.193
234500,5.000,0.577,2.881,0.193
234700,5.000,0.577,2.881,0.194
234900,5.000,0.582,2.904,0.194
235100,5.000,0.580,2.897,0.194
235300,5.000,0.574,2.866,0.194
235500,5.000,0.585,2.919,0.194
235700,5.000,0.585,2.919,0.195
235900,5.000,0.582,2.908,0.195
236100,5.000,0.573,2.862,0.195
236300,5.000,0.588,2.935,0.195
236500,5.000,0.588,2.935,0.195
236700,5.000,0.575,2.874,0.195
236900,5.000,0.574,2.866,0.195
237100,5.000,0.574,2.866,0.196
237300,5.000,0.592,2.954,0.196
237500,5.000,0.577,2.885,0.196
237700,5.000,0.573,2.858,0.196
237900,5.000,0.573,2.858,0.196
238100,5.000,0.590,2.950,0.196
238300,5.000,0.578,2.885,0.197
238500,5.000,0.571,2.855,0.197
238700,5.000,0.571,2.855,0.197
238900,5.000,0.589,2.942,0.197
239100,5.000,0.574,2.866,0.197
239300,5.000,0.576,2.877,0.197
239500,5.000,0.594,2.969,0.198
239700,5.000,0.594,2.969,0.198
239900,5.000,0.574,2.866,0.198
240100,5.000,0.573,2.858,0.198
240300,5.000,0.573,2.858,0.198
240500,5.000,0.588,2.938,0.198
240700,5.000,0.577,2.881,0.199
240900,5.000,0.583,2.916,0.199
241100,5.000,0.583,2.916,0.199
241300,5.000,0.585,2.923,0.199
241500,5.000,0.576,2.877,0.199
241700,5.000,0.576,2.877,0.199
241900,5.000,0.574,2.866,0.200
242100,5.000,0.588,2.935,0.200
242300,5.000,0.574,2.866,0.200
242500,5.000,0.578,2.885,0.200
242700,5.000,0.578,2.885,0.200
242900,5.000,0.592,2.954,0.200
243100,5.000,0.574,2.870,0.201
243300,5.000,0.580,2.897,0.201
243500,5.000,0.580,2.897,0.201
243700,5.000,0.583,2.908,0.201
243900,5.000,0.574,2.866,0.201
244100,5.000,0.581,2.900,0.201
244300,5.000,0.581,2.900,0.202
244500,5.000,0.586,2.927,0.202
244700,5.000,0.573,2.862,0.202
244900,5.000,0.573,2.862,0.202
245100,5.000,0.580,2.900,0.202
245300,5.000,0.587,2.931,0.202
245500,5.000,0.571,2.851,0.203
245700,5.000,0.571,2.851,0.203
245900,5.000,0.579,2.889,0.203
246100,5.000,0.585,2.919,0.203
246300,5.000,0.578,2.889,0.203
246500,5.000,0.588,2.935,0.203
246700,5.000,0.588,2.935,0.204
246900,5.000,0.583,2.912,0.204
247100,5.000,0.572,2.858,0.204
247300,5.000,0.588,2.935,0.204
247500,5.000,0.588,2.935,0.204
247700,5.000,0.581,2.904,0.204
247900,5.000,0.578,2.889,0.205
248100,5.000,0.578,2.889,0.205
248300,5.000,0.587,2.931,0.205
248500,5.000,0.580,2.893,0.205
248700,5.000,0.574,2.866,0.205
248900,5.000,0.574,2.866,0.205
249100,5.000,0.583,2.912,0.206
249300,5.000,0.581,2.904,0.206
249500,5.000,0.576,2.877,0.206
249700,5.000,0.588,2.938,0.206
249900,5.000,0.588,2.938,0.206
250100,5.000,0.581,2.900,0.206
250300,5.000,0.574,2.870,0.207
250500,5.000,0.586,2.927,0.207
250700,5.000,0.586,2.927,0.207
250900,5.000,0.578,2.889,0.207
251100,5.000,0.573,2.862,0.207
251300,5.000,0.573,2.862,0.207
251500,5.000,0.592,2.958,0.208
251700,5.000,0.572,2.858,0.208
251900,5.000,0.575,2.870,0.208
252100,5.000,0.575,2.870,0.208
252300,5.000,0.588,2.935,0.208
252500,5.000,0.574,2.866,0.208
252700,5.000,0.574,2.866,0.209
252900,5.000,0.592,2.954,0.209
253100,5.000,0.592,2.954,0.209
253300,5.000,0.575,2.870,0.209
253500,5.000,0.576,2.881,0.209
253700,5.000,0.576,2.881,0.209
253900,5.000,0.588,2.935,0.210
254100,5.000,0.573,2.858,0.210
254300,5.000,0.576,2.877,0.210
254500,5.000,0.576,2.877,0.210
254700,5.000,0.592,2.954,0.210
254900,5.000,0.577,2.885,0.210
255100,5.000,0.576,2.877,0.211
255300,5.000,0.576,2.877,0.211
255500,5.000,0.589,2.942,0.211
255700,5.000,0.573,2.862,0.211
255900,5.000,0.573,2.862,0.211
256100,5.000,0.573,2.862,0.211
256300,5.000,0.589,2.942,0.212
256500,5.000,0.576,2.877,0.212
256700,5.000,0.580,2.897,0.212
256900,5.000,0.580,2.897,0.212
257100,5.000,0.591,2.950,0.212
257300,5.000,0.574,2.870,0.212
257500,5.000,0.576,2.881,0.213
257700,5.000,0.576,2.881,0.213
257900,5.000,0.587,2.931,0.213
258100,5.000,0.576,2.877,0.213
258300,5.000,0.583,2.908,0.213
258500,5.000,0.583,2.908,0.213
258700,5.000,0.581,2.900,0.214
258900,5.000,0.573,2.858,0.214
259100,5.000,0.573,2.858,0.214
259300,5.000,0.578,2.885,0.214
259500,5.000,0.585,2.923,0.214
259700,5.000,0.573,2.862,0.214
259900,5.000,0.581,2.904,0.215
260100,5.000,0.581,2.904,0.215
260300,5.000,0.587,2.931,0.215
260500,5.000,0.577,2.881,0.215
260700,5.000,0.579,2.889,0.215
260900,5.000,0.579,2.889,0.215
261100,5.000,0.579,2.889,0.216
261300,5.000,0.574,2.866,0.216
261500,5.000,0.588,2.935,0.216
261700,5.000,0.588,2.935,0.216
261900,5.000,0.581,2.904,0.216
262100,5.000,0.572,2.858,0.216
262300,5.000,0.572,2.858,0.216
262500,5.000,0.583,2.912,0.217
262700,5.000,0.581,2.900,0.217
262900,5.000,0.573,2.862,0.217
263100,5.000,0.573,2.862,0.217
263300,5.000,0.586,2.927,0.217
263500,5.000,0.583,2.912,0.218
263700,5.000,0.575,2.874,0.218
263900,5.000,0.589,2.942,0.218
264100,5.000,0.589,2.942,0.218
264300,5.000,0.578,2.885,0.218
264500,5.000,0.572,2.855,0.218
264700,5.000,0.572,2.855,0.218
264900,5.000,0.591,2.950,0.219
265100,5.000,0.576,2.877,0.219
265300,5.000,0.578,2.885,0.219
265500,5.000,0.578,2.885,0.219
265700,5.000,0.588,2.935,0.219
265900,5.000,0.574,2.866,0.219
266100,5.000,0.574,2.866,0.220
266300,5.000,0.574,2.866,0.220
266500,5.000,0.585,2.923,0.220
266700,5.000,0.574,2.866,0.220
266900,5.000,0.576,2.877,0.220
267100,5.000,0.591,2.950,0.221
267300,5.000,0.591,2.950,0.221
267500,5.000,0.576,2.877,0.221
267700,5.000,0.572,2.858,0.221
267900,5.000,0.572,2.858,0.221
268100,5.000,0.587,2.931,0.221
268300,5.000,0.574,2.870,0.221
268500,5.000,0.578,2.889,0.222
268700,5.000,0.578,2.889,0.222
268900,5.000,0.585,2.923,0.222
269100,5.000,0.571,2.851,0.222
269300,5.000,0.574,2.866,0.222
269500,5.000,0.574,2.866,0.222
269700,5.000,0.589,2.938,0.223
269900,5.000,0.574,2.866,0.223
270100,5.000,0.574,2.866,0.223
270300,5.000,0.593,2.961,0.223
270500,5.000,0.593,2.961,0.223
270700,5.000,0.574,2.866,0.223
270900,5.000,0.581,2.900,0.224
271100,5.000,0.581,2.900,0.224
271300,5.000,0.586,2.927,0.224
271500,5.000,0.572,2.858,0.224
271700,5.000,0.582,2.904,0.224
271900,5.000,0.582,2.904,0.224
272100,5.000,0.588,2.938,0.225
272300,5.000,0.577,2.881,0.225
272500,5.000,0.580,2.893,0.225
272700,5.000,0.580,2.893,0.225
272900,5.000,0.579,2.893,0.225
273100,5.000,0.573,2.862,0.225
273300,5.000,0.573,2.862,0.226
273500,5.000,0.575,2.874,0.226
273700,5.000,0.585,2.919,0.226
273900,5.000,0.578,2.885,0.226
274100,5.000,0.581,2.900,0.226
274300,5.000,0.581,2.900,0.226
274500,5.000,0.585,2.923,0.227
274700,5.000,0.572,2.855,0.227
274900,5.000,0.582,2.904,0.227
275100,5.000,0.582,2.904,0.227
275300,5.000,0.579,2.893,0.227
275500,5.000,0.575,2.874,0.227
275700,5.000,0.575,2.874,0.228
275900,5.000,0.587,2.931,0.228
276100,5.000,0.574,2.866,0.228
276300,5.000,0.574,2.866,0.228
276500,5.000,0.574,2.866,0.228
276700,5.000,0.581,2.900,0.228
276900,5.000,0.579,2.889,0.229
277100,5.000,0.574,2.862,0.229
277300,5.000,0.591,2.954,0.229
277500,5.000,0.591,2.954,0.229
277700,5.000,0.581,2.904,0.229
277900,5.000,0.577,2.881,0.229
278100,5.000,0.586,2.927,0.230
278300,5.000,0.586,2.927,0.230
278500,5.000,0.576,2.877,0.230
278700,5.000,0.574,2.866,0.230
278900,5.000,0.574,2.866,0.230
279100,5.000,0.594,2.961,0.230
279300,5.000,0.577,2.885,0.231
279500,5.000,0.571,2.855,0.231
279700,5.000,0.571,2.855,0.231
279900,5.000,0.584,2.916,0.231
280100,5.000,0.578,2.889,0.231
280300,5.000,0.573,2.858,0.231
280500,5.000,0.573,2.858,0.232
280700,5.000,0.589,2.942,0.232
280900,5.000,0.577,2.881,0.232
281100,5.000,0.572,2.855,0.232
281300,5.000,0.594,2.965,0.232
281500,5.000,0.594,2.965,0.232
281700,5.000,0.571,2.851,0.233
281900,5.000,0.572,2.855,0.233
282100,5.000,0.572,2.855,0.233
282300,5.000,0.589,2.938,0.233
282500,5.000,0.576,2.877,0.233
282700,5.000,0.580,2.897,0.233
282900,5.000,0.580,2.897,0.234
283100,5.000,0.581,2.900,0.234
283300,5.000,0.574,2.862,0.234
283500,5.000,0.570,2.847,0.234
283700,5.000,0.570,2.847,0.234
283900,5.000,0.587,2.931,0.234
284100,5.000,0.574,2.870,0.234
284300,5.000,0.583,2.912,0.235
284500,5.000,0.583,2.912,0.235
284700,5.000,0.590,2.946,0.235
