300,5.000,0.569,2.843,0.000
500,5.000,0.561,2.805,0.000
700,5.000,0.561,2.805,0.000
900,5.000,0.582,2.912,0.000
1100,5.000,0.578,2.893,0.000
1300,5.000,0.578,2.893,0.000
1500,5.000,0.571,2.855,0.001
1700,5.000,0.581,2.904,0.001
1900,5.000,0.574,2.870,0.001
2100,5.000,0.574,2.870,0.001
2300,5.000,0.585,2.927,0.001
2500,5.000,0.584,2.916,0.001
2700,5.000,0.576,2.877,0.002
2900,5.000,0.576,2.877,0.002
3100,5.000,0.576,2.877,0.002
3300,5.000,0.580,2.900,0.002
3500,5.000,0.572,2.858,0.002
3700,5.000,0.572,2.858,0.002
3900,5.000,0.572,2.862,0.003
4100,5.000,0.574,2.870,0.003
4300,5.000,0.567,2.835,0.003
4500,5.000,0.567,2.835,0.003
4700,5.000,0.577,2.885,0.003
4900,5.000,0.565,2.824,0.003
5100,5.000,0.563,2.816,0.003
5300,5.000,0.563,2.816,0.004
5500,5.000,0.572,2.858,0.004
5700,5.000,0.563,2.816,0.004
5900,5.000,0.563,2.813,0.004
6100,5.000,0.571,2.851,0.004
6300,5.000,0.571,2.851,0.005
6500,5.000,0.564,2.816,0.005
6700,5.000,0.565,2.824,0.005
6900,5.000,0.565,2.824,0.005
7100,5.000,0.574,2.870,0.005
7300,5.000,0.560,2.801,0.005
7500,5.000,0.565,2.824,0.005
7700,5.000,0.565,2.824,0.006
7900,5.000,0.574,2.866,0.006
8100,5.000,0.562,2.813,0.006
8300,5.000,0.560,2.801,0.006
8500,5.000,0.560,2.801,0.006
8700,5.000,0.578,2.889,0.006
8900,5.000,0.562,2.813,0.007
9100,5.000,0.562,2.813,0.007
9300,5.000,0.571,2.855,0.007
9500,5.000,0.571,2.855,0.007
9700,5.000,0.558,2.793,0.007
9900,5.000,0.565,2.828,0.007
10100,5.000,0.565,2.828,0.008
10300,5.000,0.574,2.874,0.008
10500,5.000,0.565,2.824,0.008
10700,5.000,0.564,2.820,0.008
10900,5.000,0.564,2.820,0.008
11100,5.000,0.568,2.839,0.008
11300,5.000,0.564,2.820,0.009
11500,5.000,0.566,2.832,0.009
11700,5.000,0.566,2.832,0.009
11900,5.000,0.570,2.851,0.009
12100,5.000,0.564,2.820,0.009
12300,5.000,0.564,2.820,0.009
12500,5.000,0.566,2.832,0.009
12700,5.000,0.569,2.843,0.010
12900,5.000,0.559,2.797,0.010
13100,5.000,0.563,2.813,0.010
13300,5.000,0.563,2.813,0.010
13500,5.000,0.569,2.843,0.010
13700,5.000,0.564,2.816,0.010
13900,5.000,0.570,2.851,0.011
14100,5.000,0.570,2.851,0.011
14300,5.000,0.569,2.843,0.011
14500,5.000,0.563,2.813,0.011
14700,5.000,0.565,2.828,0.011
14900,5.000,0.565,2.828,0.011
15100,5.000,0.573,2.866,0.012
15300,5.000,0.561,2.805,0.012
15500,5.000,0.561,2.805,0.012
15700,5.000,0.568,2.839,0.012
15900,5.000,0.571,2.855,0.012
16100,5.000,0.562,2.809,0.012
16300,5.000,0.569,2.843,0.013
16500,5.000,0.569,2.843,0.013
16700,5.000,0.569,2.847,0.013
16900,5.000,0.561,2.805,0.013
17100,5.000,0.564,2.820,0.013
17300,5.000,0.564,2.820,0.013
17500,5.000,0.571,2.855,0.014
17700,5.000,0.565,2.824,0.014
17900,5.000,0.565,2.824,0.014
18100,5.000,0.572,2.858,0.014
18300,5.000,0.564,2.820,0.014
18500,5.000,0.563,2.813,0.014
18700,5.000,0.563,2.813,0.015
18900,5.000,0.569,2.847,0.015
19100,5.000,0.564,2.820,0.015
19300,5.000,0.562,2.813,0.015
19500,5.000,0.562,2.813,0.015
19700,5.000,0.573,2.866,0.015
19900,5.000,0.561,2.805,0.016
20100,5.000,0.564,2.816,0.016
20300,5.000,0.568,2.839,0.016
20500,5.000,0.568,2.839,0.016
20700,5.000,0.565,2.828,0.016
20900,5.000,0.562,2.809,0.016
21100,5.000,0.562,2.809,0.016
21300,5.000,0.578,2.889,0.017
21500,5.000,0.562,2.809,0.017
21700,5.000,0.563,2.813,0.017
21900,5.000,0.563,2.813,0.017
22100,5.000,0.573,2.862,0.017
22300,5.000,0.562,2.813,0.017
22500,5.000,0.561,2.805,0.018
22700,5.000,0.561,2.805,0.018
22900,5.000,0.571,2.855,0.018
23100,5.000,0.565,2.824,0.018
23300,5.000,0.562,2.809,0.018
23500,5.000,0.568,2.839,0.018
23700,5.000,0.568,2.839,0.019
23900,5.000,0.566,2.832,0.019
24100,5.000,0.562,2.809,0.019
24300,5.000,0.562,2.809,0.019
24500,5.000,0.570,2.851,0.019
24700,5.000,0.565,2.824,0.019
24900,5.000,0.567,2.835,0.020
25100,5.000,0.567,2.835,0.020
25300,5.000,0.571,2.858,0.020
25500,5.000,0.561,2.805,0.020
25700,5.000,0.564,2.816,0.020
25900,5.000,0.564,2.816,0.020
26100,5.000,0.572,2.858,0.020
26300,5.000,0.563,2.816,0.021
26500,5.000,0.563,2.816,0.021
26700,5.000,0.574,2.870,0.021
26900,5.000,0.574,2.870,0.021
27100,5.000,0.564,2.820,0.021
27300,5.000,0.567,2.832,0.022
27500,5.000,0.567,2.832,0.022
27700,5.000,0.566,2.832,0.022
27900,5.000,0.562,2.813,0.022
28100,5.000,0.565,2.824,0.022
28300,5.000,0.565,2.824,0.022
28500,5.000,0.571,2.855,0.022
28700,5.000,0.563,2.813,0.023
28900,5.000,0.563,2.839,0.023
29100,5.000,0.568,2.839,0.023
29300,5.000,0.568,2.839,0.023
29500,5.000,0.562,2.809,0.023
29700,5.000,0.562,2.809,0.023
29900,5.000,0.564,2.820,0.024
30100,5.000,0.568,2.839,0.024
30300,5.000,0.563,2.816,0.024
30500,5.000,0.567,2.835,0.024
30700,5.000,0.567,2.835,0.024
30900,5.000,0.570,2.851,0.024
31100,5.000,0.563,2.816,0.025
31300,5.000,0.568,2.839,0.025
31500,5.000,0.568,2.839,0.025
31700,5.000,0.567,2.835,0.025
31900,5.000,0.564,2.820,0.025
32100,5.000,0.564,2.820,0.025
32300,5.000,0.572,2.862,0.026
32500,5.000,0.565,2.824,0.026
32700,5.000,0.562,2.813,0.026
32900,5.000,0.562,2.813,0.026
33100,5.000,0.568,2.839,0.026
33300,5.000,0.567,2.835,0.026
33500,5.000,0.561,2.805,0.026
33700,5.000,0.574,2.870,0.027
33900,5.000,0.574,2.870,0.027
34100,5.000,0.562,2.813,0.027
34300,5.000,0.565,2.824,0.027
34500,5.000,0.571,2.855,0.027
34700,5.000,0.571,2.855,0.027
34900,5.000,0.561,2.805,0.028
35100,5.000,0.559,2.797,0.028
35300,5.000,0.559,2.797,0.028
35500,5.000,0.574,2.870,0.028
35700,5.000,0.561,2.805,0.028
35900,5.000,0.564,2.816,0.028
36100,5.000,0.564,2.816,0.029
36300,5.000,0.571,2.855,0.029
36500,5.000,0.566,2.828,0.029
36700,5.000,0.563,2.813,0.029
36900,5.000,0.563,2.813,0.029
37100,5.000,0.572,2.862,0.029
37300,5.000,0.563,2.813,0.030
37500,5.000,0.563,2.813,0.030
37700,5.000,0.577,2.885,0.030
37900,5.000,0.577,2.885,0.030
38100,5.000,0.562,2.809,0.030
38300,5.000,0.562,2.809,0.030
38500,5.000,0.562,2.809,0.031
38700,5.000,0.571,2.858,0.031
38900,5.000,0.565,2.824,0.031
39100,5.000,0.563,2.816,0.031
39300,5.000,0.563,2.816,0.031
39500,5.000,0.574,2.874,0.031
39700,5.000,0.562,2.809,0.031
39900,5.000,0.567,2.832,0.032
40100,5.000,0.567,2.832,0.032
40300,5.000,0.576,2.877,0.032
40500,5.000,0.561,2.805,0.032
40700,5.000,0.565,2.824,0.032
40900,5.000,0.574,2.870,0.033
41100,5.000,0.574,2.870,0.033
41300,5.000,0.563,2.816,0.033
41500,5.000,0.563,2.816,0.033
41700,5.000,0.563,2.816,0.033
41900,5.000,0.573,2.866,0.033
42100,5.000,0.564,2.820,0.033
42300,5.000,0.567,2.835,0.034
42500,5.000,0.567,2.835,0.034
42700,5.000,0.569,2.847,0.034
42900,5.000,0.562,2.809,0.034
43100,5.000,0.562,2.809,0.034
43300,5.000,0.560,2.801,0.034
43500,5.000,0.575,2.877,0.035
43700,5.000,0.562,2.813,0.035
43900,5.000,0.565,2.828,0.035
44100,5.000,0.565,2.828,0.035
44300,5.000,0.571,2.855,0.035
44500,5.000,0.564,2.820,0.035
44700,5.000,0.565,2.828,0.036
44900,5.000,0.565,2.828,0.036
45100,5.000,0.569,2.843,0.036
45300,5.000,0.561,2.805,0.036
45500,5.000,0.564,2.824,0.036
45700,5.000,0.564,2.824,0.036
45900,5.000,0.571,2.855,0.037
46100,5.000,0.562,2.813,0.037
46300,5.000,0.562,2.813,0.037
46500,5.000,0.567,2.835,0.037
46700,5.000,0.569,2.843,0.037
46900,5.000,0.563,2.816,0.037
47100,5.000,0.563,2.816,0.037
47300,5.000,0.566,2.828,0.038
47500,5.000,0.572,2.858,0.038
47700,5.000,0.561,2.805,0.038
47900,5.000,0.571,2.855,0.038
48100,5.000,0.571,2.855,0.038
48300,5.000,0.569,2.843,0.038
48500,5.000,0.559,2.793,0.039
48700,5.000,0.568,2.839,0.039
48900,5.000,0.568,2.839,0.039
49100,5.000,0.567,2.835,0.039
49300,5.000,0.563,2.816,0.039
49500,5.000,0.563,2.816,0.039
49700,5.000,0.570,2.851,0.040
49900,5.000,0.564,2.816,0.040
50100,5.000,0.563,2.816,0.040
50300,5.000,0.563,2.816,0.040
50500,5.000,0.569,2.847,0.040
50700,5.000,0.565,2.828,0.040
50900,5.000,0.560,2.801,0.041
51100,5.000,0.570,2.855,0.041
51300,5.000,0.570,2.855,0.041
51500,5.000,0.568,2.839,0.041
51700,5.000,0.563,2.816,0.041
51900,5.000,0.570,2.851,0.041
52100,5.000,0.570,2.851,0.042
52300,5.000,0.561,2.805,0.042
52500,5.000,0.564,2.820,0.042
52700,5.000,0.564,2.820,0.042
52900,5.000,0.565,2.824,0.042
53100,5.000,0.570,2.851,0.042
53300,5.000,0.562,2.809,0.043
53500,5.000,0.562,2.809,0.043
53700,5.000,0.574,2.870,0.043
53900,5.000,0.565,2.828,0.043
54100,5.000,0.562,2.813,0.043
54300,5.000,0.575,2.874,0.043
54500,5.000,0.575,2.874,0.044
54700,5.000,0.560,2.801,0.044
54900,5.000,0.561,2.805,0.044
55100,5.000,0.573,2.866,0.044
55300,5.000,0.573,2.866,0.044
55500,5.000,0.562,2.813,0.044
55700,5.000,0.560,2.801,0.044
55900,5.000,0.560,2.801,0.045
56100,5.000,0.575,2.877,0.045
56300,5.000,0.563,2.813,0.045
56500,5.000,0.569,2.843,0.045
56700,5.000,0.569,2.843,0.045
56900,5.000,0.571,2.855,0.045
57100,5.000,0.566,2.828,0.046
57300,5.000,0.566,2.828,0.046
57500,5.000,0.560,2.797,0.046
57700,5.000,0.569,2.847,0.046
57900,5.000,0.560,2.801,0.046
58100,5.000,0.562,2.813,0.046
58300,5.000,0.562,2.813,0.047
58500,5.000,0.571,2.855,0.047
58700,5.000,0.564,2.820,0.047
58900,5.000,0.567,2.835,0.047
59100,5.000,0.567,2.835,0.047
59300,5.000,0.569,2.843,0.047
59500,5.000,0.562,2.809,0.048
59700,5.000,0.563,2.816,0.048
59900,5.000,0.563,2.816,0.048
60100,5.000,0.576,2.881,0.048
60300,5.000,0.562,2.813,0.048
60500,5.000,0.562,2.813,0.048
60700,5.000,0.567,2.835,0.048
60900,5.000,0.570,2.851,0.049
61100,5.000,0.563,2.816,0.049
61300,5.000,0.564,2.820,0.049
61500,5.000,0.564,2.820,0.049
61700,5.000,0.570,2.851,0.049
61900,5.000,0.561,2.805,0.050
62100,5.000,0.568,2.843,0.050
62300,5.000,0.568,2.843,0.050
62500,5.000,0.571,2.855,0.050
62700,5.000,0.561,2.805,0.050
62900,5.000,0.568,2.839,0.050
63100,5.000,0.568,2.839,0.050
63300,5.000,0.562,2.813,0.051
63500,5.000,0.562,2.809,0.051
63700,5.000,0.562,2.809,0.051
63900,5.000,0.565,2.828,0.051
64100,5.000,0.571,2.855,0.051
64300,5.000,0.563,2.816,0.051
64500,5.000,0.563,2.816,0.052
64700,5.000,0.571,2.855,0.052
64900,5.000,0.565,2.828,0.052
65100,5.000,0.564,2.820,0.052
65300,5.000,0.568,2.839,0.052
65500,5.000,0.568,2.839,0.052
65700,5.000,0.568,2.839,0.053
65900,5.000,0.563,2.816,0.053
66100,5.000,0.571,2.855,0.053
66300,5.000,0.571,2.855,0.053
66500,5.000,0.565,2.828,0.053
66700,5.000,0.563,2.813,0.053
66900,5.000,0.563,2.813,0.054
67100,5.000,0.565,2.824,0.054
67300,5.000,0.564,2.824,0.054
67500,5.000,0.560,2.797,0.054
67700,5.000,0.560,2.797,0.054
67900,5.000,0.572,2.862,0.054
68100,5.000,0.566,2.832,0.054
68300,5.000,0.562,2.809,0.055
68500,5.000,0.572,2.858,0.055
68700,5.000,0.572,2.858,0.055
68900,5.000,0.565,2.824,0.055
69100,5.000,0.562,2.809,0.055
69300,5.000,0.562,2.851,0.055
69500,5.000,0.570,2.851,0.056
69700,5.000,0.568,2.839,0.056
69900,5.000,0.563,2.816,0.056
70100,5.000,0.563,2.816,0.056
70300,5.000,0.576,2.881,0.056
70500,5.000,0.560,2.801,0.056
70700,5.000,0.563,2.816,0.057
70900,5.000,0.563,2.816,0.057
71100,5.000,0.568,2.839,0.057
71300,5.000,0.564,2.816,0.057
71500,5.000,0.564,2.816,0.057
71700,5.000,0.575,2.874,0.057
71900,5.000,0.575,2.874,0.058
