300,5.000,0.374,1.870,0.000
500,5.000,0.380,1.900,0.000
700,5.000,0.380,1.900,0.000
900,5.000,0.380,1.900,0.000
1100,5.000,0.380,1.900,0.000
1300,5.000,0.380,1.904,0.000
1500,5.000,0.380,1.904,0.000
1700,5.000,0.380,1.904,0.000
1900,5.000,0.380,1.900,0.000
2100,5.000,0.380,1.900,0.001
2300,5.000,0.380,1.900,0.001
2500,5.000,0.381,1.908,0.001
2700,5.000,0.380,1.904,0.001
2900,5.000,0.381,1.904,0.001
3100,5.000,0.381,1.904,0.001
3300,5.000,0.381,1.904,0.001
3500,5.000,0.380,1.904,0.001
3700,5.000,0.381,1.904,0.001
3900,5.000,0.381,1.904,0.002
4100,5.000,0.381,1.904,0.002
4300,5.000,0.400,2.003,0.002
4500,5.000,0.400,2.003,0.002
4700,5.000,0.381,1.908,0.002
4900,5.000,0.380,1.900,0.002
5100,5.000,0.384,1.923,0.002
5300,5.000,0.384,1.923,0.002
5500,5.000,0.381,1.904,0.002
5700,5.000,0.381,1.904,0.003
5900,5.000,0.380,1.904,0.003
6100,5.000,0.381,1.904,0.003
6300,5.000,0.381,1.904,0.003
6500,5.000,0.381,1.908,0.003
6700,5.000,0.380,1.904,0.003
6900,5.000,0.380,1.900,0.003
7100,5.000,0.380,1.900,0.003
7300,5.000,0.381,1.904,0.003
7500,5.000,0.380,1.904,0.003
7700,5.000,0.380,1.904,0.004
7900,5.000,0.380,1.904,0.004
8100,5.000,0.381,1.904,0.004
8300,5.000,0.381,1.908,0.004
8500,5.000,0.381,1.908,0.004
8700,5.000,0.381,1.904,0.004
8900,5.000,0.381,1.904,0.004
9100,5.000,0.380,1.904,0.004
9300,5.000,0.380,1.904,0.004
9500,5.000,0.380,1.904,0.005
9700,5.000,0.381,1.904,0.005
9900,5.000,0.380,1.904,0.005
10100,5.000,0.381,1.908,0.005
10300,5.000,0.381,1.908,0.005
10500,5.000,0.381,1.904,0.005
10700,5.000,0.380,1.904,0.005
10900,5.000,0.380,1.904,0.005
11100,5.000,0.381,1.904,0.005
11300,5.000,0.381,1.904,0.006
11500,5.000,0.381,1.904,0.006
11700,5.000,0.381,1.904,0.006
11900,5.000,0.380,1.904,0.006
12100,5.000,0.382,1.908,0.006
12300,5.000,0.381,1.904,0.006
12500,5.000,0.380,1.900,0.006
12700,5.000,0.380,1.900,0.006
12900,5.000,0.381,1.904,0.006
13100,5.000,0.381,1.904,0.007
13300,5.000,0.381,1.908,0.007
13500,5.000,0.381,1.908,0.007
13700,5.000,0.381,1.904,0.007
13900,5.000,0.381,1.904,0.007
14100,5.000,0.381,1.904,0.007
14300,5.000,0.380,1.904,0.007
14500,5.000,0.381,1.904,0.007
14700,5.000,0.380,1.904,0.007
14900,5.000,0.380,1.904,0.007
15100,5.000,0.381,1.908,0.008
15300,5.000,0.381,1.904,0.008
15500,5.000,0.381,1.904,0.008
15700,5.000,0.380,1.904,0.008
15900,5.000,0.381,1.904,0.008
16100,5.000,0.381,1.908,0.008
16300,5.000,0.381,1.904,0.008
16500,5.000,0.381,1.904,0.008
16700,5.000,0.381,1.904,0.009
16900,5.000,0.380,1.904,0.009
17100,5.000,0.381,1.908,0.009
17300,5.000,0.381,1.908,0.009
17500,5.000,0.381,1.904,0.009
17700,5.000,0.380,1.900,0.009
17900,5.000,0.381,1.908,0.009
18100,5.000,0.381,1.908,0.009
18300,5.000,0.381,1.904,0.009
18500,5.000,0.391,1.958,0.009
18700,5.000,0.391,1.958,0.010
18900,5.000,0.422,2.110,0.010
19100,5.000,0.381,1.904,0.010
19300,5.000,0.380,1.904,0.010
19500,5.000,0.380,1.900,0.010
19700,5.000,0.380,1.900,0.010
19900,5.000,0.381,1.904,0.010
20100,5.000,0.381,1.904,0.010
20300,5.000,0.381,1.908,0.010
20500,5.000,0.381,1.908,0.011
20700,5.000,0.381,1.904,0.011
20900,5.000,0.380,1.904,0.011
21100,5.000,0.380,1.900,0.011
21300,5.000,0.380,1.900,0.011
21500,5.000,0.381,1.904,0.011
21700,5.000,0.381,1.908,0.011
21900,5.000,0.381,1.908,0.011
22100,5.000,0.381,1.904,0.011
22300,5.000,0.381,1.904,0.012
22500,5.000,0.380,1.900,0.012
22700,5.000,0.381,1.904,0.012
22900,5.000,0.381,1.904,0.012
23100,5.000,0.381,1.904,0.012
23300,5.000,0.380,1.900,0.012
23500,5.000,0.381,1.908,0.012
23700,5.000,0.381,1.908,0.012
23900,5.000,0.381,1.908,0.012
24100,5.000,0.381,1.904,0.013
24300,5.000,0.380,1.904,0.013
24500,5.000,0.380,1.904,0.013
24700,5.000,0.381,1.908,0.013
24900,5.000,0.381,1.904,0.013
25100,5.000,0.381,1.904,0.013
25300,5.000,0.380,1.904,0.013
25500,5.000,0.380,1.904,0.013
25700,5.000,0.381,1.908,0.013
25900,5.000,0.381,1.908,0.013
26100,5.000,0.380,1.904,0.014
26300,5.000,0.380,1.904,0.014
26500,5.000,0.381,1.904,0.014
26700,5.000,0.381,1.908,0.014
26900,5.000,0.381,1.908,0.014
27100,5.000,0.381,1.904,0.014
27300,5.000,0.381,1.904,0.014
27500,5.000,0.381,1.904,0.014
27700,5.000,0.381,1.904,0.014
27900,5.000,0.381,1.908,0.015
28100,5.000,0.380,1.904,0.015
28300,5.000,0.380,1.904,0.015
28500,5.000,0.380,1.904,0.015
28700,5.000,0.381,1.908,0.015
28900,5.000,0.381,1.904,0.015
29100,5.000,0.381,1.904,0.015
29300,5.000,0.381,1.904,0.015
29500,5.000,0.381,1.908,0.016
29700,5.000,0.381,1.904,0.016
29900,5.000,0.381,1.904,0.016
30100,5.000,0.381,1.904,0.016
30300,5.000,0.380,1.900,0.016
30500,5.000,0.381,1.908,0.016
30700,5.000,0.381,1.908,0.016
30900,5.000,0.381,1.908,0.016
31100,5.000,0.380,1.904,0.016
31300,5.000,0.381,1.904,0.016
31500,5.000,0.381,1.904,0.017
31700,5.000,0.381,1.908,0.017
31900,5.000,0.381,1.904,0.017
32100,5.000,0.381,1.904,0.017
32300,5.000,0.381,1.904,0.017
32500,5.000,0.381,1.904,0.017
32700,5.000,0.381,1.908,0.017
32900,5.000,0.381,1.908,0.017
33100,5.000,0.380,1.900,0.017
33300,5.000,0.380,1.900,0.018
33500,5.000,0.381,1.904,0.018
33700,5.000,0.380,1.904,0.018
33900,5.000,0.380,1.904,0.018
34100,5.000,0.380,1.900,0.018
34300,5.000,0.381,1.908,0.018
34500,5.000,0.381,1.908,0.018
34700,5.000,0.381,1.908,0.018
34900,5.000,0.381,1.904,0.018
35100,5.000,0.381,1.904,0.019
35300,5.000,0.381,1.904,0.019
35500,5.000,0.381,1.904,0.019
35700,5.000,0.380,1.904,0.019
35900,5.000,0.381,1.904,0.019
36100,5.000,0.381,1.904,0.019
36300,5.000,0.380,1.904,0.019
