300,5.000,0.516,2.580,0.000
500,5.000,0.514,2.568,0.000
700,5.000,0.514,2.572,0.000
900,5.000,0.514,2.572,0.000
1100,5.000,0.517,2.584,0.000
1300,5.000,0.518,2.591,0.000
1500,5.000,0.518,2.587,0.001
1700,5.000,0.518,2.587,0.001
1900,5.000,0.518,2.587,0.001
2100,5.000,0.518,2.591,0.001
2300,5.000,0.518,2.591,0.001
2500,5.000,0.519,2.595,0.001
2700,5.000,0.519,2.595,0.001
2900,5.000,0.517,2.584,0.002
3100,5.000,0.518,2.591,0.002
3300,5.000,0.518,2.591,0.002
3500,5.000,0.517,2.587,0.002
3700,5.000,0.517,2.587,0.002
3900,5.000,0.517,2.587,0.002
4100,5.000,0.519,2.595,0.002
4300,5.000,0.519,2.595,0.003
4500,5.000,0.519,2.595,0.003
4700,5.000,0.517,2.584,0.003
4900,5.000,0.517,2.587,0.003
5100,5.000,0.517,2.587,0.003
5300,5.000,0.520,2.603,0.003
5500,5.000,0.518,2.587,0.003
5700,5.000,0.518,2.591,0.004
5900,5.000,0.519,2.595,0.004
6100,5.000,0.519,2.595,0.004
6300,5.000,0.518,2.587,0.004
6500,5.000,0.518,2.595,0.004
6700,5.000,0.519,2.599,0.004
6900,5.000,0.519,2.599,0.005
7100,5.000,0.518,2.595,0.005
7300,5.000,0.519,2.595,0.005
7500,5.000,0.519,2.595,0.005
7700,5.000,0.520,2.599,0.005
7900,5.000,0.519,2.595,0.005
8100,5.000,0.517,2.587,0.005
8300,5.000,0.519,2.595,0.006
8500,5.000,0.519,2.595,0.006
8700,5.000,0.521,2.606,0.006
8900,5.000,0.517,2.584,0.006
9100,5.000,0.520,2.599,0.006
9300,5.000,0.520,2.599,0.006
9500,5.000,0.518,2.591,0.006
9700,5.000,0.519,2.595,0.007
9900,5.000,0.517,2.584,0.007
10100,5.000,0.517,2.584,0.007
10300,5.000,0.521,2.606,0.007
10500,5.000,0.519,2.595,0.007
10700,5.000,0.517,2.587,0.007
10900,5.000,0.522,2.610,0.008
11100,5.000,0.522,2.610,0.008
11300,5.000,0.516,2.584,0.008
11500,5.000,0.521,2.603,0.008
11700,5.000,0.521,2.603,0.008
11900,5.000,0.519,2.595,0.008
12100,5.000,0.517,2.587,0.008
12300,5.000,0.520,2.599,0.009
12500,5.000,0.520,2.599,0.009
12700,5.000,0.520,2.599,0.009
12900,5.000,0.517,2.584,0.009
13100,5.000,0.520,2.603,0.009
13300,5.000,0.518,2.591,0.009
13500,5.000,0.518,2.591,0.010
13700,5.000,0.521,2.606,0.010
13900,5.000,0.519,2.595,0.010
14100,5.000,0.519,2.595,0.010
14300,5.000,0.519,2.595,0.010
14500,5.000,0.519,2.595,0.010
14700,5.000,0.519,2.595,0.010
14900,5.000,0.518,2.591,0.011
15100,5.000,0.518,2.603,0.011
15300,5.000,0.520,2.603,0.011
15500,5.000,0.518,2.595,0.011
15700,5.000,0.518,2.591,0.011
15900,5.000,0.518,2.591,0.011
16100,5.000,0.520,2.599,0.011
16300,5.000,0.518,2.587,0.012
16500,5.000,0.521,2.603,0.012
16700,5.000,0.521,2.603,0.012
16900,5.000,0.518,2.591,0.012
17100,5.000,0.519,2.595,0.012
17300,5.000,0.519,2.595,0.012
17500,5.000,0.519,2.595,0.013
17700,5.000,0.519,2.595,0.013
17900,5.000,0.517,2.587,0.013
18100,5.000,0.519,2.595,0.013
18300,5.000,0.519,2.595,0.013
18500,5.000,0.518,2.591,0.013
18700,5.000,0.520,2.599,0.013
18900,5.000,0.520,2.599,0.014
19100,5.000,0.520,2.599,0.014
19300,5.000,0.518,2.591,0.014
19500,5.000,0.518,2.587,0.014
19700,5.000,0.520,2.603,0.014
19900,5.000,0.520,2.599,0.014
20100,5.000,0.520,2.599,0.014
20300,5.000,0.519,2.599,0.015
20500,5.000,0.518,2.587,0.015
20700,5.000,0.520,2.603,0.015
20900,5.000,0.520,2.603,0.015
21100,5.000,0.518,2.591,0.015
21300,5.000,0.519,2.595,0.015
21500,5.000,0.519,2.595,0.015
21700,5.000,0.516,2.580,0.016
21900,5.000,0.516,2.580,0.016
22100,5.000,0.522,2.610,0.016
22300,5.000,0.517,2.584,0.016
22500,5.000,0.517,2.584,0.016
22700,5.000,0.520,2.603,0.016
22900,5.000,0.519,2.595,0.017
23100,5.000,0.518,2.587,0.017
23300,5.000,0.518,2.587,0.017
23500,5.000,0.517,2.587,0.017
23700,5.000,0.520,2.603,0.017
23900,5.000,0.516,2.580,0.017
24100,5.000,0.519,2.599,0.018
24300,5.000,0.519,2.599,0.018
24500,5.000,0.522,2.610,0.018
24700,5.000,0.516,2.580,0.018
24900,5.000,0.519,2.595,0.018
25100,5.000,0.519,2.595,0.018
25300,5.000,0.518,2.595,0.018
25500,5.000,0.519,2.595,0.019
25700,5.000,0.519,2.595,0.019
25900,5.000,0.518,2.591,0.019
26100,5.000,0.519,2.595,0.019
26300,5.000,0.516,2.580,0.019
26500,5.000,0.521,2.606,0.019
26700,5.000,0.521,2.606,0.019
26900,5.000,0.516,2.584,0.020
27100,5.000,0.518,2.595,0.020
27300,5.000,0.518,2.591,0.020
27500,5.000,0.518,2.591,0.020
27700,5.000,0.516,2.580,0.020
27900,5.000,0.519,2.595,0.020
28100,5.000,0.521,2.606,0.020
28300,5.000,0.516,2.580,0.021
28500,5.000,0.516,2.580,0.021
28700,5.000,0.518,2.591,0.021
28900,5.000,0.520,2.603,0.021
29100,5.000,0.520,2.603,0.021
29300,5.000,0.518,2.587,0.021
29500,5.000,0.518,2.591,0.022
29700,5.000,0.518,2.587,0.022
29900,5.000,0.518,2.587,0.022
30100,5.000,0.518,2.591,0.022
30300,5.000,0.520,2.599,0.022
30500,5.000,0.519,2.595,0.022
30700,5.000,0.518,2.591,0.022
30900,5.000,0.518,2.591,0.023
31100,5.000,0.519,2.595,0.023
31300,5.000,0.520,2.603,0.023
31500,5.000,0.519,2.595,0.023
31700,5.000,0.519,2.595,0.023
31900,5.000,0.518,2.591,0.023
32100,5.000,0.518,2.587,0.023
32300,5.000,0.518,2.587,0.024
32500,5.000,0.518,2.591,0.024
32700,5.000,0.518,2.591,0.024
32900,5.000,0.518,2.587,0.024
33100,5.000,0.518,2.591,0.024
33300,5.000,0.518,2.591,0.024
33500,5.000,0.520,2.603,0.025
33700,5.000,0.520,2.599,0.025
33900,5.000,0.519,2.595,0.025
34100,5.000,0.519,2.595,0.025
34300,5.000,0.517,2.587,0.025
34500,5.000,0.520,2.603,0.025
34700,5.000,0.520,2.603,0.025
34900,5.000,0.520,2.603,0.026
35100,5.000,0.520,2.603,0.026
35300,5.000,0.518,2.591,0.026
35500,5.000,0.518,2.595,0.026
35700,5.000,0.520,2.599,0.026
35900,5.000,0.520,2.599,0.026
36100,5.000,0.520,2.599,0.027
36300,5.000,0.521,2.606,0.027
36500,5.000,0.521,2.606,0.027
36700,5.000,0.520,2.599,0.027
36900,5.000,0.518,2.591,0.027
37100,5.000,0.518,2.591,0.027
37300,5.000,0.519,2.595,0.027
37500,5.000,0.519,2.595,0.028
37700,5.000,0.520,2.603,0.028
37900,5.000,0.519,2.595,0.028
38100,5.000,0.521,2.603,0.028
38300,5.000,0.521,2.603,0.028
38500,5.000,0.519,2.595,0.028
38700,5.000,0.516,2.580,0.028
38900,5.000,0.521,2.606,0.029
39100,5.000,0.518,2.591,0.029
39300,5.000,0.518,2.591,0.029
39500,5.000,0.518,2.587,0.029
39700,5.000,0.518,2.587,0.029
39900,5.000,0.518,2.587,0.029
40100,5.000,0.518,2.587,0.030
40300,5.000,0.517,2.584,0.030
40500,5.000,0.520,2.599,0.030
40700,5.000,0.520,2.599,0.030
40900,5.000,0.520,2.599,0.030
41100,5.000,0.519,2.595,0.030
41300,5.000,0.518,2.587,0.030
41500,5.000,0.520,2.603,0.031
41700,5.000,0.520,2.603,0.031
41900,5.000,0.517,2.587,0.031
42100,5.000,0.516,2.580,0.031
42300,5.000,0.519,2.595,0.031
42500,5.000,0.519,2.595,0.031
42700,5.000,0.520,2.599,0.031
42900,5.000,0.517,2.587,0.032
43100,5.000,0.517,2.587,0.032
43300,5.000,0.518,2.591,0.032
43500,5.000,0.519,2.595,0.032
43700,5.000,0.516,2.580,0.032
43900,5.000,0.519,2.595,0.032
44100,5.000,0.519,2.595,0.033
44300,5.000,0.518,2.587,0.033
44500,5.000,0.518,2.591,0.033
44700,5.000,0.518,2.591,0.033
44900,5.000,0.518,2.591,0.033
45100,5.000,0.519,2.595,0.033
45300,5.000,0.519,2.595,0.033
45500,5.000,0.519,2.595,0.034
45700,5.000,0.519,2.595,0.034
45900,5.000,0.516,2.580,0.034
46100,5.000,0.519,2.595,0.034
46300,5.000,0.520,2.599,0.034
46500,5.000,0.517,2.587,0.034
46700,5.000,0.517,2.587,0.035
46900,5.000,0.521,2.603,0.035
47100,5.000,0.517,2.584,0.035
47300,5.000,0.517,2.584,0.035
47500,5.000,0.520,2.603,0.035
47700,5.000,0.517,2.584,0.035
47900,5.000,0.518,2.587,0.035
48100,5.000,0.519,2.599,0.036
48300,5.000,0.519,2.599,0.036
48500,5.000,0.518,2.591,0.036
48700,5.000,0.516,2.584,0.036
48900,5.000,0.522,2.610,0.036
49100,5.000,0.522,2.610,0.036
49300,5.000,0.516,2.580,0.036
49500,5.000,0.520,2.603,0.037
49700,5.000,0.518,2.587,0.037
49900,5.000,0.518,2.587,0.037
50100,5.000,0.518,2.587,0.037
50300,5.000,0.520,2.599,0.037
50500,5.000,0.518,2.591,0.037
50700,5.000,0.518,2.591,0.038
50900,5.000,0.518,2.591,0.038
51100,5.000,0.517,2.584,0.038
51300,5.000,0.518,2.591,0.038
51500,5.000,0.518,2.591,0.038
51700,5.000,0.519,2.595,0.038
51900,5.000,0.518,2.587,0.038
52100,5.000,0.520,2.603,0.039
52300,5.000,0.520,2.603,0.039
52500,5.000,0.519,2.595,0.039
52700,5.000,0.517,2.584,0.039
52900,5.000,0.522,2.606,0.039
53100,5.000,0.516,2.576,0.039
53300,5.000,0.516,2.576,0.039
53500,5.000,0.521,2.606,0.040
53700,5.000,0.518,2.591,0.040
53900,5.000,0.518,2.587,0.040
54100,5.000,0.518,2.587,0.040
54300,5.000,0.520,2.603,0.040
54500,5.000,0.520,2.599,0.040
54700,5.000,0.520,2.599,0.040
54900,5.000,0.517,2.603,0.041
55100,5.000,0.520,2.603,0.041
55300,5.000,0.518,2.591,0.041
55500,5.000,0.517,2.587,0.041
55700,5.000,0.517,2.587,0.041
55900,5.000,0.521,2.606,0.041
56100,5.000,0.518,2.587,0.042
56300,5.000,0.518,2.591,0.042
56500,5.000,0.518,2.591,0.042
56700,5.000,0.520,2.603,0.042
56900,5.000,0.518,2.591,0.042
57100,5.000,0.517,2.584,0.042
57300,5.000,0.520,2.599,0.043
57500,5.000,0.520,2.599,0.043
57700,5.000,0.518,2.591,0.043
57900,5.000,0.518,2.591,0.043
58100,5.000,0.518,2.591,0.043
58300,5.000,0.518,2.591,0.043
58500,5.000,0.520,2.599,0.043
58700,5.000,0.518,2.591,0.044
58900,5.000,0.518,2.591,0.044
59100,5.000,0.519,2.599,0.044
59300,5.000,0.518,2.587,0.044
59500,5.000,0.520,2.599,0.044
59700,5.000,0.517,2.587,0.044
59900,5.000,0.517,2.587,0.044
60100,5.000,0.518,2.591,0.045
60300,5.000,0.520,2.599,0.045
60500,5.000,0.515,2.576,0.045
60700,5.000,0.515,2.576,0.045
60900,5.000,0.519,2.595,0.045
61100,5.000,0.520,2.599,0.045
61300,5.000,0.520,2.599,0.045
61500,5.000,0.519,2.599,0.046
61700,5.000,0.519,2.599,0.046
61900,5.000,0.520,2.603,0.046
62100,5.000,0.518,2.591,0.046
62300,5.000,0.518,2.591,0.046
62500,5.000,0.519,2.595,0.046
62700,5.000,0.520,2.599,0.047
62900,5.000,0.517,2.584,0.047
63100,5.000,0.517,2.584,0.047
63300,5.000,0.520,2.603,0.047
63500,5.000,0.517,2.584,0.047
63700,5.000,0.518,2.591,0.047
63900,5.000,0.520,2.603,0.047
64100,5.000,0.520,2.603,0.048
64300,5.000,0.519,2.595,0.048
64500,5.000,0.517,2.584,0.048
64700,5.000,0.522,2.610,0.048
64900,5.000,0.522,2.610,0.048
65100,5.000,0.519,2.595,0.048
65300,5.000,0.517,2.587,0.048
65500,5.000,0.517,2.587,0.049
65700,5.000,0.518,2.587,0.049
65900,5.000,0.522,2.606,0.049
66100,5.000,0.515,2.576,0.049
66300,5.000,0.520,2.599,0.049
66500,5.000,0.520,2.599,0.049
66700,5.000,0.519,2.595,0.050
66900,5.000,0.519,2.599,0.050
67100,5.000,0.518,2.591,0.050
67300,5.000,0.518,2.591,0.050
67500,5.000,0.518,2.591,0.050
67700,5.000,0.518,2.595,0.050
67900,5.000,0.518,2.595,0.050
68100,5.000,0.519,2.595,0.051
68300,5.000,0.518,2.587,0.051
68500,5.000,0.519,2.595,0.051
68700,5.000,0.520,2.599,0.051
68900,5.000,0.520,2.599,0.051
69100,5.000,0.518,2.587,0.051
69300,5.000,0.518,2.591,0.052
69500,5.000,0.520,2.599,0.052
69700,5.000,0.520,2.599,0.052
69900,5.000,0.519,2.595,0.052
70100,5.000,0.517,2.587,0.052
70300,5.000,0.520,2.603,0.052
70500,5.000,0.520,2.603,0.052
70700,5.000,0.519,2.591,0.053
70900,5.000,0.521,2.606,0.053
71100,5.000,0.518,2.587,0.053
71300,5.000,0.520,2.603,0.053
71500,5.000,0.520,2.603,0.053
71700,5.000,0.518,2.591,0.053
71900,5.000,0.517,2.584,0.053
72100,5.000,0.517,2.584,0.054
72300,5.000,0.520,2.603,0.054
72500,5.000,0.518,2.587,0.054
72700,5.000,0.518,2.591,0.054
72900,5.000,0.520,2.603,0.054
73100,5.000,0.520,2.603,0.054
73300,5.000,0.517,2.587,0.055
73500,5.000,0.516,2.584,0.055
73700,5.000,0.521,2.606,0.055
73900,5.000,0.521,2.606,0.055
74100,5.000,0.514,2.572,0.055
74300,5.000,0.520,2.603,0.055
74500,5.000,0.520,2.599,0.055
74700,5.000,0.520,2.599,0.056
74900,5.000,0.518,2.587,0.056
75100,5.000,0.518,2.591,0.056
75300,5.000,0.520,2.603,0.056
75500,5.000,0.516,2.580,0.056
75700,5.000,0.516,2.580,0.056
75900,5.000,0.520,2.599,0.056
76100,5.000,0.518,2.595,0.057
76300,5.000,0.518,2.595,0.057
76500,5.000,0.516,2.580,0.057
76700,5.000,0.521,2.606,0.057
76900,5.000,0.518,2.587,0.057
77100,5.000,0.518,2.587,0.057
77300,5.000,0.518,2.591,0.057
77500,5.000,0.518,2.591,0.058
77700,5.000,0.520,2.599,0.058
77900,5.000,0.517,2.587,0.058
78100,5.000,0.517,2.587,0.058
78300,5.000,0.520,2.603,0.058
78500,5.000,0.517,2.584,0.058
78700,5.000,0.519,2.595,0.059
78900,5.000,0.519,2.595,0.059
79100,5.000,0.517,2.587,0.059
79300,5.000,0.518,2.587,0.059
79500,5.000,0.518,2.587,0.059
79700,5.000,0.518,2.599,0.059
79900,5.000,0.520,2.599,0.060
80100,5.000,0.517,2.587,0.060
80300,5.000,0.520,2.603,0.060
80500,5.000,0.520,2.603,0.060
80700,5.000,0.518,2.591,0.060
80900,5.000,0.517,2.587,0.060
81100,5.000,0.521,2.606,0.060
81300,5.000,0.521,2.606,0.061
81500,5.000,0.519,2.595,0.061
81700,5.000,0.517,2.584,0.061
81900,5.000,0.520,2.603,0.061
82100,5.000,0.516,2.584,0.061
82300,5.000,0.516,2.584,0.061
82500,5.000,0.518,2.591,0.061
82700,5.000,0.520,2.603,0.062
82900,5.000,0.520,2.603,0.062
83100,5.000,0.516,2.580,0.062
83300,5.000,0.519,2.595,0.062
83500,5.000,0.519,2.595,0.062
83700,5.000,0.519,2.595,0.062
83900,5.000,0.517,2.584,0.062
84100,5.000,0.518,2.587,0.063
84300,5.000,0.517,2.587,0.063
84500,5.000,0.519,2.595,0.063
84700,5.000,0.519,2.595,0.063
84900,5.000,0.519,2.595,0.063
85100,5.000,0.518,2.591,0.063
85300,5.000,0.519,2.595,0.064
85500,5.000,0.519,2.595,0.064
85700,5.000,0.518,2.591,0.064
85900,5.000,0.520,2.599,0.064
86100,5.000,0.520,2.599,0.064
86300,5.000,0.518,2.587,0.064
86500,5.000,0.518,2.587,0.064
86700,5.000,0.522,2.610,0.065
86900,5.000,0.518,2.591,0.065
87100,5.000,0.518,2.591,0.065
87300,5.000,0.519,2.599,0.065
87500,5.000,0.518,2.591,0.065
87700,5.000,0.520,2.603,0.065
87900,5.000,0.520,2.603,0.065
88100,5.000,0.518,2.595,0.066
88300,5.000,0.519,2.595,0.066
88500,5.000,0.519,2.595,0.066
88700,5.000,0.520,2.599,0.066
88900,5.000,0.520,2.599,0.066
89100,5.000,0.518,2.591,0.066
89300,5.000,0.521,2.603,0.067
89500,5.000,0.518,2.591,0.067
89700,5.000,0.518,2.591,0.067
89900,5.000,0.518,2.591,0.067
90100,5.000,0.520,2.599,0.067
90300,5.000,0.520,2.599,0.067
90500,5.000,0.518,2.591,0.067
90700,5.000,0.518,2.587,0.068
90900,5.000,0.518,2.591,0.068
91100,5.000,0.521,2.606,0.068
91300,5.000,0.521,2.606,0.068
91500,5.000,0.517,2.587,0.068
91700,5.000,0.518,2.591,0.068
91900,5.000,0.520,2.603,0.069
92100,5.000,0.520,2.603,0.069
92300,5.000,0.518,2.591,0.069
92500,5.000,0.518,2.591,0.069
92700,5.000,0.520,2.603,0.069
92900,5.000,0.520,2.603,0.069
93100,5.000,0.518,2.587,0.069
93300,5.000,0.519,2.599,0.070
93500,5.000,0.519,2.599,0.070
93700,5.000,0.519,2.599,0.070
93900,5.000,0.519,2.595,0.070
94100,5.000,0.518,2.591,0.070
94300,5.000,0.519,2.595,0.070
94500,5.000,0.519,2.595,0.070
94700,5.000,0.520,2.599,0.071
94900,5.000,0.518,2.591,0.071
95100,5.000,0.520,2.599,0.071
95300,5.000,0.519,2.595,0.071
95500,5.000,0.519,2.595,0.071
95700,5.000,0.517,2.587,0.071
95900,5.000,0.518,2.591,0.072
96100,5.000,0.518,2.591,0.072
96300,5.000,0.518,2.591,0.072
96500,5.000,0.518,2.591,0.072
96700,5.000,0.520,2.603,0.072
96900,5.000,0.520,2.603,0.072
97100,5.000,0.518,2.587,0.072
97300,5.000,0.518,2.591,0.073
97500,5.000,0.519,2.595,0.073
97700,5.000,0.520,2.603,0.073
97900,5.000,0.520,2.603,0.073
98100,5.000,0.518,2.587,0.073
98300,5.000,0.520,2.599,0.073
98500,5.000,0.519,2.595,0.073
98700,5.000,0.519,2.595,0.074
98900,5.000,0.518,2.591,0.074
99100,5.000,0.518,2.591,0.074
99300,5.000,0.519,2.599,0.074
99500,5.000,0.519,2.599,0.074
99700,5.000,0.521,2.610,0.074
99900,5.000,0.517,2.587,0.075
100100,5.000,0.520,2.599,0.075
100300,5.000,0.519,2.595,0.075
100500,5.000,0.519,2.595,0.075
100700,5.000,0.519,2.595,0.075
100900,5.000,0.519,2.595,0.075
101100,5.000,0.519,2.595,0.075
101300,5.000,0.518,2.591,0.076
101500,5.000,0.517,2.587,0.076
101700,5.000,0.517,2.587,0.076
101900,5.000,0.517,2.587,0.076
102100,5.000,0.517,2.587,0.076
102300,5.000,0.520,2.603,0.076
102500,5.000,0.516,2.580,0.077
102700,5.000,0.518,2.591,0.077
102900,5.000,0.518,2.591,0.077
103100,5.000,0.518,2.591,0.077
103300,5.000,0.518,2.587,0.077
103500,5.000,0.518,2.591,0.077
103700,5.000,0.518,2.591,0.077
103900,5.000,0.518,2.591,0.078
104100,5.000,0.521,2.603,0.078
104300,5.000,0.521,2.603,0.078
104500,5.000,0.520,2.599,0.078
104700,5.000,0.520,2.599,0.078
104900,5.000,0.520,2.599,0.078
105100,5.000,0.519,2.595,0.078
105300,5.000,0.519,2.595,0.079
105500,5.000,0.517,2.587,0.079
105700,5.000,0.520,2.603,0.079
105900,5.000,0.518,2.591,0.079
106100,5.000,0.518,2.591,0.079
106300,5.000,0.520,2.603,0.079
106500,5.000,0.517,2.587,0.079
106700,5.000,0.522,2.610,0.080
106900,5.000,0.517,2.584,0.080
107100,5.000,0.517,2.584,0.080
107300,5.000,0.518,2.587,0.080
107500,5.000,0.520,2.599,0.080
107700,5.000,0.520,2.599,0.080
107900,5.000,0.518,2.587,0.081
108100,5.000,0.519,2.595,0.081
108300,5.000,0.520,2.603,0.081
108500,5.000,0.520,2.603,0.081
108700,5.000,0.519,2.595,0.081
108900,5.000,0.518,2.591,0.081
109100,5.000,0.522,2.610,0.081
109300,5.000,0.517,2.584,0.082
109500,5.000,0.517,2.584,0.082
109700,5.000,0.520,2.603,0.082
109900,5.000,0.519,2.595,0.082
110100,5.000,0.518,2.591,0.082
110300,5.000,0.518,2.591,0.082
110500,5.000,0.519,2.595,0.083
110700,5.000,0.518,2.591,0.083
110900,5.000,0.518,2.591,0.083
111100,5.000,0.521,2.603,0.083
111300,5.000,0.521,2.603,0.083
111500,5.000,0.520,2.599,0.083
111700,5.000,0.519,2.595,0.083
111900,5.000,0.519,2.595,0.084
112100,5.000,0.519,2.599,0.084
112300,5.000,0.518,2.595,0.084
112500,5.000,0.518,2.591,0.084
112700,5.000,0.518,2.591,0.084
112900,5.000,0.521,2.606,0.084
113100,5.000,0.519,2.595,0.084
113300,5.000,0.516,2.580,0.085
113500,5.000,0.521,2.603,0.085
113700,5.000,0.521,2.603,0.085
113900,5.000,0.518,2.591,0.085
114100,5.000,0.520,2.599,0.085
114300,5.000,0.519,2.595,0.085
114500,5.000,0.519,2.595,0.086
114700,5.000,0.519,2.595,0.086
114900,5.000,0.517,2.584,0.086
115100,5.000,0.517,2.584,0.086
115300,5.000,0.521,2.606,0.086
115500,5.000,0.518,2.587,0.086
115700,5.000,0.519,2.595,0.086
115900,5.000,0.519,2.595,0.087
116100,5.000,0.519,2.595,0.087
116300,5.000,0.520,2.603,0.087
116500,5.000,0.519,2.595,0.087
116700,5.000,0.518,2.587,0.087
116900,5.000,0.518,2.587,0.087
117100,5.000,0.521,2.603,0.087
117300,5.000,0.518,2.591,0.088
117500,5.000,0.518,2.587,0.088
117700,5.000,0.518,2.587,0.088
117900,5.000,0.520,2.595,0.088
118100,5.000,0.520,2.599,0.088
118300,5.000,0.516,2.580,0.088
118500,5.000,0.522,2.606,0.089
118700,5.000,0.522,2.606,0.089
118900,5.000,0.518,2.591,0.089
119100,5.000,0.518,2.591,0.089
119300,5.000,0.518,2.591,0.089
119500,5.000,0.518,2.587,0.089
119700,5.000,0.520,2.603,0.089
119900,5.000,0.519,2.595,0.090
120100,5.000,0.518,2.591,0.090
120300,5.000,0.518,2.591,0.090
120500,5.000,0.518,2.587,0.090
120700,5.000,0.521,2.606,0.090
120900,5.000,0.518,2.587,0.090
121100,5.000,0.518,2.587,0.091
121300,5.000,0.518,2.591,0.091
121500,5.000,0.521,2.606,0.091
121700,5.000,0.521,2.606,0.091
121900,5.000,0.516,2.580,0.091
122100,5.000,0.520,2.599,0.091
122300,5.000,0.516,2.576,0.091
122500,5.000,0.520,2.603,0.092
122700,5.000,0.520,2.603,0.092
122900,5.000,0.517,2.584,0.092
123100,5.000,0.519,2.595,0.092
123300,5.000,0.518,2.591,0.092
123500,5.000,0.518,2.591,0.092
123700,5.000,0.518,2.591,0.092
123900,5.000,0.518,2.591,0.093
124100,5.000,0.520,2.603,0.093
124300,5.000,0.520,2.603,0.093
124500,5.000,0.517,2.587,0.093
124700,5.000,0.518,2.595,0.093
124900,5.000,0.519,2.591,0.093
125100,5.000,0.519,2.595,0.094
125300,5.000,0.519,2.595,0.094
125500,5.000,0.518,2.591,0.094
125700,5.000,0.518,2.587,0.094
125900,5.000,0.518,2.587,0.094
126100,5.000,0.520,2.603,0.094
126300,5.000,0.518,2.591,0.094
126500,5.000,0.519,2.595,0.095
126700,5.000,0.517,2.584,0.095
126900,5.000,0.517,2.584,0.095
127100,5.000,0.518,2.595,0.095
127300,5.000,0.518,2.591,0.095
127500,5.000,0.522,2.606,0.095
127700,5.000,0.522,2.606,0.095
127900,5.000,0.516,2.580,0.096
128100,5.000,0.519,2.595,0.096
128300,5.000,0.518,2.591,0.096
128500,5.000,0.518,2.591,0.096
128700,5.000,0.519,2.595,0.096
128900,5.000,0.517,2.584,0.096
129100,5.000,0.518,2.591,0.097
129300,5.000,0.519,2.599,0.097
129500,5.000,0.519,2.599,0.097
129700,5.000,0.517,2.587,0.097
129900,5.000,0.519,2.595,0.097
130100,5.000,0.519,2.595,0.097
130300,5.000,0.520,2.599,0.097
130500,5.000,0.518,2.591,0.098
130700,5.000,0.517,2.584,0.098
130900,5.000,0.517,2.584,0.098
131100,5.000,0.521,2.606,0.098
131300,5.000,0.516,2.576,0.098
131500,5.000,0.520,2.599,0.098
131700,5.000,0.520,2.599,0.099
131900,5.000,0.520,2.599,0.099
132100,5.000,0.520,2.599,0.099
132300,5.000,0.516,2.580,0.099
132500,5.000,0.516,2.580,0.099
132700,5.000,0.520,2.599,0.099
132900,5.000,0.518,2.591,0.099
133100,5.000,0.519,2.595,0.100
133300,5.000,0.520,2.599,0.100
133500,5.000,0.520,2.599,0.100
133700,5.000,0.521,2.610,0.100
133900,5.000,0.518,2.587,0.100
134100,5.000,0.521,2.606,0.100
134300,5.000,0.521,2.606,0.100
134500,5.000,0.519,2.595,0.101
134700,5.000,0.519,2.595,0.101
134900,5.000,0.519,2.595,0.101
135100,5.000,0.519,2.595,0.101
135300,5.000,0.517,2.587,0.101
135500,5.000,0.521,2.606,0.101
135700,5.000,0.516,2.580,0.102
135900,5.000,0.521,2.603,0.102
136100,5.000,0.521,2.603,0.102
136300,5.000,0.518,2.587,0.102
136500,5.000,0.516,2.584,0.102
136700,5.000,0.516,2.584,0.102
136900,5.000,0.518,2.591,0.102
137100,5.000,0.518,2.587,0.103
137300,5.000,0.520,2.599,0.103
137500,5.000,0.520,2.599,0.103
137700,5.000,0.519,2.595,0.103
137900,5.000,0.517,2.584,0.103
138100,5.000,0.519,2.595,0.103
138300,5.000,0.518,2.591,0.103
138500,5.000,0.518,2.591,0.104
138700,5.000,0.518,2.595,0.104
138900,5.000,0.517,2.587,0.104
139100,5.000,0.517,2.587,0.104
139300,5.000,0.517,2.587,0.104
139500,5.000,0.522,2.614,0.104
139700,5.000,0.518,2.591,0.104
139900,5.000,0.518,2.591,0.105
140100,5.000,0.518,2.587,0.105
140300,5.000,0.518,2.587,0.105
140500,5.000,0.518,2.591,0.105
140700,5.000,0.518,2.591,0.105
140900,5.000,0.518,2.591,0.105
141100,5.000,0.520,2.603,0.106
141300,5.000,0.516,2.580,0.106
141500,5.000,0.520,2.599,0.106
141700,5.000,0.520,2.599,0.106
141900,5.000,0.520,2.599,0.106
142100,5.000,0.519,2.595,0.106
142300,5.000,0.518,2.591,0.107
142500,5.000,0.518,2.591,0.107
142700,5.000,0.518,2.591,0.107
142900,5.000,0.518,2.591,0.107
143100,5.000,0.520,2.599,0.107
143300,5.000,0.515,2.576,0.107
143500,5.000,0.515,2.576,0.107
143700,5.000,0.518,2.591,0.108
143900,5.000,0.517,2.587,0.108
144100,5.000,0.517,2.587,0.108
144300,5.000,0.518,2.591,0.108
144500,5.000,0.520,2.599,0.108
144700,5.000,0.517,2.587,0.108
144900,5.000,0.518,2.595,0.108
145100,5.000,0.518,2.595,0.109
145300,5.000,0.518,2.587,0.109
145500,5.000,0.520,2.603,0.109
145700,5.000,0.517,2.584,0.109
145900,5.000,0.517,2.584,0.109
146100,5.000,0.520,2.599,0.109
146300,5.000,0.519,2.599,0.109
146500,5.000,0.519,2.599,0.110
146700,5.000,0.519,2.595,0.110
146900,5.000,0.522,2.610,0.110
147100,5.000,0.519,2.595,0.110
147300,5.000,0.518,2.591,0.110
147500,5.000,0.518,2.591,0.110
147700,5.000,0.517,2.587,0.111
147900,5.000,0.518,2.587,0.111
148100,5.000,0.519,2.595,0.111
148300,5.000,0.519,2.595,0.111
148500,5.000,0.517,2.584,0.111
148700,5.000,0.518,2.587,0.111
148900,5.000,0.519,2.595,0.111
149100,5.000,0.518,2.587,0.112
149300,5.000,0.518,2.587,0.112
149500,5.000,0.521,2.603,0.112
149700,5.000,0.516,2.584,0.112
149900,5.000,0.521,2.606,0.112
150100,5.000,0.521,2.606,0.112
150300,5.000,0.519,2.595,0.112
150500,5.000,0.518,2.591,0.113
150700,5.000,0.518,2.591,0.113
150900,5.000,0.517,2.587,0.113
151100,5.000,0.518,2.591,0.113
151300,5.000,0.519,2.595,0.113
151500,5.000,0.517,2.587,0.113
151700,5.000,0.517,2.587,0.114
151900,5.000,0.518,2.587,0.114
152100,5.000,0.520,2.599,0.114
152300,5.000,0.517,2.587,0.114
152500,5.000,0.517,2.587,0.114
152700,5.000,0.518,2.591,0.114
152900,5.000,0.519,2.595,0.114
153100,5.000,0.518,2.591,0.115
153300,5.000,0.518,2.591,0.115
153500,5.000,0.517,2.587,0.115
153700,5.000,0.517,2.584,0.115
153900,5.000,0.518,2.591,0.115
154100,5.000,0.518,2.591,0.115
154300,5.000,0.518,2.591,0.116
154500,5.000,0.518,2.591,0.116
154700,5.000,0.516,2.580,0.116
154900,5.000,0.516,2.580,0.116
155100,5.000,0.519,2.595,0.116
155300,5.000,0.519,2.595,0.116
155500,5.000,0.517,2.584,0.116
155700,5.000,0.517,2.584,0.117
155900,5.000,0.521,2.606,0.117
156100,5.000,0.518,2.591,0.117
156300,5.000,0.517,2.587,0.117
156500,5.000,0.522,2.610,0.117
156700,5.000,0.522,2.610,0.117
156900,5.000,0.517,2.584,0.117
157100,5.000,0.518,2.587,0.118
157300,5.000,0.521,2.610,0.118
157500,5.000,0.521,2.610,0.118
157700,5.000,0.515,2.576,0.118
157900,5.000,0.519,2.595,0.118
158100,5.000,0.519,2.595,0.118
158300,5.000,0.517,2.584,0.119
158500,5.000,0.517,2.584,0.119
158700,5.000,0.518,2.595,0.119
158900,5.000,0.520,2.599,0.119
159100,5.000,0.520,2.599,0.119
159300,5.000,0.516,2.580,0.119
159500,5.000,0.520,2.603,0.119
159700,5.000,0.520,2.599,0.120
159900,5.000,0.520,2.599,0.120
160100,5.000,0.519,2.595,0.120
160300,5.000,0.518,2.587,0.120
160500,5.000,0.518,2.591,0.120
160700,5.000,0.516,2.584,0.120
160900,5.000,0.516,2.584,0.120
161100,5.000,0.519,2.595,0.121
161300,5.000,0.517,2.587,0.121
161500,5.000,0.517,2.587,0.121
161700,5.000,0.516,2.584,0.121
161900,5.000,0.519,2.595,0.121
162100,5.000,0.518,2.591,0.121
162300,5.000,0.518,2.591,0.121
162500,5.000,0.520,2.599,0.122
162700,5.000,0.518,2.591,0.122
162900,5.000,0.519,2.595,0.122
163100,5.000,0.517,2.584,0.122
163300,5.000,0.517,2.584,0.122
163500,5.000,0.520,2.603,0.122
163700,5.000,0.517,2.584,0.123
163900,5.000,0.517,2.587,0.123
164100,5.000,0.517,2.587,0.123
164300,5.000,0.519,2.591,0.123
164500,5.000,0.518,2.591,0.123
164700,5.000,0.518,2.591,0.123
164900,5.000,0.521,2.606,0.123
165100,5.000,0.521,2.606,0.124
165300,5.000,0.518,2.587,0.124
165500,5.000,0.519,2.595,0.124
165700,5.000,0.519,2.595,0.124
165900,5.000,0.521,2.603,0.124
166100,5.000,0.518,2.591,0.124
166300,5.000,0.518,2.591,0.125
166500,5.000,0.518,2.591,0.125
166700,5.000,0.521,2.603,0.125
166900,5.000,0.520,2.603,0.125
167100,5.000,0.517,2.584,0.125
167300,5.000,0.520,2.599,0.125
167500,5.000,0.520,2.599,0.125
167700,5.000,0.518,2.591,0.126
167900,5.000,0.520,2.603,0.126
168100,5.000,0.521,2.603,0.126
168300,5.000,0.521,2.603,0.126
168500,5.000,0.521,2.603,0.126
168700,5.000,0.521,2.606,0.126
168900,5.000,0.521,2.606,0.126
169100,5.000,0.519,2.595,0.127
169300,5.000,0.519,2.599,0.127
169500,5.000,0.516,2.584,0.127
169700,5.000,0.520,2.603,0.127
169900,5.000,0.520,2.603,0.127
170100,5.000,0.518,2.591,0.127
170300,5.000,0.518,2.591,0.128
170500,5.000,0.518,2.591,0.128
170700,5.000,0.518,2.591,0.128
170900,5.000,0.518,2.587,0.128
171100,5.000,0.517,2.584,0.128
171300,5.000,0.520,2.599,0.128
171500,5.000,0.520,2.599,0.128
171700,5.000,0.518,2.587,0.129
171900,5.000,0.521,2.603,0.129
172100,5.000,0.516,2.580,0.129
172300,5.000,0.516,2.580,0.129
172500,5.000,0.522,2.610,0.129
172700,5.000,0.517,2.584,0.129
172900,5.000,0.519,2.595,0.129
173100,5.000,0.519,2.595,0.130
173300,5.000,0.517,2.584,0.130
173500,5.000,0.520,2.603,0.130
173700,5.000,0.519,2.595,0.130
173900,5.000,0.519,2.595,0.130
174100,5.000,0.517,2.587,0.130
174300,5.000,0.518,2.591,0.131
174500,5.000,0.521,2.603,0.131
174700,5.000,0.517,2.584,0.131
174900,5.000,0.517,2.584,0.131
175100,5.000,0.518,2.591,0.131
175300,5.000,0.520,2.603,0.131
175500,5.000,0.520,2.603,0.131
175700,5.000,0.519,2.595,0.132
175900,5.000,0.518,2.591,0.132
176100,5.000,0.518,2.591,0.132
176300,5.000,0.520,2.599,0.132
176500,5.000,0.520,2.599,0.132
176700,5.000,0.517,2.584,0.132
176900,5.000,0.517,2.587,0.133
177100,5.000,0.518,2.591,0.133
177300,5.000,0.518,2.591,0.133
177500,5.000,0.519,2.595,0.133
177700,5.000,0.518,2.591,0.133
177900,5.000,0.520,2.603,0.133
178100,5.000,0.520,2.603,0.133
178300,5.000,0.515,2.576,0.134
178500,5.000,0.518,2.591,0.134
178700,5.000,0.520,2.603,0.134
178900,5.000,0.517,2.587,0.134
179100,5.000,0.517,2.587,0.134
179300,5.000,0.519,2.595,0.134
179500,5.000,0.519,2.595,0.134
179700,5.000,0.519,2.595,0.135
179900,5.000,0.519,2.595,0.135
180100,5.000,0.516,2.584,0.135
180300,5.000,0.520,2.603,0.135
180500,5.000,0.520,2.603,0.135
180700,5.000,0.518,2.587,0.135
180900,5.000,0.517,2.587,0.136
181100,5.000,0.519,2.595,0.136
181300,5.000,0.519,2.599,0.136
181500,5.000,0.519,2.599,0.136
181700,5.000,0.517,2.584,0.136
181900,5.000,0.519,2.595,0.136
182100,5.000,0.518,2.591,0.136
182300,5.000,0.518,2.591,0.137
182500,5.000,0.519,2.599,0.137
182700,5.000,0.518,2.587,0.137
182900,5.000,0.518,2.587,0.137
183100,5.000,0.519,2.595,0.137
183300,5.000,0.519,2.595,0.137
183500,5.000,0.517,2.584,0.137
183700,5.000,0.520,2.603,0.138
183900,5.000,0.520,2.603,0.138
184100,5.000,0.518,2.591,0.138
184300,5.000,0.518,2.587,0.138
184500,5.000,0.519,2.595,0.138
184700,5.000,0.519,2.595,0.138
184900,5.000,0.519,2.595,0.138
185100,5.000,0.517,2.587,0.139
185300,5.000,0.517,2.587,0.139
185500,5.000,0.517,2.584,0.139
185700,5.000,0.517,2.584,0.139
185900,5.000,0.520,2.599,0.139
186100,5.000,0.518,2.587,0.139
186300,5.000,0.518,2.587,0.140
186500,5.000,0.519,2.595,0.140
186700,5.000,0.518,2.587,0.140
186900,5.000,0.521,2.603,0.140
187100,5.000,0.521,2.603,0.140
187300,5.000,0.518,2.587,0.140
187500,5.000,0.517,2.584,0.140
187700,5.000,0.520,2.603,0.141
187900,5.000,0.518,2.591,0.141
188100,5.000,0.518,2.591,0.141
188300,5.000,0.517,2.584,0.141
188500,5.000,0.518,2.587,0.141
188700,5.000,0.519,2.595,0.141
188900,5.000,0.519,2.595,0.142
189100,5.000,0.518,2.587,0.142
189300,5.000,0.518,2.591,0.142
189500,5.000,0.518,2.591,0.142
189700,5.000,0.515,2.576,0.142
189900,5.000,0.521,2.603,0.142
190100,5.000,0.517,2.587,0.142
190300,5.000,0.520,2.599,0.143
190500,5.000,0.520,2.599,0.143
190700,5.000,0.517,2.584,0.143
190900,5.000,0.520,2.599,0.143
191100,5.000,0.518,2.591,0.143
191300,5.000,0.518,2.591,0.143
191500,5.000,0.519,2.595,0.143
191700,5.000,0.519,2.595,0.144
191900,5.000,0.517,2.584,0.144
192100,5.000,0.517,2.584,0.144
192300,5.000,0.517,2.587,0.144
192500,5.000,0.519,2.595,0.144
192700,5.000,0.518,2.591,0.144
192900,5.000,0.517,2.587,0.145
193100,5.000,0.517,2.587,0.145
193300,5.000,0.519,2.595,0.145
193500,5.000,0.519,2.595,0.145
193700,5.000,0.519,2.595,0.145
193900,5.000,0.518,2.587,0.145
194100,5.000,0.515,2.572,0.145
194300,5.000,0.518,2.591,0.146
194500,5.000,0.517,2.587,0.146
194700,5.000,0.517,2.587,0.146
194900,5.000,0.521,2.606,0.146
195100,5.000,0.516,2.580,0.146
195300,5.000,0.519,2.595,0.146
195500,5.000,0.519,2.595,0.146
195700,5.000,0.519,2.595,0.147
195900,5.000,0.518,2.591,0.147
196100,5.000,0.518,2.591,0.147
196300,5.000,0.518,2.591,0.147
196500,5.000,0.519,2.595,0.147
196700,5.000,0.517,2.584,0.147
196900,5.000,0.518,2.591,0.148
197100,5.000,0.518,2.591,0.148
197300,5.000,0.518,2.591,0.148
197500,5.000,0.519,2.595,0.148
197700,5.000,0.519,2.595,0.148
197900,5.000,0.519,2.595,0.148
198100,5.000,0.518,2.587,0.148
198300,5.000,0.518,2.591,0.149
198500,5.000,0.518,2.591,0.149
198700,5.000,0.518,2.591,0.149
198900,5.000,0.520,2.599,0.149
199100,5.000,0.518,2.591,0.149
199300,5.000,0.517,2.587,0.149
199500,5.000,0.518,2.595,0.149
199700,5.000,0.518,2.595,0.150
199900,5.000,0.520,2.603,0.150
200100,5.000,0.518,2.591,0.150
200300,5.000,0.518,2.591,0.150
200500,5.000,0.518,2.587,0.150
200700,5.000,0.519,2.595,0.150
200900,5.000,0.518,2.587,0.151
201100,5.000,0.518,2.587,0.151
201300,5.000,0.517,2.584,0.151
201500,5.000,0.520,2.603,0.151
201700,5.000,0.519,2.595,0.151
201900,5.000,0.516,2.584,0.151
202100,5.000,0.516,2.584,0.151
202300,5.000,0.521,2.606,0.152
202500,5.000,0.518,2.591,0.152
202700,5.000,0.518,2.587,0.152
202900,5.000,0.518,2.587,0.152
203100,5.000,0.517,2.587,0.152
203300,5.000,0.519,2.599,0.152
203500,5.000,0.519,2.599,0.152
203700,5.000,0.518,2.595,0.153
203900,5.000,0.518,2.595,0.153
204100,5.000,0.520,2.599,0.153
204300,5.000,0.520,2.603,0.153
204500,5.000,0.520,2.603,0.153
204700,5.000,0.518,2.591,0.153
204900,5.000,0.518,2.591,0.154
205100,5.000,0.518,2.591,0.154
205300,5.000,0.518,2.591,0.154
205500,5.000,0.520,2.603,0.154
205700,5.000,0.517,2.584,0.154
205900,5.000,0.518,2.587,0.154
206100,5.000,0.521,2.603,0.154
206300,5.000,0.521,2.603,0.155
206500,5.000,0.518,2.591,0.155
206700,5.000,0.519,2.595,0.155
206900,5.000,0.520,2.599,0.155
207100,5.000,0.520,2.599,0.155
207300,5.000,0.516,2.584,0.155
207500,5.000,0.519,2.595,0.155
207700,5.000,0.519,2.595,0.156
207900,5.000,0.520,2.599,0.156
208100,5.000,0.517,2.584,0.156
208300,5.000,0.520,2.599,0.156
208500,5.000,0.517,2.587,0.156
208700,5.000,0.517,2.587,0.156
208900,5.000,0.519,2.599,0.157
209100,5.000,0.519,2.595,0.157
209300,5.000,0.517,2.587,0.157
209500,5.000,0.517,2.587,0.157
209700,5.000,0.518,2.587,0.157
209900,5.000,0.518,2.587,0.157
210100,5.000,0.521,2.603,0.157
210300,5.000,0.518,2.591,0.158
210500,5.000,0.518,2.591,0.158
210700,5.000,0.519,2.595,0.158
210900,5.000,0.517,2.587,0.158
