200,5.000,0.525,2.626,0.110
300,5.000,0.525,2.626,0.110
500,5.000,0.525,2.626,0.110
600,5.000,0.510,2.549,0.110
700,5.000,0.510,2.549,0.111
900,5.000,0.520,2.603,0.111
1000,5.000,0.520,2.603,0.111
1100,5.000,0.523,2.614,0.111
1300,5.000,0.523,2.614,0.111
1400,5.000,0.524,2.618,0.111
1500,5.000,0.524,2.618,0.111
1700,5.000,0.527,2.633,0.111
1800,5.000,0.527,2.633,0.111
1900,5.000,0.522,2.610,0.111
2100,5.000,0.522,2.610,0.112
2200,5.000,0.523,2.618,0.112
2300,5.000,0.523,2.618,0.112
2500,5.000,0.523,2.618,0.112
2600,5.000,0.523,2.618,0.112
2700,5.000,0.525,2.629,0.112
2900,5.000,0.523,2.614,0.112
3000,5.000,0.523,2.614,0.112
3100,5.000,0.523,2.614,0.112
3300,5.000,0.526,2.629,0.113
3400,5.000,0.526,2.629,0.113
3500,5.000,0.526,2.633,0.113
3700,5.000,0.526,2.633,0.113
3800,5.000,0.524,2.622,0.113
3900,5.000,0.524,2.622,0.113
4100,5.000,0.525,2.622,0.113
4200,5.000,0.525,2.622,0.113
4300,5.000,0.523,2.618,0.113
4500,5.000,0.523,2.618,0.113
4600,5.000,0.525,2.626,0.113
4700,5.000,0.525,2.626,0.114
4900,5.000,0.526,2.629,0.114
5000,5.000,0.522,2.610,0.114
5100,5.000,0.522,2.610,0.114
5300,5.000,0.526,2.629,0.114
5400,5.000,0.526,2.629,0.114
5500,5.000,0.526,2.629,0.114
5700,5.000,0.523,2.618,0.114
5800,5.000,0.523,2.618,0.114
5900,5.000,0.526,2.629,0.114
6100,5.000,0.525,2.626,0.115
6200,5.000,0.525,2.626,0.115
6300,5.000,0.525,2.626,0.115
6500,5.000,0.524,2.618,0.115
6600,5.000,0.524,2.618,0.115
6700,5.000,0.525,2.626,0.115
6900,5.000,0.526,2.629,0.115
7000,5.000,0.526,2.629,0.115
7100,5.000,0.525,2.626,0.115
7300,5.000,0.525,2.626,0.116
7400,5.000,0.523,2.614,0.116
7500,5.000,0.523,2.614,0.116
7700,5.000,0.527,2.633,0.116
7800,5.000,0.527,2.633,0.116
7900,5.000,0.527,2.633,0.116
8100,5.000,0.523,2.618,0.116
8200,5.000,0.527,2.633,0.116
8300,5.000,0.527,2.633,0.116
8500,5.000,0.524,2.622,0.116
8600,5.000,0.524,2.622,0.117
8700,5.000,0.524,2.622,0.117
8900,5.000,0.527,2.637,0.117
9000,5.000,0.527,2.637,0.117
9100,5.000,0.524,2.622,0.117
9300,5.000,0.525,2.622,0.117
9400,5.000,0.525,2.622,0.117
9500,5.000,0.522,2.610,0.117
9700,5.000,0.522,2.610,0.117
9800,5.000,0.524,2.618,0.117
9900,5.000,0.524,2.618,0.118
10100,5.000,0.526,2.629,0.118
10200,5.000,0.526,2.629,0.118
10300,5.000,0.526,2.629,0.118
10500,5.000,0.526,2.629,0.118
10600,5.000,0.526,2.629,0.118
10700,5.000,0.526,2.629,0.118
10900,5.000,0.525,2.626,0.118
11000,5.000,0.525,2.626,0.118
11100,5.000,0.525,2.626,0.118
11300,5.000,0.527,2.637,0.119
11400,5.000,0.523,2.614,0.119
11500,5.000,0.523,2.614,0.119
11700,5.000,0.528,2.641,0.119
11800,5.000,0.528,2.641,0.119
11900,5.000,0.524,2.618,0.119
12100,5.000,0.524,2.618,0.119
12200,5.000,0.527,2.637,0.119
12300,5.000,0.527,2.637,0.119
12500,5.000,0.525,2.622,0.120
12600,5.000,0.525,2.622,0.120
12700,5.000,0.526,2.629,0.120
12900,5.000,0.526,2.629,0.120
13000,5.000,0.522,2.610,0.120
13100,5.000,0.522,2.610,0.120
13300,5.000,0.525,2.622,0.120
13400,5.000,0.525,2.622,0.120
13500,5.000,0.525,2.622,0.120
13700,5.000,0.524,2.622,0.120
13800,5.000,0.524,2.622,0.121
13900,5.000,0.524,2.622,0.121
14100,5.000,0.523,2.614,0.121
14200,5.000,0.523,2.614,0.121
14300,5.000,0.525,2.626,0.121
14500,5.000,0.525,2.626,0.121
14600,5.000,0.526,2.629,0.121
14700,5.000,0.526,2.629,0.121
14900,5.000,0.527,2.633,0.121
15000,5.000,0.527,2.633,0.121
15100,5.000,0.526,2.629,0.121
15300,5.000,0.526,2.629,0.122
15400,5.000,0.525,2.626,0.122
15500,5.000,0.525,2.626,0.122
15700,5.000,0.525,2.629,0.122
15800,5.000,0.525,2.629,0.122
15900,5.000,0.524,2.618,0.122
16100,5.000,0.526,2.629,0.122
16200,5.000,0.526,2.629,0.122
16300,5.000,0.526,2.629,0.122
16500,5.000,0.523,2.618,0.123
16600,5.000,0.523,2.618,0.123
16700,5.000,0.526,2.629,0.123
16900,5.000,0.526,2.629,0.123
17000,5.000,0.526,2.629,0.123
17100,5.000,0.526,2.629,0.123
17300,5.000,0.527,2.633,0.123
17400,5.000,0.527,2.633,0.123
17500,5.000,0.525,2.622,0.123
17700,5.000,0.525,2.622,0.123
17800,5.000,0.525,2.626,0.124
17900,5.000,0.525,2.626,0.124
18100,5.000,0.527,2.633,0.124
18200,5.000,0.527,2.633,0.124
18300,5.000,0.526,2.629,0.124
18500,5.000,0.527,2.633,0.124
18600,5.000,0.527,2.633,0.124
18700,5.000,0.527,2.633,0.124
18900,5.000,0.525,2.626,0.124
19000,5.000,0.526,2.633,0.124
19100,5.000,0.526,2.633,0.125
19300,5.000,0.526,2.629,0.125
19400,5.000,0.526,2.629,0.125
19500,5.000,0.526,2.629,0.125
19700,5.000,0.526,2.629,0.125
19800,5.000,0.526,2.629,0.125
19900,5.000,0.525,2.626,0.125
20100,5.000,0.526,2.633,0.125
20200,5.000,0.526,2.633,0.125
20300,5.000,0.526,2.633,0.125
20500,5.000,0.523,2.614,0.126
20600,5.000,0.527,2.637,0.126
20700,5.000,0.527,2.637,0.126
20900,5.000,0.525,2.626,0.126
21000,5.000,0.525,2.626,0.126
21100,5.000,0.526,2.629,0.126
21300,5.000,0.526,2.629,0.126
21400,5.000,0.524,2.622,0.126
21500,5.000,0.524,2.622,0.126
21700,5.000,0.527,2.633,0.127
21800,5.000,0.527,2.633,0.127
21900,5.000,0.527,2.633,0.127
22100,5.000,0.523,2.618,0.127
22200,5.000,0.525,2.626,0.127
22300,5.000,0.525,2.626,0.127
22500,5.000,0.525,2.626,0.127
22600,5.000,0.525,2.626,0.127
22700,5.000,0.525,2.626,0.127
22900,5.000,0.525,2.626,0.127
23000,5.000,0.528,2.641,0.128
23100,5.000,0.528,2.641,0.128
23300,5.000,0.525,2.626,0.128
23400,5.000,0.525,2.626,0.128
23500,5.000,0.526,2.629,0.128
23700,5.000,0.526,2.629,0.128
23800,5.000,0.524,2.622,0.128
23900,5.000,0.524,2.622,0.128
24100,5.000,0.526,2.629,0.128
24200,5.000,0.526,2.629,0.128
24300,5.000,0.526,2.629,0.128
24500,5.000,0.525,2.626,0.129
24600,5.000,0.527,2.633,0.129
24700,5.000,0.527,2.633,0.129
24900,5.000,0.525,2.626,0.129
25000,5.000,0.525,2.626,0.129
25100,5.000,0.525,2.626,0.129
25300,5.000,0.526,2.633,0.129
25400,5.000,0.524,2.618,0.129
25500,5.000,0.524,2.618,0.129
25700,5.000,0.525,2.626,0.130
25800,5.000,0.525,2.626,0.130
25900,5.000,0.523,2.614,0.130
26100,5.000,0.523,2.614,0.130
26200,5.000,0.526,2.629,0.130
26300,5.000,0.526,2.629,0.130
26500,5.000,0.525,2.626,0.130
26600,5.000,0.525,2.626,0.130
26700,5.000,0.525,2.626,0.130
26900,5.000,0.525,2.626,0.130
27000,5.000,0.525,2.626,0.131
27100,5.000,0.525,2.626,0.131
27300,5.000,0.525,2.629,0.131
27400,5.000,0.525,2.629,0.131
27500,5.000,0.524,2.622,0.131
27700,5.000,0.526,2.629,0.131
27800,5.000,0.526,2.629,0.131
27900,5.000,0.526,2.629,0.131
28100,5.000,0.525,2.626,0.131
28200,5.000,0.525,2.626,0.131
28300,5.000,0.526,2.629,0.132
28500,5.000,0.526,2.629,0.132
28600,5.000,0.527,2.637,0.132
28700,5.000,0.527,2.637,0.132
28900,5.000,0.524,2.622,0.132
29000,5.000,0.524,2.622,0.132
29100,5.000,0.526,2.629,0.132
29300,5.000,0.526,2.629,0.132
29400,5.000,0.524,2.618,0.132
29500,5.000,0.524,2.618,0.132
29700,5.000,0.523,2.618,0.133
29800,5.000,0.525,2.626,0.133
29900,5.000,0.525,2.626,0.133
30100,5.000,0.526,2.629,0.133
30200,5.000,0.526,2.629,0.133
30300,5.000,0.526,2.629,0.133
30500,5.000,0.524,2.622,0.133
30600,5.000,0.524,2.622,0.133
30700,5.000,0.527,2.633,0.133
30900,5.000,0.523,2.618,0.134
31000,5.000,0.523,2.618,0.134
31100,5.000,0.523,2.618,0.134
31300,5.000,0.526,2.629,0.134
31400,5.000,0.526,2.629,0.134
31500,5.000,0.524,2.622,0.134
31700,5.000,0.524,2.622,0.134
31800,5.000,0.524,2.622,0.134
31900,5.000,0.524,2.622,0.134
32100,5.000,0.523,2.618,0.134
32200,5.000,0.527,2.637,0.135
32300,5.000,0.527,2.637,0.135
32500,5.000,0.526,2.629,0.135
32600,5.000,0.526,2.629,0.135
32700,5.000,0.526,2.629,0.135
32900,5.000,0.524,2.622,0.135
33000,5.000,0.526,2.629,0.135
33100,5.000,0.526,2.629,0.135
33300,5.000,0.524,2.622,0.135
33400,5.000,0.524,2.622,0.135
33500,5.000,0.524,2.622,0.135
33700,5.000,0.524,2.622,0.136
33800,5.000,0.524,2.622,0.136
33900,5.000,0.525,2.626,0.136
34100,5.000,0.528,2.641,0.136
34200,5.000,0.528,2.641,0.136
34300,5.000,0.528,2.641,0.136
34500,5.000,0.523,2.614,0.136
34600,5.000,0.527,2.633,0.136
34700,5.000,0.527,2.633,0.136
34900,5.000,0.525,2.626,0.137
35000,5.000,0.525,2.626,0.137
35100,5.000,0.524,2.622,0.137
35300,5.000,0.524,2.622,0.137
35400,5.000,0.524,2.618,0.137
35500,5.000,0.524,2.618,0.137
35700,5.000,0.526,2.629,0.137
35800,5.000,0.526,2.629,0.137
35900,5.000,0.526,2.629,0.137
36100,5.000,0.522,2.610,0.137
36200,5.000,0.527,2.633,0.138
36300,5.000,0.527,2.633,0.138
36500,5.000,0.525,2.626,0.138
36600,5.000,0.525,2.626,0.138
36700,5.000,0.523,2.618,0.138
36900,5.000,0.523,2.618,0.138
37000,5.000,0.526,2.629,0.138
37100,5.000,0.526,2.629,0.138
37300,5.000,0.525,2.629,0.138
37400,5.000,0.525,2.629,0.138
37500,5.000,0.525,2.626,0.139
37700,5.000,0.525,2.626,0.139
37800,5.000,0.524,2.622,0.139
37900,5.000,0.524,2.622,0.139
38100,5.000,0.527,2.637,0.139
38200,5.000,0.527,2.637,0.139
38300,5.000,0.527,2.637,0.139
38500,5.000,0.525,2.626,0.139
38600,5.000,0.525,2.629,0.139
38700,5.000,0.525,2.629,0.139
38900,5.000,0.525,2.626,0.140
39000,5.000,0.525,2.626,0.140
39100,5.000,0.525,2.626,0.140
39300,5.000,0.525,2.626,0.140
39400,5.000,0.524,2.622,0.140
39500,5.000,0.524,2.622,0.140
39700,5.000,0.526,2.629,0.140
39800,5.000,0.526,2.629,0.140
39900,5.000,0.522,2.606,0.140
40100,5.000,0.522,2.606,0.141
40200,5.000,0.526,2.629,0.141
40300,5.000,0.526,2.629,0.141
40500,5.000,0.524,2.622,0.141
40600,5.000,0.524,2.622,0.141
40700,5.000,0.525,2.629,0.141
40900,5.000,0.525,2.629,0.141
41000,5.000,0.525,2.626,0.141
41100,5.000,0.525,2.626,0.141
41300,5.000,0.525,2.626,0.141
41400,5.000,0.525,2.626,0.142
41500,5.000,0.526,2.629,0.142
41700,5.000,0.526,2.629,0.142
41800,5.000,0.526,2.629,0.142
41900,5.000,0.526,2.629,0.142
42100,5.000,0.525,2.626,0.142
42200,5.000,0.525,2.626,0.142
42300,5.000,0.525,2.622,0.142
42500,5.000,0.525,2.622,0.142
42600,5.000,0.526,2.629,0.142
42700,5.000,0.526,2.629,0.142
42900,5.000,0.522,2.610,0.143
43000,5.000,0.522,2.610,0.143
43100,5.000,0.527,2.637,0.143
43300,5.000,0.527,2.637,0.143
43400,5.000,0.525,2.626,0.143
43500,5.000,0.525,2.626,0.143
43700,5.000,0.526,2.633,0.143
43800,5.000,0.525,2.622,0.143
43900,5.000,0.525,2.622,0.143
44100,5.000,0.523,2.614,0.144
44200,5.000,0.523,2.614,0.144
44300,5.000,0.523,2.614,0.144
44500,5.000,0.525,2.626,0.144
44600,5.000,0.525,2.626,0.144
44700,5.000,0.526,2.626,0.144
44900,5.000,0.524,2.622,0.144
45000,5.000,0.524,2.622,0.144
45100,5.000,0.524,2.622,0.144
45300,5.000,0.524,2.622,0.144
45400,5.000,0.524,2.622,0.145
45500,5.000,0.526,2.629,0.145
45700,5.000,0.526,2.633,0.145
45800,5.000,0.526,2.633,0.145
45900,5.000,0.526,2.633,0.145
46100,5.000,0.526,2.633,0.145
46200,5.000,0.526,2.629,0.145
46300,5.000,0.526,2.629,0.145
46500,5.000,0.525,2.622,0.145
46600,5.000,0.525,2.622,0.145
46700,5.000,0.525,2.622,0.146
46900,5.000,0.525,2.622,0.146
47000,5.000,0.525,2.626,0.146
47100,5.000,0.525,2.626,0.146
47300,5.000,0.524,2.622,0.146
47400,5.000,0.524,2.622,0.146
47500,5.000,0.524,2.622,0.146
47700,5.000,0.525,2.626,0.146
47800,5.000,0.525,2.626,0.146
47900,5.000,0.525,2.626,0.146
48100,5.000,0.527,2.637,0.147
48200,5.000,0.527,2.637,0.147
48300,5.000,0.523,2.614,0.147
48500,5.000,0.523,2.614,0.147
48600,5.000,0.528,2.641,0.147
48700,5.000,0.528,2.641,0.147
48900,5.000,0.525,2.626,0.147
49000,5.000,0.525,2.626,0.147
49100,5.000,0.524,2.618,0.147
49300,5.000,0.524,2.618,0.148
49400,5.000,0.526,2.629,0.148
49500,5.000,0.526,2.629,0.148
49700,5.000,0.525,2.626,0.148
49800,5.000,0.525,2.626,0.148
49900,5.000,0.525,2.626,0.148
50100,5.000,0.525,2.622,0.148
50200,5.000,0.525,2.622,0.148
50300,5.000,0.526,2.629,0.148
50500,5.000,0.525,2.622,0.148
50600,5.000,0.525,2.622,0.149
50700,5.000,0.525,2.626,0.149
50900,5.000,0.525,2.626,0.149
51000,5.000,0.527,2.637,0.149
51100,5.000,0.527,2.637,0.149
51300,5.000,0.524,2.622,0.149
51400,5.000,0.524,2.622,0.149
51500,5.000,0.527,2.633,0.149
51700,5.000,0.527,2.633,0.149
51800,5.000,0.525,2.626,0.149
51900,5.000,0.525,2.626,0.149
52100,5.000,0.526,2.629,0.150
52200,5.000,0.526,2.629,0.150
52300,5.000,0.526,2.629,0.150
52500,5.000,0.525,2.626,0.150
52600,5.000,0.526,2.629,0.150
52700,5.000,0.526,2.629,0.150
52900,5.000,0.524,2.618,0.150
53000,5.000,0.524,2.618,0.150
53100,5.000,0.524,2.618,0.150
53300,5.000,0.524,2.618,0.151
53400,5.000,0.525,2.622,0.151
53500,5.000,0.525,2.622,0.151
53700,5.000,0.525,2.626,0.151
53800,5.000,0.525,2.626,0.151
53900,5.000,0.525,2.626,0.151
54100,5.000,0.525,2.626,0.151
54200,5.000,0.527,2.637,0.151
54300,5.000,0.527,2.637,0.151
54500,5.000,0.525,2.626,0.151
54600,5.000,0.525,2.626,0.152
54700,5.000,0.527,2.637,0.152
54900,5.000,0.526,2.629,0.152
55000,5.000,0.526,2.629,0.152
55100,5.000,0.526,2.629,0.152
55300,5.000,0.525,2.626,0.152
55400,5.000,0.525,2.626,0.152
55500,5.000,0.525,2.629,0.152
55700,5.000,0.524,2.618,0.152
55800,5.000,0.524,2.618,0.152
55900,5.000,0.524,2.618,0.153
56100,5.000,0.525,2.626,0.153
56200,5.000,0.525,2.626,0.153
56300,5.000,0.523,2.614,0.153
56500,5.000,0.523,2.614,0.153
56600,5.000,0.530,2.652,0.153
56700,5.000,0.530,2.652,0.153
56900,5.000,0.524,2.622,0.153
57000,5.000,0.524,2.622,0.153
57100,5.000,0.525,2.626,0.153
57300,5.000,0.527,2.633,0.154
57400,5.000,0.527,2.633,0.154
57500,5.000,0.527,2.633,0.154
57700,5.000,0.525,2.626,0.154
57800,5.000,0.526,2.633,0.154
57900,5.000,0.526,2.633,0.154
58100,5.000,0.525,2.622,0.154
58200,5.000,0.525,2.622,0.154
58300,5.000,0.525,2.622,0.154
58500,5.000,0.524,2.622,0.155
58600,5.000,0.524,2.622,0.155
58700,5.000,0.525,2.626,0.155
58900,5.000,0.526,2.633,0.155
59000,5.000,0.526,2.633,0.155
59100,5.000,0.526,2.633,0.155
59300,5.000,0.525,2.622,0.155
59400,5.000,0.525,2.622,0.155
59500,5.000,0.526,2.633,0.155
59700,5.000,0.525,2.629,0.155
59800,5.000,0.525,2.629,0.156
59900,5.000,0.526,2.629,0.156
60100,5.000,0.526,2.629,0.156
60200,5.000,0.526,2.629,0.156
60300,5.000,0.526,2.629,0.156
60500,5.000,0.525,2.626,0.156
60600,5.000,0.525,2.626,0.156
60700,5.000,0.525,2.626,0.156
60900,5.000,0.525,2.622,0.156
61000,5.000,0.526,2.629,0.156
61100,5.000,0.526,2.629,0.157
61300,5.000,0.524,2.622,0.157
61400,5.000,0.524,2.622,0.157
61500,5.000,0.524,2.622,0.157
61700,5.000,0.525,2.626,0.157
61800,5.000,0.525,2.626,0.157
61900,5.000,0.525,2.626,0.157
62100,5.000,0.525,2.626,0.157
62200,5.000,0.525,2.626,0.157
62300,5.000,0.524,2.622,0.157
62500,5.000,0.524,2.622,0.158
62600,5.000,0.526,2.633,0.158
62700,5.000,0.526,2.633,0.158
62900,5.000,0.524,2.622,0.158
63000,5.000,0.524,2.622,0.158
63100,5.000,0.524,2.629,0.158
63300,5.000,0.526,2.629,0.158
63400,5.000,0.525,2.626,0.158
63500,5.000,0.525,2.626,0.158
63700,5.000,0.527,2.633,0.158
63800,5.000,0.527,2.633,0.159
63900,5.000,0.527,2.633,0.159
64100,5.000,0.525,2.622,0.159
64200,5.000,0.525,2.622,0.159
64300,5.000,0.525,2.622,0.159
64500,5.000,0.526,2.633,0.159
64600,5.000,0.526,2.633,0.159
64700,5.000,0.525,2.626,0.159
64900,5.000,0.525,2.626,0.159
65000,5.000,0.527,2.633,0.159
65100,5.000,0.527,2.633,0.160
65300,5.000,0.525,2.629,0.160
65400,5.000,0.525,2.629,0.160
65500,5.000,0.525,2.629,0.160
65700,5.000,0.525,2.629,0.160
65800,5.000,0.525,2.626,0.160
65900,5.000,0.525,2.626,0.160
66100,5.000,0.526,2.626,0.160
66200,5.000,0.526,2.626,0.160
66300,5.000,0.526,2.626,0.160
66500,5.000,0.526,2.629,0.161
66600,5.000,0.526,2.629,0.161
66700,5.000,0.526,2.629,0.161
66900,5.000,0.526,2.626,0.161
67000,5.000,0.526,2.626,0.161
67100,5.000,0.526,2.629,0.161
67300,5.000,0.526,2.629,0.161
67400,5.000,0.525,2.626,0.161
67500,5.000,0.525,2.626,0.161
67700,5.000,0.526,2.633,0.162
67800,5.000,0.526,2.633,0.162
67900,5.000,0.522,2.610,0.162
68100,5.000,0.522,2.610,0.162
68200,5.000,0.525,2.622,0.162
68300,5.000,0.525,2.622,0.162
68500,5.000,0.527,2.633,0.162
68600,5.000,0.527,2.633,0.162
68700,5.000,0.526,2.629,0.162
68900,5.000,0.526,2.629,0.162
69000,5.000,0.526,2.629,0.163
69100,5.000,0.526,2.629,0.163
69300,5.000,0.525,2.622,0.163
69400,5.000,0.525,2.622,0.163
69500,5.000,0.527,2.637,0.163
69700,5.000,0.524,2.622,0.163
69800,5.000,0.524,2.622,0.163
69900,5.000,0.524,2.622,0.163
70100,5.000,0.527,2.633,0.163
70200,5.000,0.527,2.633,0.163
70300,5.000,0.525,2.626,0.164
70500,5.000,0.525,2.626,0.164
70600,5.000,0.526,2.629,0.164
70700,5.000,0.526,2.629,0.164
70900,5.000,0.525,2.626,0.164
71000,5.000,0.525,2.626,0.164
71100,5.000,0.525,2.626,0.164
71300,5.000,0.524,2.622,0.164
71400,5.000,0.524,2.622,0.164
71500,5.000,0.524,2.622,0.164
71700,5.000,0.525,2.626,0.165
71800,5.000,0.525,2.622,0.165
71900,5.000,0.525,2.622,0.165
72100,5.000,0.526,2.626,0.165
72200,5.000,0.526,2.626,0.165
72300,5.000,0.526,2.626,0.165
72500,5.000,0.526,2.629,0.165
72600,5.000,0.526,2.629,0.165
72700,5.000,0.523,2.618,0.165
72900,5.000,0.526,2.629,0.165
73000,5.000,0.526,2.629,0.166
73100,5.000,0.526,2.629,0.166
73300,5.000,0.525,2.626,0.166
73400,5.000,0.526,2.633,0.166
73500,5.000,0.526,2.633,0.166
73700,5.000,0.525,2.626,0.166
73800,5.000,0.525,2.626,0.166
73900,5.000,0.527,2.633,0.166
74100,5.000,0.527,2.633,0.166
74200,5.000,0.524,2.622,0.167
74300,5.000,0.524,2.622,0.167
74500,5.000,0.526,2.629,0.167
74600,5.000,0.526,2.629,0.167
74700,5.000,0.526,2.629,0.167
74900,5.000,0.524,2.618,0.167
75000,5.000,0.526,2.629,0.167
75100,5.000,0.526,2.629,0.167
75300,5.000,0.525,2.626,0.167
75400,5.000,0.525,2.626,0.167
75500,5.000,0.525,2.626,0.167
75700,5.000,0.525,2.626,0.168
75800,5.000,0.527,2.633,0.168
75900,5.000,0.527,2.633,0.168
76100,5.000,0.526,2.629,0.168
76200,5.000,0.526,2.629,0.168
76300,5.000,0.527,2.633,0.168
76500,5.000,0.527,2.633,0.168
76600,5.000,0.526,2.629,0.168
76700,5.000,0.526,2.629,0.168
76900,5.000,0.525,2.626,0.169
77000,5.000,0.525,2.626,0.169
77100,5.000,0.525,2.626,0.169
77300,5.000,0.524,2.622,0.169
77400,5.000,0.525,2.626,0.169
77500,5.000,0.525,2.626,0.169
77700,5.000,0.526,2.629,0.169
77800,5.000,0.526,2.629,0.169
77900,5.000,0.526,2.629,0.169
78100,5.000,0.526,2.629,0.169
78200,5.000,0.525,2.626,0.170
78300,5.000,0.525,2.626,0.170
78500,5.000,0.525,2.626,0.170
78600,5.000,0.525,2.626,0.170
78700,5.000,0.523,2.614,0.170
78900,5.000,0.523,2.614,0.170
79000,5.000,0.525,2.626,0.170
79100,5.000,0.525,2.626,0.170
79300,5.000,0.524,2.618,0.170
79400,5.000,0.524,2.618,0.170
79500,5.000,0.526,2.633,0.171
79700,5.000,0.526,2.633,0.171
79800,5.000,0.524,2.622,0.171
79900,5.000,0.524,2.622,0.171
80100,5.000,0.526,2.629,0.171
80200,5.000,0.526,2.629,0.171
80300,5.000,0.527,2.633,0.171
80500,5.000,0.526,2.629,0.171
80600,5.000,0.526,2.629,0.171
80700,5.000,0.526,2.629,0.171
80900,5.000,0.526,2.633,0.172
81000,5.000,0.526,2.633,0.172
81100,5.000,0.527,2.633,0.172
81300,5.000,0.527,2.633,0.172
81400,5.000,0.526,2.629,0.172
81500,5.000,0.526,2.629,0.172
81700,5.000,0.527,2.637,0.172
81800,5.000,0.527,2.637,0.172
81900,5.000,0.527,2.633,0.172
82100,5.000,0.527,2.633,0.172
82200,5.000,0.526,2.633,0.173
82300,5.000,0.526,2.633,0.173
82500,5.000,0.524,2.618,0.173
82600,5.000,0.525,2.626,0.173
82700,5.000,0.525,2.626,0.173
82900,5.000,0.528,2.637,0.173
83000,5.000,0.528,2.637,0.173
83100,5.000,0.528,2.637,0.173
83300,5.000,0.525,2.626,0.173
83400,5.000,0.525,2.626,0.174
83500,5.000,0.525,2.626,0.174
83700,5.000,0.525,2.626,0.174
83800,5.000,0.525,2.626,0.174
83900,5.000,0.525,2.626,0.174
84100,5.000,0.527,2.633,0.174
84200,5.000,0.527,2.633,0.174
84300,5.000,0.526,2.629,0.174
84500,5.000,0.526,2.629,0.174
84600,5.000,0.525,2.626,0.174
84700,5.000,0.525,2.626,0.174
84900,5.000,0.524,2.622,0.175
85000,5.000,0.524,2.622,0.175
85100,5.000,0.524,2.622,0.175
85300,5.000,0.526,2.629,0.175
85400,5.000,0.526,2.629,0.175
85500,5.000,0.526,2.629,0.175
85700,5.000,0.526,2.633,0.175
85800,5.000,0.525,2.629,0.175
85900,5.000,0.525,2.629,0.175
86100,5.000,0.524,2.622,0.176
86200,5.000,0.524,2.622,0.176
86300,5.000,0.524,2.622,0.176
86500,5.000,0.528,2.641,0.176
86600,5.000,0.528,2.641,0.176
86700,5.000,0.523,2.614,0.176
86900,5.000,0.525,2.626,0.176
87000,5.000,0.525,2.626,0.176
87100,5.000,0.520,2.603,0.176
87300,5.000,0.520,2.603,0.177
87400,5.000,0.526,2.629,0.177
87500,5.000,0.526,2.629,0.177
87700,5.000,0.525,2.626,0.177
87800,5.000,0.525,2.626,0.177
87900,5.000,0.527,2.637,0.177
88100,5.000,0.527,2.637,0.177
88200,5.000,0.524,2.618,0.177
88300,5.000,0.524,2.618,0.177
88500,5.000,0.524,2.618,0.177
88600,5.000,0.524,2.618,0.177
88700,5.000,0.524,2.618,0.178
88900,5.000,0.526,2.629,0.178
89000,5.000,0.526,2.629,0.178
89100,5.000,0.526,2.629,0.178
89300,5.000,0.525,2.626,0.178
89400,5.000,0.525,2.626,0.178
89500,5.000,0.525,2.629,0.178
89700,5.000,0.525,2.629,0.178
89800,5.000,0.525,2.626,0.178
89900,5.000,0.525,2.626,0.178
90100,5.000,0.525,2.626,0.179
90200,5.000,0.525,2.626,0.179
90300,5.000,0.523,2.618,0.179
90500,5.000,0.523,2.618,0.179
90600,5.000,0.526,2.629,0.179
90700,5.000,0.526,2.629,0.179
90900,5.000,0.524,2.622,0.179
91000,5.000,0.524,2.622,0.179
91100,5.000,0.524,2.622,0.179
91300,5.000,0.524,2.622,0.179
91400,5.000,0.526,2.633,0.180
91500,5.000,0.526,2.633,0.180
91700,5.000,0.525,2.626,0.180
91800,5.000,0.525,2.626,0.180
91900,5.000,0.526,2.629,0.180
92100,5.000,0.526,2.629,0.180
92200,5.000,0.523,2.618,0.180
92300,5.000,0.523,2.618,0.180
92500,5.000,0.524,2.618,0.180
92600,5.000,0.524,2.618,0.181
92700,5.000,0.524,2.622,0.181
92900,5.000,0.524,2.622,0.181
93000,5.000,0.526,2.629,0.181
93100,5.000,0.526,2.629,0.181
93300,5.000,0.524,2.622,0.181
93400,5.000,0.524,2.622,0.181
93500,5.000,0.527,2.637,0.181
93700,5.000,0.527,2.637,0.181
93800,5.000,0.526,2.629,0.181
93900,5.000,0.526,2.629,0.181
94100,5.000,0.525,2.626,0.182
94200,5.000,0.525,2.626,0.182
94300,5.000,0.524,2.622,0.182
94500,5.000,0.525,2.626,0.182
94600,5.000,0.525,2.626,0.182
94700,5.000,0.525,2.626,0.182
94900,5.000,0.527,2.637,0.182
95000,5.000,0.527,2.637,0.182
95100,5.000,0.525,2.626,0.182
95300,5.000,0.525,2.626,0.183
95400,5.000,0.526,2.629,0.183
95500,5.000,0.526,2.629,0.183
95700,5.000,0.526,2.629,0.183
95800,5.000,0.526,2.629,0.183
95900,5.000,0.526,2.629,0.183
96100,5.000,0.526,2.629,0.183
96200,5.000,0.522,2.614,0.183
96300,5.000,0.522,2.614,0.183
96500,5.000,0.525,2.626,0.184
96600,5.000,0.525,2.626,0.184
96700,5.000,0.525,2.626,0.184
96900,5.000,0.523,2.618,0.184
97000,5.000,0.523,2.618,0.184
97100,5.000,0.523,2.618,0.184
97300,5.000,0.527,2.633,0.184
97400,5.000,0.527,2.633,0.184
97500,5.000,0.525,2.626,0.184
97700,5.000,0.525,2.626,0.184
97800,5.000,0.525,2.626,0.184
97900,5.000,0.525,2.626,0.185
98100,5.000,0.527,2.637,0.185
98200,5.000,0.527,2.637,0.185
98300,5.000,0.526,2.626,0.185
98500,5.000,0.526,2.626,0.185
98600,5.000,0.525,2.629,0.185
98700,5.000,0.524,2.618,0.185
98900,5.000,0.524,2.618,0.185
99000,5.000,0.525,2.626,0.185
99100,5.000,0.525,2.626,0.185
99300,5.000,0.525,2.626,0.186
99400,5.000,0.525,2.626,0.186
99500,5.000,0.525,2.626,0.186
99700,5.000,0.526,2.633,0.186
99800,5.000,0.525,2.629,0.186
99900,5.000,0.525,2.629,0.186
100100,5.000,0.524,2.618,0.186
100200,5.000,0.524,2.618,0.186
100300,5.000,0.524,2.618,0.186
100500,5.000,0.526,2.629,0.186
100600,5.000,0.526,2.629,0.187
100700,5.000,0.525,2.626,0.187
100900,5.000,0.526,2.629,0.187
101000,5.000,0.526,2.629,0.187
101100,5.000,0.526,2.629,0.187
101300,5.000,0.526,2.629,0.187
101400,5.000,0.526,2.629,0.187
101500,5.000,0.526,2.629,0.187
101700,5.000,0.525,2.626,0.187
101800,5.000,0.525,2.626,0.188
101900,5.000,0.525,2.626,0.188
102100,5.000,0.525,2.626,0.188
102200,5.000,0.524,2.622,0.188
102300,5.000,0.524,2.622,0.188
102500,5.000,0.526,2.629,0.188
102600,5.000,0.526,2.629,0.188
102700,5.000,0.526,2.629,0.188
102900,5.000,0.523,2.614,0.188
103000,5.000,0.523,2.614,0.188
103100,5.000,0.524,2.618,0.188
103300,5.000,0.526,2.629,0.189
103400,5.000,0.526,2.629,0.189
103500,5.000,0.525,2.626,0.189
103700,5.000,0.525,2.626,0.189
103800,5.000,0.526,2.629,0.189
103900,5.000,0.526,2.629,0.189
104100,5.000,0.524,2.618,0.189
104200,5.000,0.524,2.618,0.189
104300,5.000,0.522,2.606,0.189
104500,5.000,0.522,2.606,0.190
104600,5.000,0.524,2.618,0.190
104700,5.000,0.524,2.618,0.190
104900,5.000,0.527,2.637,0.190
105000,5.000,0.527,2.637,0.190
105100,5.000,0.527,2.637,0.190
105300,5.000,0.523,2.614,0.190
105400,5.000,0.529,2.645,0.190
105500,5.000,0.529,2.645,0.190
105700,5.000,0.525,2.626,0.191
105800,5.000,0.525,2.626,0.191
105900,5.000,0.524,2.622,0.191
106100,5.000,0.524,2.622,0.191
106200,5.000,0.524,2.622,0.191
106300,5.000,0.524,2.622,0.191
106500,5.000,0.526,2.629,0.191
106600,5.000,0.526,2.629,0.191
106700,5.000,0.525,2.626,0.191
106900,5.000,0.525,2.626,0.191
107000,5.000,0.525,2.626,0.191
107100,5.000,0.525,2.626,0.192
107300,5.000,0.524,2.622,0.192
107400,5.000,0.524,2.622,0.192
107500,5.000,0.525,2.626,0.192
107700,5.000,0.525,2.626,0.192
107800,5.000,0.525,2.626,0.192
107900,5.000,0.525,2.626,0.192
108100,5.000,0.526,2.629,0.192
108200,5.000,0.526,2.629,0.192
108300,5.000,0.527,2.637,0.192
108500,5.000,0.524,2.622,0.193
108600,5.000,0.524,2.622,0.193
108700,5.000,0.524,2.622,0.193
108900,5.000,0.527,2.633,0.193
109000,5.000,0.527,2.633,0.193
109100,5.000,0.522,2.606,0.193
109300,5.000,0.522,2.606,0.193
109400,5.000,0.526,2.626,0.193
109500,5.000,0.526,2.626,0.193
109700,5.000,0.527,2.637,0.193
109800,5.000,0.527,2.637,0.194
109900,5.000,0.524,2.622,0.194
110100,5.000,0.526,2.629,0.194
110200,5.000,0.526,2.629,0.194
110300,5.000,0.526,2.629,0.194
110500,5.000,0.527,2.633,0.194
110600,5.000,0.525,2.626,0.194
110700,5.000,0.525,2.626,0.194
110900,5.000,0.525,2.626,0.194
111000,5.000,0.525,2.626,0.195
111100,5.000,0.525,2.626,0.195
111300,5.000,0.525,2.626,0.195
111400,5.000,0.525,2.626,0.195
111500,5.000,0.525,2.626,0.195
111700,5.000,0.526,2.629,0.195
111800,5.000,0.526,2.629,0.195
111900,5.000,0.526,2.629,0.195
112100,5.000,0.523,2.614,0.195
112200,5.000,0.523,2.614,0.195
112300,5.000,0.526,2.629,0.195
112500,5.000,0.526,2.633,0.196
112600,5.000,0.526,2.633,0.196
112700,5.000,0.526,2.629,0.196
112900,5.000,0.526,2.629,0.196
113000,5.000,0.524,2.622,0.196
113100,5.000,0.524,2.622,0.196
113300,5.000,0.524,2.622,0.196
113400,5.000,0.524,2.622,0.196
113500,5.000,0.524,2.622,0.196
113700,5.000,0.526,2.629,0.197
113800,5.000,0.528,2.641,0.197
113900,5.000,0.528,2.641,0.197
114100,5.000,0.525,2.626,0.197
114200,5.000,0.525,2.626,0.197
114300,5.000,0.525,2.626,0.197
114500,5.000,0.525,2.626,0.197
114600,5.000,0.525,2.626,0.197
114700,5.000,0.525,2.626,0.197
114900,5.000,0.525,2.626,0.198
115000,5.000,0.525,2.626,0.198
115100,5.000,0.525,2.626,0.198
115300,5.000,0.525,2.626,0.198
115400,5.000,0.527,2.637,0.198
115500,5.000,0.527,2.637,0.198
115700,5.000,0.530,2.652,0.198
115800,5.000,0.530,2.652,0.198
115900,5.000,0.530,2.633,0.198
116100,5.000,0.526,2.633,0.198
116200,5.000,0.524,2.622,0.198
116300,5.000,0.524,2.622,0.199
116500,5.000,0.526,2.633,0.199
116600,5.000,0.526,2.633,0.199
116700,5.000,0.526,2.633,0.199
116900,5.000,0.527,2.637,0.199
117000,5.000,0.523,2.614,0.199
117100,5.000,0.523,2.614,0.199
117300,5.000,0.525,2.626,0.199
117400,5.000,0.525,2.626,0.199
117500,5.000,0.525,2.622,0.199
117700,5.000,0.525,2.622,0.200
117800,5.000,0.526,2.629,0.200
117900,5.000,0.526,2.629,0.200
118100,5.000,0.525,2.626,0.200
118200,5.000,0.525,2.626,0.200
118300,5.000,0.523,2.618,0.200
118500,5.000,0.523,2.618,0.200
118600,5.000,0.525,2.626,0.200
118700,5.000,0.525,2.626,0.200
118900,5.000,0.527,2.637,0.201
119000,5.000,0.527,2.637,0.201
119100,5.000,0.524,2.622,0.201
119300,5.000,0.527,2.637,0.201
119400,5.000,0.527,2.637,0.201
119500,5.000,0.527,2.637,0.201
119700,5.000,0.526,2.629,0.201
119800,5.000,0.526,2.629,0.201
119900,5.000,0.524,2.622,0.201
120100,5.000,0.524,2.622,0.201
120200,5.000,0.527,2.633,0.202
120300,5.000,0.527,2.633,0.202
120500,5.000,0.525,2.622,0.202
120600,5.000,0.525,2.622,0.202
120700,5.000,0.526,2.629,0.202
120900,5.000,0.526,2.629,0.202
121000,5.000,0.525,2.622,0.202
121100,5.000,0.525,2.622,0.202
121300,5.000,0.527,2.637,0.202
121400,5.000,0.525,2.629,0.202
121500,5.000,0.525,2.629,0.203
121700,5.000,0.524,2.622,0.203
121800,5.000,0.524,2.622,0.203
121900,5.000,0.524,2.622,0.203
122100,5.000,0.523,2.614,0.203
122200,5.000,0.523,2.614,0.203
122300,5.000,0.528,2.641,0.203
122500,5.000,0.524,2.622,0.203
122600,5.000,0.524,2.622,0.203
122700,5.000,0.524,2.622,0.203
122900,5.000,0.527,2.637,0.204
123000,5.000,0.527,2.637,0.204
123100,5.000,0.525,2.626,0.204
123300,5.000,0.525,2.626,0.204
123400,5.000,0.526,2.633,0.204
123500,5.000,0.526,2.633,0.204
123700,5.000,0.524,2.622,0.204
123800,5.000,0.526,2.629,0.204
123900,5.000,0.526,2.629,0.204
124100,5.000,0.524,2.622,0.205
124200,5.000,0.524,2.622,0.205
124300,5.000,0.524,2.622,0.205
124500,5.000,0.525,2.629,0.205
124600,5.000,0.523,2.614,0.205
124700,5.000,0.523,2.614,0.205
124900,5.000,0.526,2.629,0.205
125000,5.000,0.526,2.629,0.205
125100,5.000,0.526,2.629,0.205
125300,5.000,0.526,2.629,0.205
125400,5.000,0.526,2.629,0.205
125500,5.000,0.525,2.626,0.206
125700,5.000,0.525,2.626,0.206
125800,5.000,0.525,2.626,0.206
125900,5.000,0.525,2.626,0.206
126100,5.000,0.524,2.622,0.206
126200,5.000,0.526,2.629,0.206
126300,5.000,0.526,2.629,0.206
126500,5.000,0.525,2.626,0.206
126600,5.000,0.525,2.626,0.206
126700,5.000,0.526,2.629,0.206
126900,5.000,0.526,2.629,0.207
127000,5.000,0.524,2.618,0.207
127100,5.000,0.524,2.618,0.207
127300,5.000,0.527,2.637,0.207
127400,5.000,0.527,2.637,0.207
127500,5.000,0.527,2.637,0.207
127700,5.000,0.525,2.626,0.207
127800,5.000,0.526,2.629,0.207
127900,5.000,0.526,2.629,0.207
128100,5.000,0.524,2.622,0.208
128200,5.000,0.524,2.622,0.208
128300,5.000,0.525,2.626,0.208
128500,5.000,0.525,2.626,0.208
128600,5.000,0.525,2.626,0.208
128700,5.000,0.525,2.626,0.208
128900,5.000,0.526,2.629,0.208
129000,5.000,0.526,2.629,0.208
129100,5.000,0.526,2.629,0.208
129300,5.000,0.526,2.629,0.208
129400,5.000,0.525,2.626,0.209
129500,5.000,0.525,2.626,0.209
129700,5.000,0.526,2.629,0.209
129800,5.000,0.526,2.629,0.209
129900,5.000,0.526,2.629,0.209
130100,5.000,0.522,2.606,0.209
130200,5.000,0.527,2.637,0.209
130300,5.000,0.527,2.637,0.209
130500,5.000,0.525,2.626,0.209
130600,5.000,0.525,2.626,0.209
130700,5.000,0.524,2.622,0.210
130900,5.000,0.524,2.622,0.210
131000,5.000,0.525,2.626,0.210
131100,5.000,0.525,2.626,0.210
131300,5.000,0.526,2.633,0.210
131400,5.000,0.526,2.633,0.210
131500,5.000,0.523,2.614,0.210
131700,5.000,0.523,2.614,0.210
131800,5.000,0.527,2.637,0.210
131900,5.000,0.527,2.637,0.210
132100,5.000,0.523,2.614,0.211
132200,5.000,0.523,2.614,0.211
132300,5.000,0.526,2.629,0.211
132500,5.000,0.526,2.629,0.211
132600,5.000,0.525,2.626,0.211
132700,5.000,0.525,2.626,0.211
132900,5.000,0.527,2.637,0.211
133000,5.000,0.527,2.637,0.211
133100,5.000,0.525,2.626,0.211
133300,5.000,0.525,2.626,0.212
133400,5.000,0.525,2.626,0.212
133500,5.000,0.525,2.626,0.212
133700,5.000,0.526,2.629,0.212
133800,5.000,0.526,2.629,0.212
133900,5.000,0.527,2.633,0.212
134100,5.000,0.527,2.633,0.212
134200,5.000,0.526,2.629,0.212
134300,5.000,0.526,2.629,0.212
134500,5.000,0.526,2.629,0.212
134600,5.000,0.526,2.629,0.212
134700,5.000,0.524,2.622,0.213
134900,5.000,0.524,2.622,0.213
135000,5.000,0.525,2.629,0.213
135100,5.000,0.525,2.629,0.213
135300,5.000,0.527,2.633,0.213
135400,5.000,0.525,2.626,0.213
135500,5.000,0.525,2.626,0.213
135700,5.000,0.527,2.633,0.213
135800,5.000,0.527,2.633,0.213
135900,5.000,0.527,2.633,0.213
136100,5.000,0.525,2.626,0.214
136200,5.000,0.525,2.626,0.214
136300,5.000,0.527,2.633,0.214
136500,5.000,0.524,2.622,0.214
136600,5.000,0.524,2.622,0.214
136700,5.000,0.524,2.622,0.214
136900,5.000,0.526,2.629,0.214
137000,5.000,0.526,2.629,0.214
137100,5.000,0.524,2.622,0.214
137300,5.000,0.524,2.622,0.215
137400,5.000,0.525,2.629,0.215
137500,5.000,0.526,2.629,0.215
137700,5.000,0.526,2.629,0.215
137800,5.000,0.526,2.629,0.215
137900,5.000,0.526,2.629,0.215
138100,5.000,0.526,2.633,0.215
138200,5.000,0.526,2.633,0.215
138300,5.000,0.526,2.633,0.215
138500,5.000,0.525,2.626,0.215
138600,5.000,0.525,2.622,0.216
138700,5.000,0.525,2.622,0.216
138900,5.000,0.525,2.622,0.216
139000,5.000,0.525,2.622,0.216
139100,5.000,0.525,2.622,0.216
139300,5.000,0.525,2.626,0.216
139400,5.000,0.525,2.626,0.216
139500,5.000,0.527,2.637,0.216
139700,5.000,0.527,2.633,0.216
139800,5.000,0.527,2.633,0.216
