300,5.000,0.531,2.652,0.000
500,5.000,0.512,2.561,0.000
700,5.000,0.532,2.660,0.000
900,5.000,0.532,2.660,0.000
1100,5.000,0.534,2.671,0.000
1300,5.000,0.534,2.667,0.000
1500,5.000,0.534,2.667,0.001
1700,5.000,0.537,2.687,0.001
1900,5.000,0.533,2.667,0.001
2100,5.000,0.534,2.667,0.001
2300,5.000,0.534,2.667,0.001
2500,5.000,0.535,2.675,0.001
2700,5.000,0.532,2.660,0.001
2900,5.000,0.532,2.660,0.002
3100,5.000,0.532,2.660,0.002
3300,5.000,0.533,2.664,0.002
3500,5.000,0.531,2.652,0.002
3700,5.000,0.528,2.637,0.002
3900,5.000,0.531,2.652,0.002
4100,5.000,0.531,2.652,0.003
4300,5.000,0.527,2.637,0.003
4500,5.000,0.529,2.648,0.003
4700,5.000,0.529,2.648,0.003
4900,5.000,0.528,2.641,0.003
5100,5.000,0.529,2.645,0.003
5300,5.000,0.521,2.606,0.003
5500,5.000,0.521,2.606,0.004
5700,5.000,0.523,2.618,0.004
5900,5.000,0.526,2.629,0.004
6100,5.000,0.522,2.610,0.004
6300,5.000,0.525,2.622,0.004
6500,5.000,0.525,2.622,0.004
6700,5.000,0.528,2.641,0.004
6900,5.000,0.522,2.606,0.005
7100,5.000,0.526,2.629,0.005
7300,5.000,0.526,2.629,0.005
7500,5.000,0.526,2.629,0.005
7700,5.000,0.522,2.610,0.005
7900,5.000,0.522,2.610,0.005
8100,5.000,0.526,2.629,0.006
8300,5.000,0.523,2.614,0.006
8500,5.000,0.521,2.603,0.006
8700,5.000,0.521,2.603,0.006
8900,5.000,0.521,2.606,0.006
9100,5.000,0.526,2.633,0.006
9300,5.000,0.518,2.591,0.006
9500,5.000,0.524,2.618,0.007
9700,5.000,0.524,2.618,0.007
9900,5.000,0.525,2.626,0.007
10100,5.000,0.522,2.610,0.007
10300,5.000,0.522,2.610,0.007
10500,5.000,0.525,2.629,0.007
10700,5.000,0.527,2.637,0.007
10900,5.000,0.520,2.603,0.008
11100,5.000,0.520,2.603,0.008
11300,5.000,0.524,2.622,0.008
11500,5.000,0.527,2.633,0.008
11700,5.000,0.520,2.603,0.008
11900,5.000,0.525,2.622,0.008
12100,5.000,0.525,2.622,0.009
12300,5.000,0.528,2.641,0.009
12500,5.000,0.521,2.606,0.009
12700,5.000,0.521,2.606,0.009
12900,5.000,0.521,2.606,0.009
13100,5.000,0.526,2.633,0.009
13300,5.000,0.519,2.595,0.009
13500,5.000,0.519,2.595,0.010
13700,5.000,0.525,2.626,0.010
13900,5.000,0.526,2.629,0.010
14100,5.000,0.520,2.603,0.010
14300,5.000,0.520,2.603,0.010
14500,5.000,0.521,2.606,0.010
14700,5.000,0.528,2.637,0.011
14900,5.000,0.520,2.603,0.011
15100,5.000,0.523,2.614,0.011
15300,5.000,0.523,2.614,0.011
15500,5.000,0.529,2.645,0.011
15700,5.000,0.521,2.606,0.011
15900,5.000,0.525,2.622,0.011
16100,5.000,0.525,2.622,0.012
16300,5.000,0.527,2.637,0.012
16500,5.000,0.520,2.599,0.012
16700,5.000,0.520,2.599,0.012
16900,5.000,0.523,2.614,0.012
17100,5.000,0.529,2.648,0.012
17300,5.000,0.520,2.603,0.013
17500,5.000,0.521,2.606,0.013
17700,5.000,0.521,2.606,0.013
17900,5.000,0.527,2.633,0.013
18100,5.000,0.521,2.606,0.013
18300,5.000,0.520,2.603,0.013
18500,5.000,0.520,2.603,0.013
18700,5.000,0.527,2.637,0.014
18900,5.000,0.521,2.606,0.014
19100,5.000,0.524,2.622,0.014
19300,5.000,0.524,2.622,0.014
19500,5.000,0.524,2.622,0.014
19700,5.000,0.522,2.610,0.014
19900,5.000,0.522,2.610,0.014
20100,5.000,0.529,2.645,0.015
20300,5.000,0.529,2.645,0.015
20500,5.000,0.523,2.614,0.015
20700,5.000,0.523,2.614,0.015
20900,5.000,0.523,2.614,0.015
21100,5.000,0.529,2.645,0.015
21300,5.000,0.522,2.610,0.015
21500,5.000,0.522,2.610,0.016
21700,5.000,0.522,2.610,0.016
21900,5.000,0.525,2.626,0.016
22100,5.000,0.521,2.606,0.016
22300,5.000,0.521,2.606,0.016
22500,5.000,0.520,2.599,0.016
22700,5.000,0.528,2.641,0.017
22900,5.000,0.520,2.603,0.017
23100,5.000,0.520,2.603,0.017
23300,5.000,0.520,2.603,0.017
23500,5.000,0.524,2.622,0.017
23700,5.000,0.522,2.614,0.017
23900,5.000,0.521,2.606,0.017
24100,5.000,0.521,2.606,0.018
24300,5.000,0.528,2.641,0.018
24500,5.000,0.524,2.618,0.018
24700,5.000,0.523,2.614,0.018
24900,5.000,0.523,2.614,0.018
25100,5.000,0.526,2.629,0.018
25300,5.000,0.525,2.622,0.018
25500,5.000,0.525,2.622,0.019
25700,5.000,0.527,2.637,0.019
25900,5.000,0.527,2.637,0.019
26100,5.000,0.526,2.629,0.019
26300,5.000,0.521,2.603,0.019
26500,5.000,0.521,2.603,0.019
26700,5.000,0.529,2.641,0.020
26900,5.000,0.521,2.606,0.020
27100,5.000,0.521,2.606,0.020
27300,5.000,0.521,2.606,0.020
27500,5.000,0.524,2.622,0.020
27700,5.000,0.527,2.637,0.020
27900,5.000,0.520,2.603,0.020
28100,5.000,0.520,2.603,0.021
28300,5.000,0.524,2.622,0.021
28500,5.000,0.523,2.614,0.021
28700,5.000,0.519,2.599,0.021
28900,5.000,0.524,2.622,0.021
29100,5.000,0.524,2.622,0.021
29300,5.000,0.523,2.614,0.022
29500,5.000,0.520,2.599,0.022
29700,5.000,0.520,2.599,0.022
29900,5.000,0.527,2.637,0.022
30100,5.000,0.526,2.629,0.022
30300,5.000,0.520,2.599,0.022
30500,5.000,0.520,2.599,0.022
30700,5.000,0.525,2.622,0.023
30900,5.000,0.527,2.637,0.023
31100,5.000,0.522,2.610,0.023
31300,5.000,0.525,2.622,0.023
31500,5.000,0.525,2.622,0.023
31700,5.000,0.528,2.641,0.023
31900,5.000,0.520,2.599,0.023
32100,5.000,0.525,2.626,0.024
32300,5.000,0.525,2.626,0.024
32500,5.000,0.523,2.614,0.024
32700,5.000,0.521,2.603,0.024
32900,5.000,0.521,2.603,0.024
33100,5.000,0.526,2.629,0.024
33300,5.000,0.525,2.626,0.025
33500,5.000,0.520,2.599,0.025
33700,5.000,0.520,2.599,0.025
33900,5.000,0.523,2.618,0.025
34100,5.000,0.525,2.626,0.025
34300,5.000,0.522,2.606,0.025
34500,5.000,0.524,2.618,0.025
34700,5.000,0.524,2.618,0.026
34900,5.000,0.528,2.637,0.026
35100,5.000,0.522,2.610,0.026
35300,5.000,0.522,2.610,0.026
35500,5.000,0.525,2.626,0.026
35700,5.000,0.528,2.641,0.026
35900,5.000,0.518,2.591,0.026
36100,5.000,0.518,2.591,0.027
36300,5.000,0.523,2.618,0.027
36500,5.000,0.529,2.641,0.027
36700,5.000,0.520,2.603,0.027
36900,5.000,0.523,2.614,0.027
37100,5.000,0.523,2.614,0.027
37300,5.000,0.526,2.629,0.028
37500,5.000,0.520,2.599,0.028
37700,5.000,0.523,2.614,0.028
37900,5.000,0.523,2.614,0.028
38100,5.000,0.526,2.629,0.028
38300,5.000,0.520,2.603,0.028
38500,5.000,0.520,2.603,0.028
38700,5.000,0.526,2.629,0.029
38900,5.000,0.527,2.633,0.029
39100,5.000,0.520,2.603,0.029
39300,5.000,0.520,2.603,0.029
39500,5.000,0.522,2.606,0.029
39700,5.000,0.530,2.648,0.029
39900,5.000,0.521,2.603,0.030
40100,5.000,0.525,2.626,0.030
40300,5.000,0.525,2.626,0.030
40500,5.000,0.528,2.641,0.030
40700,5.000,0.522,2.610,0.030
40900,5.000,0.523,2.614,0.030
41100,5.000,0.523,2.614,0.030
41300,5.000,0.526,2.629,0.031
41500,5.000,0.519,2.595,0.031
41700,5.000,0.519,2.595,0.031
41900,5.000,0.522,2.614,0.031
42100,5.000,0.527,2.637,0.031
42300,5.000,0.520,2.599,0.031
42500,5.000,0.522,2.606,0.031
42700,5.000,0.522,2.606,0.032
42900,5.000,0.526,2.626,0.032
43100,5.000,0.520,2.599,0.032
43300,5.000,0.523,2.614,0.032
43500,5.000,0.523,2.614,0.032
43700,5.000,0.529,2.645,0.032
43900,5.000,0.524,2.618,0.033
44100,5.000,0.526,2.629,0.033
44300,5.000,0.526,2.629,0.033
44500,5.000,0.527,2.637,0.033
44700,5.000,0.522,2.610,0.033
44900,5.000,0.522,2.610,0.033
45100,5.000,0.522,2.610,0.033
45300,5.000,0.529,2.645,0.034
45500,5.000,0.522,2.614,0.034
45700,5.000,0.524,2.618,0.034
45900,5.000,0.524,2.618,0.034
46100,5.000,0.528,2.641,0.034
46300,5.000,0.521,2.606,0.034
46500,5.000,0.520,2.603,0.034
46700,5.000,0.520,2.603,0.035
46900,5.000,0.526,2.629,0.035
47100,5.000,0.520,2.603,0.035
47300,5.000,0.520,2.606,0.035
47500,5.000,0.521,2.606,0.035
47700,5.000,0.526,2.629,0.035
47900,5.000,0.521,2.603,0.035
48100,5.000,0.522,2.610,0.036
48300,5.000,0.522,2.610,0.036
48500,5.000,0.525,2.626,0.036
48700,5.000,0.523,2.618,0.036
48900,5.000,0.522,2.606,0.036
49100,5.000,0.522,2.606,0.036
49300,5.000,0.529,2.645,0.037
49500,5.000,0.522,2.610,0.037
49700,5.000,0.524,2.622,0.037
49900,5.000,0.524,2.622,0.037
50100,5.000,0.526,2.629,0.037
50300,5.000,0.522,2.610,0.037
50500,5.000,0.522,2.610,0.037
50700,5.000,0.521,2.606,0.038
50900,5.000,0.527,2.637,0.038
51100,5.000,0.522,2.610,0.038
51300,5.000,0.521,2.603,0.038
51500,5.000,0.521,2.603,0.038
51700,5.000,0.527,2.633,0.038
51900,5.000,0.521,2.606,0.039
52100,5.000,0.521,2.606,0.039
52300,5.000,0.521,2.606,0.039
52500,5.000,0.525,2.626,0.039
52700,5.000,0.524,2.618,0.039
52900,5.000,0.521,2.603,0.039
53100,5.000,0.521,2.603,0.039
53300,5.000,0.525,2.626,0.040
53500,5.000,0.523,2.614,0.040
53700,5.000,0.523,2.614,0.040
53900,5.000,0.526,2.633,0.040
54100,5.000,0.526,2.633,0.040
54300,5.000,0.525,2.626,0.040
54500,5.000,0.522,2.606,0.041
54700,5.000,0.522,2.606,0.041
54900,5.000,0.528,2.641,0.041
55100,5.000,0.524,2.622,0.041
55300,5.000,0.520,2.599,0.041
55500,5.000,0.520,2.599,0.041
55700,5.000,0.525,2.626,0.041
55900,5.000,0.524,2.618,0.042
56100,5.000,0.521,2.606,0.042
56300,5.000,0.521,2.606,0.042
56500,5.000,0.524,2.622,0.042
56700,5.000,0.524,2.618,0.042
56900,5.000,0.518,2.595,0.042
57100,5.000,0.524,2.618,0.042
57300,5.000,0.524,2.618,0.043
57500,5.000,0.523,2.614,0.043
57700,5.000,0.520,2.603,0.043
57900,5.000,0.520,2.603,0.043
58100,5.000,0.525,2.626,0.043
58300,5.000,0.526,2.629,0.043
58500,5.000,0.521,2.603,0.043
58700,5.000,0.521,2.603,0.044
58900,5.000,0.524,2.618,0.044
59100,5.000,0.527,2.637,0.044
59300,5.000,0.521,2.606,0.044
59500,5.000,0.525,2.626,0.044
59700,5.000,0.525,2.626,0.044
59900,5.000,0.528,2.641,0.045
60100,5.000,0.521,2.606,0.045
60300,5.000,0.526,2.626,0.045
60500,5.000,0.526,2.626,0.045
60700,5.000,0.524,2.618,0.045
60900,5.000,0.519,2.595,0.045
61100,5.000,0.519,2.595,0.045
61300,5.000,0.525,2.626,0.046
61500,5.000,0.523,2.614,0.046
61700,5.000,0.520,2.599,0.046
61900,5.000,0.520,2.599,0.046
62100,5.000,0.521,2.606,0.046
62300,5.000,0.526,2.629,0.046
62500,5.000,0.519,2.595,0.047
62700,5.000,0.523,2.614,0.047
62900,5.000,0.523,2.614,0.047
63100,5.000,0.525,2.626,0.047
63300,5.000,0.523,2.614,0.047
63500,5.000,0.523,2.614,0.047
63700,5.000,0.525,2.622,0.047
63900,5.000,0.527,2.637,0.048
64100,5.000,0.520,2.599,0.048
64300,5.000,0.520,2.599,0.048
64500,5.000,0.524,2.618,0.048
64700,5.000,0.529,2.641,0.048
64900,5.000,0.521,2.606,0.048
65100,5.000,0.523,2.614,0.049
65300,5.000,0.523,2.614,0.049
65500,5.000,0.532,2.660,0.049
65700,5.000,0.520,2.603,0.049
65900,5.000,0.521,2.606,0.049
66100,5.000,0.521,2.606,0.049
66300,5.000,0.526,2.633,0.049
66500,5.000,0.518,2.591,0.050
66700,5.000,0.518,2.591,0.050
66900,5.000,0.524,2.622,0.050
67100,5.000,0.525,2.626,0.050
67300,5.000,0.521,2.603,0.050
67500,5.000,0.521,2.603,0.050
67700,5.000,0.520,2.603,0.050
67900,5.000,0.529,2.645,0.051
68100,5.000,0.520,2.599,0.051
68300,5.000,0.523,2.618,0.051
68500,5.000,0.523,2.618,0.051
68700,5.000,0.529,2.645,0.051
68900,5.000,0.522,2.606,0.051
69100,5.000,0.524,2.618,0.051
69300,5.000,0.524,2.618,0.052
69500,5.000,0.526,2.629,0.052
69700,5.000,0.519,2.595,0.052
69900,5.000,0.519,2.595,0.052
70100,5.000,0.522,2.610,0.052
70300,5.000,0.529,2.645,0.052
70500,5.000,0.519,2.595,0.053
70700,5.000,0.522,2.606,0.053
70900,5.000,0.522,2.606,0.053
71100,5.000,0.526,2.629,0.053
71300,5.000,0.520,2.603,0.053
71500,5.000,0.520,2.603,0.053
71700,5.000,0.520,2.603,0.053
71900,5.000,0.528,2.641,0.054
72100,5.000,0.520,2.603,0.054
72300,5.000,0.525,2.622,0.054
72500,5.000,0.525,2.622,0.054
72700,5.000,0.524,2.618,0.054
72900,5.000,0.523,2.614,0.054
73100,5.000,0.523,2.614,0.054
73300,5.000,0.527,2.637,0.055
73500,5.000,0.527,2.637,0.055
73700,5.000,0.524,2.618,0.055
73900,5.000,0.523,2.610,0.055
74100,5.000,0.523,2.610,0.055
74300,5.000,0.529,2.645,0.055
74500,5.000,0.522,2.610,0.056
74700,5.000,0.523,2.614,0.056
74900,5.000,0.523,2.614,0.056
75100,5.000,0.526,2.629,0.056
75300,5.000,0.520,2.599,0.056
75500,5.000,0.520,2.599,0.056
75700,5.000,0.520,2.599,0.056
75900,5.000,0.527,2.637,0.057
76100,5.000,0.521,2.606,0.057
76300,5.000,0.520,2.603,0.057
76500,5.000,0.520,2.603,0.057
76700,5.000,0.524,2.622,0.057
76900,5.000,0.522,2.610,0.057
77100,5.000,0.521,2.603,0.058
77300,5.000,0.521,2.603,0.058
77500,5.000,0.527,2.637,0.058
77700,5.000,0.523,2.618,0.058
77900,5.000,0.523,2.614,0.058
78100,5.000,0.523,2.614,0.058
78300,5.000,0.525,2.626,0.058
78500,5.000,0.524,2.622,0.059
78700,5.000,0.524,2.622,0.059
78900,5.000,0.525,2.626,0.059
79100,5.000,0.525,2.626,0.059
79300,5.000,0.526,2.629,0.059
79500,5.000,0.521,2.603,0.059
79700,5.000,0.521,2.603,0.059
79900,5.000,0.528,2.637,0.060
80100,5.000,0.522,2.610,0.060
80300,5.000,0.520,2.603,0.060
80500,5.000,0.520,2.603,0.060
80700,5.000,0.527,2.633,0.060
80900,5.000,0.523,2.614,0.060
81100,5.000,0.519,2.595,0.060
81300,5.000,0.519,2.595,0.061
81500,5.000,0.524,2.622,0.061
81700,5.000,0.523,2.614,0.061
81900,5.000,0.520,2.603,0.061
82100,5.000,0.524,2.622,0.061
82300,5.000,0.524,2.622,0.061
82500,5.000,0.524,2.618,0.062
82700,5.000,0.522,2.606,0.062
82900,5.000,0.522,2.606,0.062
83100,5.000,0.527,2.637,0.062
83300,5.000,0.525,2.626,0.062
