300,5.000,0.295,1.477,0.000
500,5.000,0.295,1.477,0.000
700,5.000,0.289,1.446,0.000
900,5.000,0.288,1.442,0.000
1100,5.000,0.289,1.446,0.000
1300,5.000,0.289,1.442,0.000
1500,5.000,0.289,1.442,0.000
1700,5.000,0.288,1.438,0.000
1900,5.000,0.288,1.438,0.000
2100,5.000,0.288,1.442,0.000
2300,5.000,0.288,1.442,0.000
2500,5.000,0.289,1.446,0.000
2700,5.000,0.288,1.442,0.001
2900,5.000,0.288,1.442,0.001
3100,5.000,0.288,1.438,0.001
3300,5.000,0.288,1.442,0.001
3500,5.000,0.288,1.442,0.001
3700,5.000,0.288,1.442,0.001
3900,5.000,0.288,1.442,0.001
4100,5.000,0.288,1.442,0.001
4300,5.000,0.288,1.442,0.001
4500,5.000,0.288,1.438,0.001
4700,5.000,0.288,1.438,0.001
4900,5.000,0.287,1.438,0.001
5100,5.000,0.289,1.442,0.002
5300,5.000,0.288,1.442,0.002
5500,5.000,0.288,1.442,0.002
5700,5.000,0.288,1.442,0.002
5900,5.000,0.288,1.442,0.002
6100,5.000,0.289,1.442,0.002
6300,5.000,0.289,1.446,0.002
6500,5.000,0.289,1.446,0.002
6700,5.000,0.289,1.442,0.002
6900,5.000,0.288,1.442,0.002
7100,5.000,0.288,1.442,0.002
7300,5.000,0.289,1.446,0.002
7500,5.000,0.288,1.442,0.003
7700,5.000,0.288,1.438,0.003
7900,5.000,0.292,1.458,0.003
8100,5.000,0.292,1.458,0.003
8300,5.000,0.308,1.542,0.003
8500,5.000,0.298,1.492,0.003
8700,5.000,0.288,1.442,0.003
8900,5.000,0.288,1.442,0.003
9100,5.000,0.289,1.442,0.003
9300,5.000,0.288,1.442,0.003
9500,5.000,0.288,1.442,0.003
9700,5.000,0.288,1.442,0.003
9900,5.000,0.288,1.438,0.004
10100,5.000,0.288,1.438,0.004
10300,5.000,0.288,1.442,0.004
10500,5.000,0.288,1.442,0.004
10700,5.000,0.288,1.442,0.004
10900,5.000,0.288,1.442,0.004
11100,5.000,0.288,1.442,0.004
11300,5.000,0.288,1.442,0.004
11500,5.000,0.288,1.438,0.004
11700,5.000,0.288,1.438,0.004
11900,5.000,0.289,1.446,0.004
12100,5.000,0.289,1.446,0.004
12300,5.000,0.289,1.442,0.005
12500,5.000,0.288,1.442,0.005
12700,5.000,0.288,1.442,0.005
12900,5.000,0.289,1.446,0.005
13100,5.000,0.289,1.446,0.005
13300,5.000,0.288,1.442,0.005
13500,5.000,0.288,1.442,0.005
13700,5.000,0.288,1.442,0.005
13900,5.000,0.288,1.442,0.005
14100,5.000,0.288,1.442,0.005
14300,5.000,0.289,1.446,0.005
14500,5.000,0.289,1.446,0.005
14700,5.000,0.289,1.446,0.006
14900,5.000,0.289,1.446,0.006
15100,5.000,0.288,1.442,0.006
15300,5.000,0.288,1.442,0.006
15500,5.000,0.288,1.442,0.006
15700,5.000,0.298,1.492,0.006
15900,5.000,0.289,1.442,0.006
16100,5.000,0.288,1.442,0.006
16300,5.000,0.288,1.442,0.006
16500,5.000,0.288,1.442,0.006
16700,5.000,0.288,1.442,0.006
16900,5.000,0.288,1.442,0.006
17100,5.000,0.288,1.442,0.007
17300,5.000,0.288,1.442,0.007
17500,5.000,0.288,1.438,0.007
17700,5.000,0.288,1.442,0.007
17900,5.000,0.288,1.442,0.007
18100,5.000,0.288,1.442,0.007
18300,5.000,0.288,1.442,0.007
18500,5.000,0.288,1.442,0.007
18700,5.000,0.288,1.442,0.007
18900,5.000,0.288,1.442,0.007
19100,5.000,0.288,1.442,0.007
19300,5.000,0.288,1.442,0.008
19500,5.000,0.289,1.442,0.008
19700,5.000,0.289,1.442,0.008
19900,5.000,0.289,1.446,0.008
20100,5.000,0.288,1.442,0.008
20300,5.000,0.289,1.446,0.008
20500,5.000,0.289,1.446,0.008
20700,5.000,0.289,1.446,0.008
20900,5.000,0.288,1.442,0.008
21100,5.000,0.288,1.442,0.008
21300,5.000,0.288,1.438,0.008
21500,5.000,0.288,1.442,0.008
21700,5.000,0.288,1.442,0.009
21900,5.000,0.288,1.438,0.009
22100,5.000,0.288,1.438,0.009
22300,5.000,0.288,1.442,0.009
22500,5.000,0.289,1.442,0.009
22700,5.000,0.288,1.442,0.009
22900,5.000,0.288,1.442,0.009
23100,5.000,0.289,1.442,0.009
23300,5.000,0.289,1.442,0.009
23500,5.000,0.289,1.442,0.009
23700,5.000,0.288,1.442,0.009
23900,5.000,0.288,1.442,0.009
24100,5.000,0.288,1.442,0.010
24300,5.000,0.288,1.442,0.010
24500,5.000,0.288,1.442,0.010
24700,5.000,0.288,1.438,0.010
24900,5.000,0.288,1.438,0.010
25100,5.000,0.288,1.442,0.010
25300,5.000,0.288,1.442,0.010
25500,5.000,0.288,1.438,0.010
25700,5.000,0.288,1.438,0.010
25900,5.000,0.288,1.442,0.010
26100,5.000,0.288,1.442,0.010
26300,5.000,0.288,1.442,0.010
26500,5.000,0.288,1.442,0.011
26700,5.000,0.288,1.442,0.011
26900,5.000,0.289,1.446,0.011
27100,5.000,0.289,1.446,0.011
27300,5.000,0.290,1.450,0.011
27500,5.000,0.289,1.442,0.011
27700,5.000,0.289,1.442,0.011
27900,5.000,0.288,1.442,0.011
28100,5.000,0.288,1.442,0.011
28300,5.000,0.289,1.446,0.011
28500,5.000,0.288,1.442,0.011
28700,5.000,0.288,1.442,0.011
28900,5.000,0.288,1.438,0.012
29100,5.000,0.289,1.446,0.012
29300,5.000,0.288,1.442,0.012
29500,5.000,0.288,1.442,0.012
29700,5.000,0.288,1.438,0.012
29900,5.000,0.290,1.450,0.012
30100,5.000,0.289,1.446,0.012
30300,5.000,0.289,1.446,0.012
30500,5.000,0.288,1.442,0.012
30700,5.000,0.288,1.442,0.012
30900,5.000,0.288,1.442,0.012
31100,5.000,0.289,1.442,0.012
31300,5.000,0.289,1.442,0.013
31500,5.000,0.288,1.438,0.013
31700,5.000,0.288,1.442,0.013
31900,5.000,0.288,1.442,0.013
32100,5.000,0.288,1.442,0.013
32300,5.000,0.288,1.438,0.013
32500,5.000,0.288,1.442,0.013
32700,5.000,0.288,1.442,0.013
32900,5.000,0.288,1.442,0.013
33100,5.000,0.289,1.442,0.013
33300,5.000,0.288,1.442,0.013
33500,5.000,0.288,1.442,0.013
33700,5.000,0.288,1.442,0.014
33900,5.000,0.288,1.442,0.014
34100,5.000,0.289,1.446,0.014
34300,5.000,0.289,1.446,0.014
34500,5.000,0.289,1.442,0.014
34700,5.000,0.289,1.442,0.014
34900,5.000,0.288,1.442,0.014
35100,5.000,0.288,1.442,0.014
35300,5.000,0.288,1.442,0.014
35500,5.000,0.288,1.442,0.014
35700,5.000,0.288,1.438,0.014
35900,5.000,0.288,1.438,0.014
36100,5.000,0.288,1.438,0.015
36300,5.000,0.288,1.442,0.015
36500,5.000,0.288,1.442,0.015
36700,5.000,0.289,1.442,0.015
36900,5.000,0.289,1.442,0.015
37100,5.000,0.288,1.442,0.015
37300,5.000,0.287,1.438,0.015
37500,5.000,0.287,1.438,0.015
37700,5.000,0.298,1.492,0.015
37900,5.000,0.298,1.492,0.015
38100,5.000,0.289,1.442,0.015
38300,5.000,0.288,1.442,0.015
38500,5.000,0.288,1.442,0.016
38700,5.000,0.288,1.442,0.016
38900,5.000,0.288,1.442,0.016
39100,5.000,0.288,1.442,0.016
39300,5.000,0.288,1.442,0.016
39500,5.000,0.288,1.438,0.016
39700,5.000,0.290,1.450,0.016
39900,5.000,0.289,1.446,0.016
40100,5.000,0.289,1.442,0.016
40300,5.000,0.289,1.442,0.016
40500,5.000,0.288,1.442,0.016
40700,5.000,0.289,1.446,0.016
40900,5.000,0.289,1.446,0.017
41100,5.000,0.289,1.446,0.017
41300,5.000,0.288,1.442,0.017
41500,5.000,0.288,1.442,0.017
41700,5.000,0.288,1.442,0.017
41900,5.000,0.289,1.442,0.017
42100,5.000,0.288,1.442,0.017
42300,5.000,0.288,1.438,0.017
42500,5.000,0.288,1.442,0.017
42700,5.000,0.288,1.442,0.017
42900,5.000,0.288,1.438,0.017
43100,5.000,0.288,1.442,0.017
43300,5.000,0.288,1.442,0.018
43500,5.000,0.288,1.442,0.018
43700,5.000,0.288,1.442,0.018
43900,5.000,0.288,1.442,0.018
44100,5.000,0.288,1.442,0.018
44300,5.000,0.288,1.438,0.018
44500,5.000,0.288,1.442,0.018
44700,5.000,0.288,1.438,0.018
44900,5.000,0.288,1.442,0.018
45100,5.000,0.288,1.442,0.018
45300,5.000,0.288,1.438,0.018
45500,5.000,0.288,1.442,0.018
45700,5.000,0.288,1.438,0.019
45900,5.000,0.288,1.438,0.019
46100,5.000,0.288,1.438,0.019
46300,5.000,0.289,1.446,0.019
46500,5.000,0.289,1.446,0.019
46700,5.000,0.289,1.446,0.019
46900,5.000,0.289,1.442,0.019
47100,5.000,0.288,1.442,0.019
47300,5.000,0.289,1.446,0.019
47500,5.000,0.289,1.446,0.019
47700,5.000,0.289,1.446,0.019
47900,5.000,0.288,1.442,0.019
48100,5.000,0.288,1.442,0.020
48300,5.000,0.288,1.442,0.020
48500,5.000,0.289,1.446,0.020
48700,5.000,0.288,1.442,0.020
48900,5.000,0.288,1.442,0.020
49100,5.000,0.288,1.442,0.020
49300,5.000,0.289,1.446,0.020
49500,5.000,0.289,1.442,0.020
49700,5.000,0.288,1.442,0.020
49900,5.000,0.288,1.442,0.020
50100,5.000,0.288,1.442,0.020
50300,5.000,0.288,1.442,0.020
50500,5.000,0.288,1.442,0.021
50700,5.000,0.288,1.442,0.021
50900,5.000,0.288,1.442,0.021
51100,5.000,0.288,1.438,0.021
51300,5.000,0.288,1.442,0.021
51500,5.000,0.288,1.442,0.021
51700,5.000,0.288,1.442,0.021
51900,5.000,0.288,1.442,0.021
52100,5.000,0.288,1.442,0.021
52300,5.000,0.288,1.442,0.021
52500,5.000,0.288,1.442,0.021
52700,5.000,0.288,1.442,0.021
52900,5.000,0.288,1.442,0.022
53100,5.000,0.288,1.442,0.022
53300,5.000,0.288,1.442,0.022
53500,5.000,0.289,1.446,0.022
53700,5.000,0.289,1.442,0.022
53900,5.000,0.289,1.446,0.022
54100,5.000,0.289,1.442,0.022
54300,5.000,0.289,1.442,0.022
54500,5.000,0.289,1.446,0.022
54700,5.000,0.289,1.442,0.022
54900,5.000,0.289,1.442,0.022
55100,5.000,0.288,1.442,0.022
55300,5.000,0.289,1.446,0.023
55500,5.000,0.288,1.442,0.023
55700,5.000,0.288,1.442,0.023
55900,5.000,0.288,1.442,0.023
56100,5.000,0.288,1.442,0.023
56300,5.000,0.288,1.442,0.023
56500,5.000,0.288,1.442,0.023
56700,5.000,0.288,1.442,0.023
56900,5.000,0.288,1.442,0.023
57100,5.000,0.288,1.442,0.023
57300,5.000,0.288,1.442,0.023
57500,5.000,0.288,1.442,0.023
57700,5.000,0.288,1.442,0.024
57900,5.000,0.289,1.442,0.024
58100,5.000,0.289,1.442,0.024
58300,5.000,0.288,1.442,0.024
58500,5.000,0.288,1.442,0.024
58700,5.000,0.289,1.442,0.024
58900,5.000,0.288,1.442,0.024
59100,5.000,0.288,1.442,0.024
59300,5.000,0.288,1.442,0.024
59500,5.000,0.288,1.442,0.024
59700,5.000,0.288,1.442,0.024
59900,5.000,0.288,1.442,0.024
60100,5.000,0.288,1.438,0.025
60300,5.000,0.289,1.442,0.025
60500,5.000,0.289,1.446,0.025
60700,5.000,0.289,1.446,0.025
60900,5.000,0.289,1.446,0.025
61100,5.000,0.289,1.442,0.025
61300,5.000,0.289,1.442,0.025
61500,5.000,0.289,1.442,0.025
61700,5.000,0.289,1.442,0.025
61900,5.000,0.289,1.446,0.025
62100,5.000,0.288,1.442,0.025
62300,5.000,0.288,1.442,0.025
62500,5.000,0.288,1.442,0.026
62700,5.000,0.288,1.442,0.026
62900,5.000,0.288,1.442,0.026
63100,5.000,0.288,1.442,0.026
63300,5.000,0.288,1.442,0.026
63500,5.000,0.289,1.446,0.026
63700,5.000,0.288,1.442,0.026
63900,5.000,0.288,1.442,0.026
64100,5.000,0.288,1.442,0.026
64300,5.000,0.288,1.442,0.026
64500,5.000,0.288,1.442,0.026
64700,5.000,0.289,1.442,0.026
64900,5.000,0.289,1.442,0.027
65100,5.000,0.288,1.442,0.027
65300,5.000,0.288,1.442,0.027
65500,5.000,0.290,1.454,0.027
65700,5.000,0.290,1.538,0.027
65900,5.000,0.308,1.538,0.027
66100,5.000,0.303,1.515,0.027
66300,5.000,0.289,1.446,0.027
66500,5.000,0.289,1.446,0.027
66700,5.000,0.289,1.442,0.027
66900,5.000,0.288,1.442,0.027
67100,5.000,0.288,1.442,0.028
67300,5.000,0.288,1.442,0.028
67500,5.000,0.289,1.446,0.028
67700,5.000,0.289,1.446,0.028
67900,5.000,0.288,1.442,0.028
68100,5.000,0.288,1.442,0.028
68300,5.000,0.288,1.442,0.028
68500,5.000,0.290,1.450,0.028
68700,5.000,0.289,1.446,0.028
68900,5.000,0.289,1.446,0.028
69100,5.000,0.289,1.442,0.028
69300,5.000,0.289,1.442,0.028
69500,5.000,0.289,1.446,0.029
69700,5.000,0.289,1.446,0.029
69900,5.000,0.288,1.442,0.029
70100,5.000,0.288,1.442,0.029
70300,5.000,0.288,1.442,0.029
70500,5.000,0.289,1.446,0.029
70700,5.000,0.289,1.446,0.029
70900,5.000,0.288,1.442,0.029
71100,5.000,0.288,1.442,0.029
71300,5.000,0.289,1.442,0.029
71500,5.000,0.289,1.442,0.029
71700,5.000,0.288,1.442,0.029
71900,5.000,0.288,1.442,0.030
72100,5.000,0.288,1.442,0.030
72300,5.000,0.288,1.442,0.030
72500,5.000,0.288,1.442,0.030
72700,5.000,0.289,1.442,0.030
72900,5.000,0.288,1.442,0.030
73100,5.000,0.288,1.442,0.030
73300,5.000,0.289,1.446,0.030
73500,5.000,0.289,1.446,0.030
73700,5.000,0.288,1.442,0.030
73900,5.000,0.288,1.442,0.030
74100,5.000,0.288,1.438,0.030
74300,5.000,0.289,1.442,0.031
74500,5.000,0.289,1.442,0.031
74700,5.000,0.288,1.442,0.031
74900,5.000,0.288,1.442,0.031
75100,5.000,0.288,1.442,0.031
75300,5.000,0.288,1.442,0.031
75500,5.000,0.288,1.442,0.031
75700,5.000,0.288,1.442,0.031
75900,5.000,0.288,1.442,0.031
76100,5.000,0.288,1.438,0.031
76300,5.000,0.288,1.438,0.031
76500,5.000,0.289,1.442,0.031
76700,5.000,0.288,1.442,0.032
76900,5.000,0.288,1.442,0.032
77100,5.000,0.289,1.442,0.032
77300,5.000,0.289,1.442,0.032
77500,5.000,0.289,1.442,0.032
77700,5.000,0.289,1.442,0.032
77900,5.000,0.289,1.442,0.032
78100,5.000,0.289,1.442,0.032
78300,5.000,0.288,1.442,0.032
78500,5.000,0.289,1.446,0.032
78700,5.000,0.289,1.446,0.032
78900,5.000,0.288,1.442,0.032
79100,5.000,0.288,1.442,0.033
79300,5.000,0.289,1.446,0.033
79500,5.000,0.289,1.442,0.033
79700,5.000,0.289,1.442,0.033
79900,5.000,0.289,1.446,0.033
80100,5.000,0.289,1.446,0.033
80300,5.000,0.289,1.446,0.033
80500,5.000,0.289,1.446,0.033
80700,5.000,0.289,1.442,0.033
80900,5.000,0.289,1.442,0.033
81100,5.000,0.288,1.442,0.033
81300,5.000,0.289,1.442,0.033
81500,5.000,0.289,1.442,0.034
81700,5.000,0.288,1.442,0.034
81900,5.000,0.288,1.442,0.034
82100,5.000,0.288,1.442,0.034
82300,5.000,0.288,1.442,0.034
82500,5.000,0.288,1.442,0.034
82700,5.000,0.289,1.446,0.034
82900,5.000,0.289,1.446,0.034
83100,5.000,0.288,1.442,0.034
83300,5.000,0.288,1.442,0.034
83500,5.000,0.288,1.442,0.034
83700,5.000,0.288,1.442,0.034
83900,5.000,0.288,1.442,0.035
84100,5.000,0.288,1.442,0.035
84300,5.000,0.288,1.442,0.035
84500,5.000,0.289,1.446,0.035
84700,5.000,0.289,1.446,0.035
84900,5.000,0.288,1.442,0.035
85100,5.000,0.288,1.442,0.035
85300,5.000,0.289,1.446,0.035
85500,5.000,0.289,1.446,0.035
85700,5.000,0.289,1.442,0.035
85900,5.000,0.289,1.446,0.035
86100,5.000,0.289,1.442,0.035
86300,5.000,0.289,1.442,0.036
86500,5.000,0.289,1.442,0.036
86700,5.000,0.289,1.442,0.036
86900,5.000,0.289,1.446,0.036
87100,5.000,0.289,1.446,0.036
87300,5.000,0.289,1.442,0.036
87500,5.000,0.289,1.442,0.036
87700,5.000,0.288,1.442,0.036
87900,5.000,0.288,1.442,0.036
88100,5.000,0.288,1.442,0.036
88300,5.000,0.288,1.442,0.036
88500,5.000,0.288,1.442,0.036
88700,5.000,0.288,1.442,0.037
88900,5.000,0.288,1.442,0.037
89100,5.000,0.288,1.442,0.037
89300,5.000,0.288,1.442,0.037
89500,5.000,0.288,1.442,0.037
89700,5.000,0.288,1.442,0.037
89900,5.000,0.288,1.442,0.037
90100,5.000,0.288,1.442,0.037
90300,5.000,0.288,1.442,0.037
90500,5.000,0.288,1.442,0.037
90700,5.000,0.288,1.442,0.037
90900,5.000,0.288,1.442,0.037
91100,5.000,0.288,1.442,0.038
91300,5.000,0.288,1.442,0.038
91500,5.000,0.288,1.442,0.038
91700,5.000,0.288,1.442,0.038
91900,5.000,0.288,1.438,0.038
92100,5.000,0.288,1.438,0.038
92300,5.000,0.289,1.442,0.038
92500,5.000,0.289,1.446,0.038
92700,5.000,0.289,1.446,0.038
92900,5.000,0.288,1.442,0.038
93100,5.000,0.288,1.442,0.038
93300,5.000,0.289,1.442,0.038
93500,5.000,0.289,1.446,0.039
93700,5.000,0.289,1.446,0.039
93900,5.000,0.288,1.442,0.039
94100,5.000,0.288,1.442,0.039
94300,5.000,0.289,1.446,0.039
94500,5.000,0.289,1.446,0.039
94700,5.000,0.288,1.438,0.039
94900,5.000,0.288,1.438,0.039
95100,5.000,0.288,1.438,0.039
95300,5.000,0.288,1.442,0.039
95500,5.000,0.288,1.442,0.039
95700,5.000,0.288,1.438,0.040
95900,5.000,0.288,1.438,0.040
96100,5.000,0.288,1.442,0.040
96300,5.000,0.288,1.442,0.040
96500,5.000,0.288,1.442,0.040
96700,5.000,0.288,1.442,0.040
96900,5.000,0.288,1.442,0.040
97100,5.000,0.288,1.442,0.040
97300,5.000,0.290,1.450,0.040
97500,5.000,0.289,1.442,0.040
97700,5.000,0.289,1.442,0.040
97900,5.000,0.289,1.442,0.040
98100,5.000,0.288,1.442,0.041
98300,5.000,0.289,1.446,0.041
98500,5.000,0.288,1.442,0.041
98700,5.000,0.288,1.442,0.041
98900,5.000,0.288,1.438,0.041
99100,5.000,0.289,1.446,0.041
99300,5.000,0.289,1.446,0.041
99500,5.000,0.289,1.446,0.041
99700,5.000,0.288,1.442,0.041
99900,5.000,0.288,1.442,0.041
100100,5.000,0.289,1.446,0.041
100300,5.000,0.289,1.446,0.041
100500,5.000,0.289,1.446,0.042
100700,5.000,0.289,1.442,0.042
100900,5.000,0.289,1.442,0.042
101100,5.000,0.289,1.442,0.042
101300,5.000,0.289,1.446,0.042
101500,5.000,0.288,1.442,0.042
101700,5.000,0.288,1.442,0.042
101900,5.000,0.288,1.442,0.042
102100,5.000,0.288,1.442,0.042
102300,5.000,0.288,1.442,0.042
102500,5.000,0.288,1.442,0.042
102700,5.000,0.288,1.442,0.042
102900,5.000,0.288,1.442,0.043
103100,5.000,0.288,1.442,0.043
103300,5.000,0.288,1.442,0.043
103500,5.000,0.288,1.442,0.043
103700,5.000,0.288,1.442,0.043
103900,5.000,0.290,1.450,0.043
104100,5.000,0.288,1.442,0.043
104300,5.000,0.289,1.442,0.043
104500,5.000,0.289,1.442,0.043
104700,5.000,0.289,1.442,0.043
104900,5.000,0.289,1.446,0.043
105100,5.000,0.289,1.446,0.043
105300,5.000,0.289,1.446,0.044
105500,5.000,0.288,1.442,0.044
105700,5.000,0.288,1.442,0.044
105900,5.000,0.288,1.442,0.044
106100,5.000,0.288,1.442,0.044
106300,5.000,0.289,1.446,0.044
106500,5.000,0.288,1.442,0.044
106700,5.000,0.289,1.446,0.044
106900,5.000,0.288,1.442,0.044
107100,5.000,0.288,1.442,0.044
107300,5.000,0.289,1.446,0.044
107500,5.000,0.289,1.442,0.044
107700,5.000,0.289,1.442,0.045
107900,5.000,0.288,1.442,0.045
108100,5.000,0.289,1.446,0.045
108300,5.000,0.288,1.438,0.045
108500,5.000,0.288,1.438,0.045
108700,5.000,0.288,1.442,0.045
108900,5.000,0.289,1.446,0.045
109100,5.000,0.288,1.442,0.045
109300,5.000,0.288,1.442,0.045
109500,5.000,0.288,1.442,0.045
109700,5.000,0.288,1.442,0.045
109900,5.000,0.288,1.442,0.045
110100,5.000,0.288,1.442,0.046
110300,5.000,0.288,1.438,0.046
110500,5.000,0.288,1.442,0.046
110700,5.000,0.288,1.442,0.046
110900,5.000,0.288,1.442,0.046
111100,5.000,0.288,1.442,0.046
111300,5.000,0.288,1.442,0.046
111500,5.000,0.289,1.442,0.046
111700,5.000,0.288,1.442,0.046
111900,5.000,0.288,1.442,0.046
112100,5.000,0.288,1.442,0.046
112300,5.000,0.288,1.442,0.046
112500,5.000,0.288,1.442,0.047
112700,5.000,0.288,1.442,0.047
112900,5.000,0.288,1.442,0.047
113100,5.000,0.289,1.446,0.047
113300,5.000,0.289,1.446,0.047
113500,5.000,0.289,1.442,0.047
113700,5.000,0.289,1.442,0.047
113900,5.000,0.288,1.442,0.047
114100,5.000,0.289,1.442,0.047
114300,5.000,0.289,1.442,0.047
114500,5.000,0.289,1.442,0.047
114700,5.000,0.289,1.442,0.047
114900,5.000,0.288,1.442,0.048
115100,5.000,0.288,1.442,0.048
115300,5.000,0.288,1.442,0.048
115500,5.000,0.288,1.442,0.048
115700,5.000,0.288,1.442,0.048
115900,5.000,0.288,1.442,0.048
116100,5.000,0.288,1.442,0.048
116300,5.000,0.289,1.450,0.048
116500,5.000,0.289,1.442,0.048
116700,5.000,0.288,1.442,0.048
116900,5.000,0.288,1.442,0.048
117100,5.000,0.288,1.442,0.048
117300,5.000,0.288,1.442,0.049
117500,5.000,0.288,1.442,0.049
117700,5.000,0.289,1.446,0.049
117900,5.000,0.288,1.438,0.049
118100,5.000,0.288,1.442,0.049
118300,5.000,0.289,1.446,0.049
118500,5.000,0.289,1.446,0.049
118700,5.000,0.288,1.442,0.049
118900,5.000,0.288,1.442,0.049
119100,5.000,0.288,1.442,0.049
119300,5.000,0.288,1.442,0.049
119500,5.000,0.288,1.442,0.049
119700,5.000,0.288,1.442,0.050
119900,5.000,0.288,1.442,0.050
120100,5.000,0.288,1.442,0.050
120300,5.000,0.289,1.442,0.050
120500,5.000,0.289,1.446,0.050
120700,5.000,0.288,1.442,0.050
120900,5.000,0.288,1.446,0.050
121100,5.000,0.289,1.446,0.050
121300,5.000,0.289,1.446,0.050
121500,5.000,0.289,1.446,0.050
121700,5.000,0.289,1.446,0.050
121900,5.000,0.288,1.442,0.050
122100,5.000,0.289,1.442,0.051
122300,5.000,0.288,1.442,0.051
122500,5.000,0.288,1.442,0.051
122700,5.000,0.288,1.442,0.051
122900,5.000,0.288,1.438,0.051
123100,5.000,0.289,1.446,0.051
123300,5.000,0.305,1.526,0.051
123500,5.000,0.305,1.526,0.051
123700,5.000,0.304,1.519,0.051
123900,5.000,0.288,1.442,0.051
124100,5.000,0.288,1.442,0.051
124300,5.000,0.288,1.442,0.051
124500,5.000,0.288,1.442,0.052
124700,5.000,0.288,1.442,0.052
124900,5.000,0.288,1.442,0.052
125100,5.000,0.288,1.442,0.052
125300,5.000,0.289,1.442,0.052
125500,5.000,0.288,1.442,0.052
125700,5.000,0.288,1.442,0.052
125900,5.000,0.288,1.442,0.052
126100,5.000,0.288,1.438,0.052
126300,5.000,0.288,1.442,0.052
126500,5.000,0.288,1.442,0.052
126700,5.000,0.288,1.442,0.052
126900,5.000,0.288,1.442,0.053
127100,5.000,0.288,1.442,0.053
127300,5.000,0.289,1.446,0.053
127500,5.000,0.289,1.446,0.053
127700,5.000,0.289,1.446,0.053
127900,5.000,0.289,1.446,0.053
128100,5.000,0.289,1.446,0.053
128300,5.000,0.289,1.446,0.053
128500,5.000,0.289,1.442,0.053
128700,5.000,0.289,1.442,0.053
128900,5.000,0.288,1.442,0.053
129100,5.000,0.288,1.442,0.053
129300,5.000,0.288,1.442,0.054
129500,5.000,0.289,1.442,0.054
129700,5.000,0.288,1.442,0.054
129900,5.000,0.288,1.442,0.054
130100,5.000,0.288,1.442,0.054
130300,5.000,0.288,1.442,0.054
130500,5.000,0.288,1.438,0.054
130700,5.000,0.289,1.446,0.054
130900,5.000,0.289,1.446,0.054
131100,5.000,0.288,1.442,0.054
131300,5.000,0.288,1.442,0.054
131500,5.000,0.288,1.442,0.054
131700,5.000,0.288,1.442,0.055
131900,5.000,0.289,1.442,0.055
132100,5.000,0.288,1.442,0.055
132300,5.000,0.289,1.446,0.055
132500,5.000,0.289,1.446,0.055
132700,5.000,0.289,1.446,0.055
132900,5.000,0.289,1.446,0.055
133100,5.000,0.289,1.442,0.055
133300,5.000,0.289,1.442,0.055
133500,5.000,0.288,1.442,0.055
133700,5.000,0.289,1.442,0.055
133900,5.000,0.289,1.442,0.055
134100,5.000,0.288,1.442,0.056
134300,5.000,0.288,1.442,0.056
134500,5.000,0.288,1.442,0.056
134700,5.000,0.288,1.442,0.056
134900,5.000,0.288,1.442,0.056
135100,5.000,0.288,1.442,0.056
135300,5.000,0.288,1.442,0.056
135500,5.000,0.289,1.446,0.056
135700,5.000,0.289,1.446,0.056
135900,5.000,0.288,1.442,0.056
136100,5.000,0.288,1.438,0.056
136300,5.000,0.288,1.438,0.056
136500,5.000,0.288,1.442,0.057
136700,5.000,0.288,1.442,0.057
136900,5.000,0.288,1.442,0.057
137100,5.000,0.288,1.438,0.057
137300,5.000,0.289,1.442,0.057
137500,5.000,0.289,1.442,0.057
137700,5.000,0.288,1.442,0.057
137900,5.000,0.288,1.442,0.057
138100,5.000,0.288,1.442,0.057
138300,5.000,0.288,1.442,0.057
138500,5.000,0.288,1.442,0.057
138700,5.000,0.289,1.446,0.058
138900,5.000,0.288,1.442,0.058
139100,5.000,0.288,1.442,0.058
139300,5.000,0.288,1.442,0.058
139500,5.000,0.288,1.442,0.058
139700,5.000,0.289,1.442,0.058
139900,5.000,0.289,1.442,0.058
140100,5.000,0.288,1.442,0.058
140300,5.000,0.288,1.442,0.058
140500,5.000,0.289,1.442,0.058
140700,5.000,0.289,1.442,0.058
140900,5.000,0.288,1.442,0.058
141100,5.000,0.288,1.442,0.059
141300,5.000,0.288,1.442,0.059
141500,5.000,0.288,1.442,0.059
141700,5.000,0.288,1.442,0.059
141900,5.000,0.288,1.442,0.059
142100,5.000,0.290,1.450,0.059
142300,5.000,0.290,1.450,0.059
142500,5.000,0.289,1.442,0.059
142700,5.000,0.289,1.442,0.059
142900,5.000,0.288,1.438,0.059
143100,5.000,0.288,1.438,0.059
143300,5.000,0.288,1.442,0.059
143500,5.000,0.289,1.442,0.060
143700,5.000,0.288,1.442,0.060
143900,5.000,0.288,1.442,0.060
144100,5.000,0.288,1.442,0.060
144300,5.000,0.288,1.442,0.060
144500,5.000,0.288,1.442,0.060
144700,5.000,0.288,1.442,0.060
144900,5.000,0.288,1.442,0.060
145100,5.000,0.288,1.442,0.060
145300,5.000,0.289,1.446,0.060
145500,5.000,0.289,1.446,0.060
145700,5.000,0.288,1.442,0.060
145900,5.000,0.288,1.438,0.061
146100,5.000,0.289,1.446,0.061
146300,5.000,0.289,1.442,0.061
146500,5.000,0.289,1.442,0.061
146700,5.000,0.288,1.442,0.061
146900,5.000,0.288,1.442,0.061
147100,5.000,0.288,1.442,0.061
147300,5.000,0.288,1.442,0.061
147500,5.000,0.289,1.442,0.061
147700,5.000,0.289,1.442,0.061
147900,5.000,0.289,1.446,0.061
148100,5.000,0.289,1.442,0.061
148300,5.000,0.289,1.442,0.062
148500,5.000,0.288,1.442,0.062
148700,5.000,0.289,1.442,0.062
148900,5.000,0.289,1.442,0.062
149100,5.000,0.288,1.442,0.062
149300,5.000,0.289,1.446,0.062
149500,5.000,0.289,1.442,0.062
149700,5.000,0.289,1.442,0.062
149900,5.000,0.288,1.442,0.062
150100,5.000,0.289,1.446,0.062
150300,5.000,0.288,1.442,0.062
150500,5.000,0.288,1.442,0.062
150700,5.000,0.288,1.442,0.063
150900,5.000,0.288,1.442,0.063
151100,5.000,0.288,1.442,0.063
151300,5.000,0.288,1.442,0.063
151500,5.000,0.288,1.442,0.063
151700,5.000,0.288,1.442,0.063
151900,5.000,0.289,1.442,0.063
152100,5.000,0.289,1.442,0.063
152300,5.000,0.288,1.442,0.063
152500,5.000,0.288,1.442,0.063
152700,5.000,0.288,1.442,0.063
152900,5.000,0.289,1.446,0.063
153100,5.000,0.289,1.446,0.064
153300,5.000,0.288,1.442,0.064
153500,5.000,0.288,1.442,0.064
153700,5.000,0.289,1.442,0.064
153900,5.000,0.289,1.442,0.064
154100,5.000,0.289,1.442,0.064
154300,5.000,0.288,1.442,0.064
154500,5.000,0.288,1.446,0.064
154700,5.000,0.289,1.446,0.064
154900,5.000,0.289,1.446,0.064
155100,5.000,0.289,1.446,0.064
155300,5.000,0.288,1.442,0.064
155500,5.000,0.288,1.442,0.065
155700,5.000,0.288,1.442,0.065
155900,5.000,0.289,1.446,0.065
156100,5.000,0.288,1.442,0.065
156300,5.000,0.288,1.442,0.065
156500,5.000,0.288,1.442,0.065
156700,5.000,0.288,1.442,0.065
156900,5.000,0.289,1.442,0.065
157100,5.000,0.288,1.442,0.065
157300,5.000,0.288,1.442,0.065
157500,5.000,0.288,1.442,0.065
157700,5.000,0.288,1.442,0.065
157900,5.000,0.288,1.442,0.066
158100,5.000,0.288,1.442,0.066
158300,5.000,0.288,1.438,0.066
158500,5.000,0.288,1.442,0.066
158700,5.000,0.288,1.442,0.066
158900,5.000,0.288,1.442,0.066
159100,5.000,0.288,1.442,0.066
159300,5.000,0.288,1.438,0.066
159500,5.000,0.288,1.442,0.066
159700,5.000,0.288,1.442,0.066
159900,5.000,0.288,1.442,0.066
160100,5.000,0.288,1.442,0.066
160300,5.000,0.288,1.442,0.067
160500,5.000,0.288,1.442,0.067
160700,5.000,0.288,1.442,0.067
160900,5.000,0.288,1.442,0.067
161100,5.000,0.288,1.442,0.067
161300,5.000,0.288,1.442,0.067
161500,5.000,0.290,1.450,0.067
161700,5.000,0.289,1.446,0.067
161900,5.000,0.289,1.442,0.067
162100,5.000,0.288,1.442,0.067
162300,5.000,0.288,1.442,0.067
162500,5.000,0.289,1.446,0.067
162700,5.000,0.289,1.446,0.068
162900,5.000,0.289,1.446,0.068
163100,5.000,0.288,1.442,0.068
163300,5.000,0.288,1.442,0.068
163500,5.000,0.288,1.438,0.068
163700,5.000,0.288,1.438,0.068
163900,5.000,0.288,1.442,0.068
164100,5.000,0.288,1.438,0.068
164300,5.000,0.289,1.446,0.068
164500,5.000,0.288,1.442,0.068
164700,5.000,0.288,1.442,0.068
164900,5.000,0.288,1.442,0.068
165100,5.000,0.288,1.442,0.069
165300,5.000,0.288,1.442,0.069
165500,5.000,0.288,1.442,0.069
165700,5.000,0.288,1.442,0.069
165900,5.000,0.288,1.442,0.069
166100,5.000,0.288,1.442,0.069
166300,5.000,0.289,1.442,0.069
166500,5.000,0.288,1.442,0.069
166700,5.000,0.289,1.442,0.069
166900,5.000,0.288,1.442,0.069
167100,5.000,0.288,1.442,0.069
167300,5.000,0.288,1.442,0.069
167500,5.000,0.288,1.442,0.070
167700,5.000,0.288,1.442,0.070
167900,5.000,0.288,1.442,0.070
168100,5.000,0.288,1.442,0.070
168300,5.000,0.288,1.442,0.070
168500,5.000,0.288,1.442,0.070
168700,5.000,0.288,1.442,0.070
168900,5.000,0.288,1.442,0.070
169100,5.000,0.289,1.446,0.070
169300,5.000,0.289,1.442,0.070
169500,5.000,0.289,1.442,0.070
169700,5.000,0.288,1.442,0.070
169900,5.000,0.289,1.446,0.071
170100,5.000,0.288,1.442,0.071
170300,5.000,0.288,1.442,0.071
170500,5.000,0.288,1.442,0.071
170700,5.000,0.288,1.442,0.071
170900,5.000,0.288,1.442,0.071
171100,5.000,0.288,1.438,0.071
171300,5.000,0.288,1.438,0.071
171500,5.000,0.288,1.442,0.071
171700,5.000,0.288,1.442,0.071
171900,5.000,0.288,1.442,0.071
172100,5.000,0.288,1.442,0.071
172300,5.000,0.289,1.442,0.072
172500,5.000,0.288,1.442,0.072
172700,5.000,0.288,1.442,0.072
172900,5.000,0.289,1.442,0.072
173100,5.000,0.289,1.442,0.072
173300,5.000,0.289,1.446,0.072
173500,5.000,0.288,1.442,0.072
173700,5.000,0.288,1.442,0.072
173900,5.000,0.289,1.442,0.072
174100,5.000,0.289,1.446,0.072
174300,5.000,0.288,1.442,0.072
174500,5.000,0.288,1.442,0.072
174700,5.000,0.288,1.442,0.073
174900,5.000,0.289,1.446,0.073
175100,5.000,0.289,1.446,0.073
175300,5.000,0.289,1.446,0.073
175500,5.000,0.288,1.442,0.073
175700,5.000,0.288,1.442,0.073
175900,5.000,0.288,1.442,0.073
176100,5.000,0.288,1.438,0.073
176300,5.000,0.288,1.438,0.073
176500,5.000,0.288,1.442,0.073
176700,5.000,0.289,1.446,0.073
176900,5.000,0.289,1.446,0.073
177100,5.000,0.289,1.442,0.074
177300,5.000,0.288,1.442,0.074
177500,5.000,0.288,1.442,0.074
177700,5.000,0.288,1.442,0.074
177900,5.000,0.288,1.442,0.074
178100,5.000,0.288,1.442,0.074
178300,5.000,0.288,1.442,0.074
178500,5.000,0.288,1.442,0.074
178700,5.000,0.288,1.442,0.074
178900,5.000,0.288,1.442,0.074
179100,5.000,0.288,1.442,0.074
179300,5.000,0.288,1.442,0.074
179500,5.000,0.288,1.442,0.075
179700,5.000,0.288,1.442,0.075
179900,5.000,0.289,1.442,0.075
180100,5.000,0.289,1.442,0.075
180300,5.000,0.289,1.442,0.075
180500,5.000,0.288,1.442,0.075
180700,5.000,0.291,1.454,0.075
180900,5.000,0.304,1.522,0.075
181100,5.000,0.304,1.522,0.075
181300,5.000,0.307,1.534,0.075
181500,5.000,0.289,1.446,0.075
181700,5.000,0.289,1.446,0.075
181900,5.000,0.289,1.446,0.076
182100,5.000,0.288,1.442,0.076
182300,5.000,0.288,1.442,0.076
182500,5.000,0.289,1.446,0.076
182700,5.000,0.288,1.442,0.076
182900,5.000,0.288,1.442,0.076
183100,5.000,0.288,1.442,0.076
183300,5.000,0.289,1.442,0.076
183500,5.000,0.289,1.442,0.076
183700,5.000,0.290,1.454,0.076
183900,5.000,0.289,1.446,0.076
184100,5.000,0.288,1.442,0.076
184300,5.000,0.288,1.442,0.077
184500,5.000,0.288,1.442,0.077
184700,5.000,0.288,1.442,0.077
184900,5.000,0.288,1.442,0.077
185100,5.000,0.288,1.442,0.077
185300,5.000,0.288,1.442,0.077
185500,5.000,0.288,1.442,0.077
185700,5.000,0.288,1.442,0.077
185900,5.000,0.288,1.442,0.077
186100,5.000,0.288,1.442,0.077
186300,5.000,0.288,1.442,0.077
186500,5.000,0.288,1.442,0.077
186700,5.000,0.288,1.442,0.078
186900,5.000,0.288,1.442,0.078
187100,5.000,0.288,1.442,0.078
187300,5.000,0.288,1.442,0.078
187500,5.000,0.289,1.446,0.078
187700,5.000,0.289,1.446,0.078
187900,5.000,0.288,1.442,0.078
188100,5.000,0.288,1.442,0.078
188300,5.000,0.289,1.446,0.078
188500,5.000,0.289,1.446,0.078
188700,5.000,0.289,1.442,0.078
188900,5.000,0.289,1.442,0.078
189100,5.000,0.289,1.442,0.079
189300,5.000,0.288,1.442,0.079
189500,5.000,0.288,1.442,0.079
189700,5.000,0.289,1.442,0.079
189900,5.000,0.288,1.442,0.079
190100,5.000,0.288,1.442,0.079
190300,5.000,0.289,1.442,0.079
190500,5.000,0.289,1.446,0.079
190700,5.000,0.289,1.442,0.079
190900,5.000,0.289,1.442,0.079
191100,5.000,0.288,1.442,0.079
191300,5.000,0.288,1.438,0.080
191500,5.000,0.288,1.442,0.080
191700,5.000,0.288,1.438,0.080
191900,5.000,0.288,1.438,0.080
192100,5.000,0.288,1.442,0.080
192300,5.000,0.288,1.438,0.080
192500,5.000,0.288,1.442,0.080
192700,5.000,0.288,1.442,0.080
192900,5.000,0.288,1.438,0.080
193100,5.000,0.288,1.442,0.080
193300,5.000,0.288,1.442,0.080
193500,5.000,0.289,1.442,0.080
193700,5.000,0.288,1.442,0.081
193900,5.000,0.289,1.442,0.081
194100,5.000,0.288,1.442,0.081
194300,5.000,0.288,1.442,0.081
194500,5.000,0.289,1.442,0.081
194700,5.000,0.289,1.446,0.081
194900,5.000,0.289,1.446,0.081
195100,5.000,0.289,1.446,0.081
195300,5.000,0.288,1.442,0.081
195500,5.000,0.288,1.442,0.081
195700,5.000,0.289,1.446,0.081
195900,5.000,0.289,1.446,0.081
196100,5.000,0.288,1.442,0.082
196300,5.000,0.289,1.446,0.082
196500,5.000,0.288,1.442,0.082
196700,5.000,0.288,1.442,0.082
196900,5.000,0.288,1.442,0.082
197100,5.000,0.288,1.442,0.082
197300,5.000,0.289,1.446,0.082
197500,5.000,0.289,1.446,0.082
197700,5.000,0.289,1.442,0.082
197900,5.000,0.289,1.446,0.082
198100,5.000,0.288,1.442,0.082
198300,5.000,0.288,1.442,0.082
198500,5.000,0.288,1.442,0.083
198700,5.000,0.288,1.442,0.083
198900,5.000,0.288,1.442,0.083
199100,5.000,0.288,1.442,0.083
199300,5.000,0.288,1.442,0.083
199500,5.000,0.288,1.438,0.083
199700,5.000,0.289,1.442,0.083
199900,5.000,0.289,1.442,0.083
200100,5.000,0.288,1.442,0.083
200300,5.000,0.288,1.442,0.083
200500,5.000,0.288,1.442,0.083
200700,5.000,0.288,1.442,0.083
200900,5.000,0.289,1.446,0.084
201100,5.000,0.289,1.442,0.084
201300,5.000,0.289,1.442,0.084
201500,5.000,0.289,1.442,0.084
201700,5.000,0.289,1.442,0.084
201900,5.000,0.288,1.442,0.084
202100,5.000,0.289,1.446,0.084
202300,5.000,0.288,1.442,0.084
202500,5.000,0.288,1.442,0.084
202700,5.000,0.288,1.442,0.084
202900,5.000,0.289,1.446,0.084
203100,5.000,0.289,1.442,0.084
203300,5.000,0.288,1.442,0.085
203500,5.000,0.288,1.442,0.085
203700,5.000,0.288,1.442,0.085
203900,5.000,0.288,1.442,0.085
204100,5.000,0.288,1.442,0.085
204300,5.000,0.288,1.442,0.085
204500,5.000,0.289,1.442,0.085
204700,5.000,0.289,1.442,0.085
204900,5.000,0.289,1.442,0.085
205100,5.000,0.288,1.442,0.085
205300,5.000,0.288,1.442,0.085
205500,5.000,0.288,1.442,0.085
205700,5.000,0.289,1.442,0.086
205900,5.000,0.289,1.442,0.086
206100,5.000,0.288,1.442,0.086
206300,5.000,0.288,1.438,0.086
206500,5.000,0.288,1.438,0.086
206700,5.000,0.288,1.438,0.086
206900,5.000,0.289,1.442,0.086
207100,5.000,0.288,1.442,0.086
207300,5.000,0.288,1.442,0.086
207500,5.000,0.289,1.442,0.086
207700,5.000,0.288,1.442,0.086
207900,5.000,0.289,1.442,0.086
208100,5.000,0.289,1.442,0.087
208300,5.000,0.289,1.442,0.087
208500,5.000,0.288,1.442,0.087
208700,5.000,0.289,1.446,0.087
208900,5.000,0.289,1.442,0.087
209100,5.000,0.289,1.442,0.087
209300,5.000,0.288,1.442,0.087
209500,5.000,0.288,1.442,0.087
209700,5.000,0.289,1.442,0.087
209900,5.000,0.289,1.442,0.087
210100,5.000,0.288,1.442,0.087
210300,5.000,0.289,1.442,0.087
210500,5.000,0.288,1.438,0.088
210700,5.000,0.288,1.438,0.088
210900,5.000,0.288,1.442,0.088
211100,5.000,0.288,1.442,0.088
211300,5.000,0.289,1.446,0.088
211500,5.000,0.289,1.446,0.088
211700,5.000,0.288,1.442,0.088
211900,5.000,0.288,1.442,0.088
212100,5.000,0.288,1.442,0.088
212300,5.000,0.288,1.442,0.088
212500,5.000,0.288,1.442,0.088
212700,5.000,0.288,1.442,0.088
212900,5.000,0.288,1.442,0.089
213100,5.000,0.288,1.442,0.089
213300,5.000,0.288,1.442,0.089
213500,5.000,0.288,1.442,0.089
213700,5.000,0.288,1.438,0.089
213900,5.000,0.288,1.438,0.089
214100,5.000,0.288,1.442,0.089
214300,5.000,0.289,1.442,0.089
214500,5.000,0.288,1.442,0.089
214700,5.000,0.288,1.442,0.089
214900,5.000,0.288,1.442,0.089
215100,5.000,0.288,1.442,0.089
215300,5.000,0.288,1.442,0.090
215500,5.000,0.288,1.442,0.090
215700,5.000,0.288,1.442,0.090
215900,5.000,0.289,1.442,0.090
216100,5.000,0.289,1.446,0.090
216300,5.000,0.288,1.442,0.090
216500,5.000,0.288,1.442,0.090
216700,5.000,0.288,1.442,0.090
216900,5.000,0.289,1.446,0.090
217100,5.000,0.291,1.454,0.090
217300,5.000,0.288,1.438,0.090
217500,5.000,0.288,1.438,0.090
217700,5.000,0.288,1.442,0.091
217900,5.000,0.289,1.442,0.091
218100,5.000,0.289,1.442,0.091
218300,5.000,0.288,1.442,0.091
218500,5.000,0.289,1.446,0.091
218700,5.000,0.288,1.442,0.091
218900,5.000,0.288,1.442,0.091
219100,5.000,0.290,1.450,0.091
219300,5.000,0.288,1.442,0.091
219500,5.000,0.288,1.438,0.091
219700,5.000,0.288,1.442,0.091
219900,5.000,0.288,1.442,0.091
220100,5.000,0.288,1.442,0.092
220300,5.000,0.288,1.442,0.092
220500,5.000,0.288,1.442,0.092
220700,5.000,0.288,1.442,0.092
220900,5.000,0.288,1.442,0.092
221100,5.000,0.288,1.442,0.092
221300,5.000,0.288,1.442,0.092
221500,5.000,0.288,1.442,0.092
221700,5.000,0.288,1.442,0.092
221900,5.000,0.289,1.446,0.092
222100,5.000,0.288,1.442,0.092
222300,5.000,0.288,1.442,0.092
222500,5.000,0.288,1.442,0.093
222700,5.000,0.289,1.446,0.093
222900,5.000,0.288,1.442,0.093
223100,5.000,0.288,1.442,0.093
223300,5.000,0.288,1.442,0.093
223500,5.000,0.288,1.442,0.093
223700,5.000,0.288,1.442,0.093
223900,5.000,0.289,1.442,0.093
224100,5.000,0.289,1.442,0.093
224300,5.000,0.288,1.442,0.093
224500,5.000,0.288,1.442,0.093
224700,5.000,0.288,1.442,0.093
224900,5.000,0.289,1.442,0.094
225100,5.000,0.289,1.446,0.094
225300,5.000,0.288,1.442,0.094
225500,5.000,0.288,1.442,0.094
225700,5.000,0.288,1.442,0.094
225900,5.000,0.288,1.442,0.094
226100,5.000,0.288,1.442,0.094
226300,5.000,0.288,1.438,0.094
226500,5.000,0.288,1.438,0.094
226700,5.000,0.288,1.442,0.094
226900,5.000,0.288,1.438,0.094
227100,5.000,0.288,1.442,0.094
227300,5.000,0.288,1.442,0.095
227500,5.000,0.288,1.438,0.095
227700,5.000,0.288,1.442,0.095
227900,5.000,0.288,1.442,0.095
228100,5.000,0.289,1.446,0.095
228300,5.000,0.288,1.442,0.095
228500,5.000,0.289,1.442,0.095
228700,5.000,0.289,1.442,0.095
228900,5.000,0.289,1.442,0.095
229100,5.000,0.288,1.442,0.095
229300,5.000,0.288,1.442,0.095
229500,5.000,0.289,1.442,0.095
229700,5.000,0.289,1.442,0.096
229900,5.000,0.288,1.442,0.096
230100,5.000,0.288,1.442,0.096
230300,5.000,0.288,1.442,0.096
230500,5.000,0.288,1.442,0.096
230700,5.000,0.288,1.442,0.096
230900,5.000,0.289,1.442,0.096
231100,5.000,0.288,1.442,0.096
231300,5.000,0.288,1.442,0.096
231500,5.000,0.288,1.442,0.096
231700,5.000,0.289,1.442,0.096
231900,5.000,0.288,1.442,0.096
232100,5.000,0.288,1.442,0.097
232300,5.000,0.288,1.442,0.097
232500,5.000,0.288,1.442,0.097
232700,5.000,0.288,1.438,0.097
232900,5.000,0.288,1.438,0.097
233100,5.000,0.288,1.442,0.097
233300,5.000,0.288,1.442,0.097
233500,5.000,0.288,1.442,0.097
233700,5.000,0.288,1.442,0.097
233900,5.000,0.288,1.442,0.097
234100,5.000,0.288,1.438,0.097
234300,5.000,0.288,1.442,0.097
234500,5.000,0.288,1.442,0.098
234700,5.000,0.288,1.438,0.098
234900,5.000,0.288,1.442,0.098
235100,5.000,0.288,1.442,0.098
235300,5.000,0.289,1.446,0.098
235500,5.000,0.289,1.446,0.098
235700,5.000,0.288,1.442,0.098
235900,5.000,0.289,1.442,0.098
236100,5.000,0.289,1.442,0.098
236300,5.000,0.289,1.442,0.098
236500,5.000,0.289,1.442,0.098
236700,5.000,0.289,1.442,0.099
236900,5.000,0.288,1.442,0.099
237100,5.000,0.288,1.442,0.099
237300,5.000,0.288,1.442,0.099
237500,5.000,0.289,1.442,0.099
237700,5.000,0.288,1.438,0.099
237900,5.000,0.288,1.438,0.099
238100,5.000,0.288,1.438,0.099
238300,5.000,0.289,1.442,0.099
238500,5.000,0.301,1.507,0.099
238700,5.000,0.301,1.507,0.099
238900,5.000,0.308,1.542,0.099
239100,5.000,0.289,1.446,0.100
239300,5.000,0.288,1.442,0.100
239500,5.000,0.288,1.442,0.100
239700,5.000,0.288,1.438,0.100
239900,5.000,0.288,1.442,0.100
240100,5.000,0.288,1.442,0.100
240300,5.000,0.288,1.442,0.100
240500,5.000,0.288,1.442,0.100
240700,5.000,0.288,1.442,0.100
240900,5.000,0.288,1.438,0.100
241100,5.000,0.288,1.442,0.100
241300,5.000,0.288,1.442,0.100
241500,5.000,0.288,1.442,0.101
241700,5.000,0.288,1.442,0.101
241900,5.000,0.288,1.442,0.101
242100,5.000,0.289,1.446,0.101
242300,5.000,0.288,1.442,0.101
242500,5.000,0.288,1.442,0.101
242700,5.000,0.288,1.442,0.101
242900,5.000,0.288,1.442,0.101
243100,5.000,0.289,1.442,0.101
243300,5.000,0.289,1.446,0.101
243500,5.000,0.288,1.442,0.101
243700,5.000,0.288,1.442,0.101
243900,5.000,0.289,1.446,0.102
244100,5.000,0.288,1.442,0.102
244300,5.000,0.288,1.442,0.102
244500,5.000,0.288,1.442,0.102
244700,5.000,0.288,1.442,0.102
244900,5.000,0.288,1.442,0.102
245100,5.000,0.288,1.442,0.102
245300,5.000,0.288,1.442,0.102
245500,5.000,0.288,1.442,0.102
245700,5.000,0.289,1.442,0.102
245900,5.000,0.289,1.446,0.102
246100,5.000,0.289,1.446,0.102
246300,5.000,0.288,1.442,0.103
246500,5.000,0.288,1.442,0.103
246700,5.000,0.288,1.442,0.103
246900,5.000,0.288,1.442,0.103
247100,5.000,0.288,1.442,0.103
247300,5.000,0.289,1.442,0.103
247500,5.000,0.288,1.442,0.103
247700,5.000,0.289,1.442,0.103
247900,5.000,0.289,1.442,0.103
248100,5.000,0.288,1.442,0.103
248300,5.000,0.288,1.438,0.103
248500,5.000,0.288,1.438,0.103
248700,5.000,0.288,1.442,0.104
248900,5.000,0.289,1.442,0.104
249100,5.000,0.289,1.442,0.104
249300,5.000,0.288,1.442,0.104
249500,5.000,0.288,1.442,0.104
249700,5.000,0.289,1.442,0.104
249900,5.000,0.289,1.442,0.104
250100,5.000,0.289,1.442,0.104
250300,5.000,0.289,1.442,0.104
250500,5.000,0.288,1.442,0.104
250700,5.000,0.291,1.458,0.104
250900,5.000,0.288,1.442,0.104
251100,5.000,0.288,1.442,0.105
251300,5.000,0.288,1.442,0.105
251500,5.000,0.288,1.442,0.105
251700,5.000,0.288,1.442,0.105
251900,5.000,0.288,1.442,0.105
252100,5.000,0.288,1.442,0.105
252300,5.000,0.289,1.446,0.105
252500,5.000,0.288,1.442,0.105
252700,5.000,0.288,1.442,0.105
252900,5.000,0.289,1.442,0.105
253100,5.000,0.288,1.442,0.105
253300,5.000,0.288,1.442,0.105
253500,5.000,0.288,1.442,0.106
253700,5.000,0.288,1.438,0.106
253900,5.000,0.288,1.442,0.106
254100,5.000,0.288,1.438,0.106
254300,5.000,0.288,1.442,0.106
254500,5.000,0.288,1.442,0.106
254700,5.000,0.288,1.442,0.106
254900,5.000,0.288,1.442,0.106
255100,5.000,0.288,1.442,0.106
255300,5.000,0.288,1.442,0.106
255500,5.000,0.288,1.442,0.106
255700,5.000,0.288,1.442,0.106
255900,5.000,0.288,1.442,0.107
256100,5.000,0.289,1.446,0.107
256300,5.000,0.288,1.442,0.107
256500,5.000,0.288,1.442,0.107
256700,5.000,0.288,1.442,0.107
256900,5.000,0.288,1.442,0.107
257100,5.000,0.288,1.442,0.107
257300,5.000,0.290,1.450,0.107
257500,5.000,0.289,1.442,0.107
257700,5.000,0.289,1.442,0.107
257900,5.000,0.288,1.442,0.107
258100,5.000,0.288,1.442,0.107
258300,5.000,0.289,1.442,0.108
258500,5.000,0.288,1.442,0.108
258700,5.000,0.288,1.442,0.108
258900,5.000,0.288,1.442,0.108
259100,5.000,0.288,1.442,0.108
259300,5.000,0.288,1.442,0.108
259500,5.000,0.288,1.442,0.108
259700,5.000,0.288,1.442,0.108
259900,5.000,0.288,1.442,0.108
260100,5.000,0.288,1.442,0.108
260300,5.000,0.288,1.442,0.108
260500,5.000,0.288,1.438,0.108
260700,5.000,0.288,1.442,0.109
260900,5.000,0.288,1.442,0.109
261100,5.000,0.288,1.442,0.109
261300,5.000,0.288,1.438,0.109
261500,5.000,0.288,1.442,0.109
261700,5.000,0.288,1.442,0.109
261900,5.000,0.288,1.442,0.109
262100,5.000,0.288,1.438,0.109
262300,5.000,0.288,1.442,0.109
262500,5.000,0.288,1.442,0.109
262700,5.000,0.289,1.442,0.109
262900,5.000,0.288,1.442,0.109
263100,5.000,0.289,1.442,0.110
263300,5.000,0.288,1.442,0.110
263500,5.000,0.288,1.442,0.110
263700,5.000,0.288,1.442,0.110
263900,5.000,0.288,1.442,0.110
264100,5.000,0.289,1.446,0.110
264300,5.000,0.289,1.446,0.110
264500,5.000,0.288,1.442,0.110
264700,5.000,0.288,1.442,0.110
264900,5.000,0.288,1.442,0.110
265100,5.000,0.288,1.442,0.110
265300,5.000,0.289,1.446,0.110
265500,5.000,0.289,1.442,0.111
265700,5.000,0.288,1.438,0.111
265900,5.000,0.288,1.442,0.111
266100,5.000,0.288,1.442,0.111
266300,5.000,0.288,1.442,0.111
266500,5.000,0.288,1.442,0.111
266700,5.000,0.288,1.442,0.111
266900,5.000,0.288,1.438,0.111
267100,5.000,0.289,1.442,0.111
267300,5.000,0.288,1.442,0.111
267500,5.000,0.288,1.438,0.111
267700,5.000,0.288,1.438,0.111
267900,5.000,0.288,1.442,0.112
268100,5.000,0.288,1.442,0.112
268300,5.000,0.288,1.442,0.112
268500,5.000,0.288,1.442,0.112
268700,5.000,0.288,1.438,0.112
268900,5.000,0.288,1.438,0.112
269100,5.000,0.288,1.438,0.112
269300,5.000,0.288,1.442,0.112
269500,5.000,0.288,1.442,0.112
269700,5.000,0.289,1.446,0.112
269900,5.000,0.289,1.446,0.112
270100,5.000,0.289,1.446,0.112
270300,5.000,0.289,1.446,0.113
270500,5.000,0.289,1.442,0.113
270700,5.000,0.288,1.442,0.113
270900,5.000,0.288,1.442,0.113
271100,5.000,0.289,1.442,0.113
271300,5.000,0.289,1.446,0.113
271500,5.000,0.288,1.442,0.113
271700,5.000,0.288,1.442,0.113
271900,5.000,0.288,1.438,0.113
272100,5.000,0.289,1.446,0.113
272300,5.000,0.288,1.442,0.113
272500,5.000,0.288,1.442,0.114
272700,5.000,0.288,1.442,0.114
272900,5.000,0.288,1.438,0.114
273100,5.000,0.288,1.442,0.114
273300,5.000,0.288,1.442,0.114
273500,5.000,0.289,1.442,0.114
273700,5.000,0.288,1.442,0.114
273900,5.000,0.288,1.442,0.114
274100,5.000,0.288,1.442,0.114
274300,5.000,0.288,1.442,0.114
274500,5.000,0.288,1.442,0.114
274700,5.000,0.289,1.442,0.114
274900,5.000,0.288,1.442,0.115
275100,5.000,0.288,1.442,0.115
275300,5.000,0.288,1.442,0.115
275500,5.000,0.288,1.438,0.115
275700,5.000,0.288,1.438,0.115
275900,5.000,0.288,1.438,0.115
276100,5.000,0.288,1.438,0.115
276300,5.000,0.289,1.442,0.115
276500,5.000,0.289,1.442,0.115
276700,5.000,0.289,1.442,0.115
276900,5.000,0.289,1.442,0.115
277100,5.000,0.288,1.442,0.115
277300,5.000,0.289,1.446,0.116
277500,5.000,0.289,1.446,0.116
277700,5.000,0.288,1.442,0.116
277900,5.000,0.288,1.442,0.116
278100,5.000,0.289,1.442,0.116
278300,5.000,0.289,1.442,0.116
278500,5.000,0.288,1.442,0.116
278700,5.000,0.288,1.438,0.116
278900,5.000,0.288,1.438,0.116
279100,5.000,0.288,1.442,0.116
279300,5.000,0.288,1.442,0.116
279500,5.000,0.288,1.442,0.116
279700,5.000,0.288,1.438,0.117
279900,5.000,0.288,1.438,0.117
280100,5.000,0.288,1.442,0.117
280300,5.000,0.288,1.442,0.117
280500,5.000,0.288,1.442,0.117
280700,5.000,0.288,1.442,0.117
280900,5.000,0.288,1.438,0.117
281100,5.000,0.288,1.442,0.117
281300,5.000,0.289,1.442,0.117
281500,5.000,0.288,1.442,0.117
281700,5.000,0.288,1.442,0.117
281900,5.000,0.289,1.442,0.117
282100,5.000,0.288,1.442,0.118
282300,5.000,0.288,1.442,0.118
282500,5.000,0.288,1.442,0.118
282700,5.000,0.288,1.442,0.118
282900,5.000,0.288,1.438,0.118
283100,5.000,0.288,1.438,0.118
283300,5.000,0.289,1.446,0.118
283500,5.000,0.288,1.442,0.118
283700,5.000,0.289,1.442,0.118
283900,5.000,0.289,1.442,0.118
284100,5.000,0.289,1.442,0.118
284300,5.000,0.289,1.442,0.118
284500,5.000,0.291,1.454,0.119
284700,5.000,0.288,1.442,0.119
284900,5.000,0.288,1.442,0.119
285100,5.000,0.288,1.442,0.119
285300,5.000,0.289,1.442,0.119
285500,5.000,0.288,1.442,0.119
285700,5.000,0.288,1.442,0.119
285900,5.000,0.288,1.442,0.119
286100,5.000,0.289,1.446,0.119
286300,5.000,0.288,1.442,0.119
286500,5.000,0.288,1.442,0.119
286700,5.000,0.288,1.442,0.119
286900,5.000,0.288,1.442,0.120
287100,5.000,0.289,1.442,0.120
287300,5.000,0.289,1.442,0.120
287500,5.000,0.289,1.442,0.120
287700,5.000,0.288,1.442,0.120
287900,5.000,0.288,1.438,0.120
288100,5.000,0.288,1.438,0.120
288300,5.000,0.288,1.442,0.120
288500,5.000,0.288,1.442,0.120
288700,5.000,0.288,1.442,0.120
288900,5.000,0.289,1.442,0.120
289100,5.000,0.289,1.442,0.120
289300,5.000,0.289,1.446,0.121
289500,5.000,0.288,1.442,0.121
289700,5.000,0.288,1.442,0.121
289900,5.000,0.288,1.442,0.121
290100,5.000,0.289,1.446,0.121
290300,5.000,0.289,1.446,0.121
290500,5.000,0.288,1.442,0.121
290700,5.000,0.288,1.442,0.121
290900,5.000,0.288,1.442,0.121
291100,5.000,0.289,1.446,0.121
291300,5.000,0.289,1.442,0.121
291500,5.000,0.289,1.442,0.121
291700,5.000,0.288,1.442,0.122
291900,5.000,0.289,1.442,0.122
292100,5.000,0.289,1.442,0.122
292300,5.000,0.289,1.442,0.122
292500,5.000,0.288,1.442,0.122
292700,5.000,0.288,1.442,0.122
292900,5.000,0.288,1.442,0.122
293100,5.000,0.289,1.442,0.122
293300,5.000,0.289,1.442,0.122
293500,5.000,0.288,1.442,0.122
293700,5.000,0.288,1.442,0.122
293900,5.000,0.288,1.442,0.122
294100,5.000,0.288,1.442,0.123
294300,5.000,0.289,1.446,0.123
294500,5.000,0.288,1.442,0.123
294700,5.000,0.288,1.442,0.123
294900,5.000,0.288,1.442,0.123
295100,5.000,0.290,1.454,0.123
295300,5.000,0.309,1.545,0.123
295500,5.000,0.297,1.488,0.123
295700,5.000,0.297,1.488,0.123
295900,5.000,0.290,1.454,0.123
296100,5.000,0.289,1.442,0.123
296300,5.000,0.289,1.446,0.123
296500,5.000,0.289,1.446,0.124
296700,5.000,0.289,1.446,0.124
296900,5.000,0.289,1.446,0.124
297100,5.000,0.289,1.446,0.124
297300,5.000,0.289,1.442,0.124
297500,5.000,0.289,1.442,0.124
297700,5.000,0.288,1.442,0.124
297900,5.000,0.288,1.442,0.124
298100,5.000,0.288,1.442,0.124
298300,5.000,0.289,1.442,0.124
298500,5.000,0.289,1.446,0.124
298700,5.000,0.289,1.446,0.124
298900,5.000,0.289,1.446,0.125
299100,5.000,0.289,1.442,0.125
299300,5.000,0.289,1.442,0.125
299500,5.000,0.289,1.442,0.125
299700,5.000,0.288,1.442,0.125
299900,5.000,0.288,1.442,0.125
300100,5.000,0.288,1.442,0.125
300300,5.000,0.288,1.442,0.125
300500,5.000,0.288,1.442,0.125
300700,5.000,0.288,1.442,0.125
300900,5.000,0.288,1.442,0.125
301100,5.000,0.288,1.442,0.125
301300,5.000,0.288,1.442,0.126
301500,5.000,0.289,1.446,0.126
301700,5.000,0.289,1.442,0.126
301900,5.000,0.288,1.442,0.126
302100,5.000,0.289,1.442,0.126
302300,5.000,0.289,1.442,0.126
302500,5.000,0.289,1.446,0.126
302700,5.000,0.288,1.442,0.126
302900,5.000,0.289,1.446,0.126
303100,5.000,0.289,1.446,0.126
303300,5.000,0.290,1.450,0.126
303500,5.000,0.288,1.442,0.126
303700,5.000,0.288,1.442,0.127
303900,5.000,0.288,1.442,0.127
304100,5.000,0.289,1.442,0.127
304300,5.000,0.289,1.442,0.127
304500,5.000,0.288,1.442,0.127
304700,5.000,0.288,1.442,0.127
304900,5.000,0.288,1.442,0.127
305100,5.000,0.289,1.446,0.127
305300,5.000,0.289,1.446,0.127
305500,5.000,0.289,1.446,0.127
305700,5.000,0.289,1.446,0.127
305900,5.000,0.289,1.446,0.127
306100,5.000,0.289,1.442,0.128
306300,5.000,0.289,1.442,0.128
306500,5.000,0.288,1.442,0.128
306700,5.000,0.288,1.442,0.128
306900,5.000,0.288,1.442,0.128
307100,5.000,0.288,1.442,0.128
307300,5.000,0.288,1.442,0.128
307500,5.000,0.288,1.442,0.128
307700,5.000,0.288,1.438,0.128
307900,5.000,0.288,1.438,0.128
308100,5.000,0.288,1.442,0.128
308300,5.000,0.288,1.442,0.128
308500,5.000,0.289,1.450,0.129
308700,5.000,0.289,1.450,0.129
308900,5.000,0.289,1.446,0.129
309100,5.000,0.289,1.446,0.129
309300,5.000,0.289,1.442,0.129
309500,5.000,0.289,1.446,0.129
309700,5.000,0.289,1.446,0.129
309900,5.000,0.289,1.442,0.129
310100,5.000,0.289,1.446,0.129
310300,5.000,0.289,1.442,0.129
310500,5.000,0.289,1.442,0.129
310700,5.000,0.289,1.442,0.129
310900,5.000,0.289,1.442,0.130
311100,5.000,0.289,1.446,0.130
