300,5.000,0.293,1.465,0.000
500,5.000,0.293,1.465,0.000
700,5.000,0.287,1.435,0.000
900,5.000,0.287,1.435,0.000
1100,5.000,0.286,1.435,0.000
1300,5.000,0.286,1.435,0.000
1500,5.000,0.286,1.435,0.000
1700,5.000,0.286,1.435,0.000
1900,5.000,0.286,1.435,0.000
2100,5.000,0.286,1.435,0.000
2300,5.000,0.286,1.435,0.000
2500,5.000,0.287,1.435,0.000
2700,5.000,0.287,1.435,0.001
2900,5.000,0.287,1.435,0.001
3100,5.000,0.286,1.435,0.001
3300,5.000,0.286,1.435,0.001
3500,5.000,0.286,1.431,0.001
3700,5.000,0.286,1.435,0.001
3900,5.000,0.286,1.435,0.001
4100,5.000,0.296,1.484,0.001
4300,5.000,0.286,1.435,0.001
4500,5.000,0.286,1.435,0.001
4700,5.000,0.286,1.435,0.001
4900,5.000,0.286,1.435,0.001
5100,5.000,0.286,1.431,0.002
5300,5.000,0.287,1.435,0.002
5500,5.000,0.287,1.435,0.002
5700,5.000,0.286,1.435,0.002
5900,5.000,0.287,1.435,0.002
6100,5.000,0.286,1.435,0.002
6300,5.000,0.286,1.435,0.002
6500,5.000,0.287,1.438,0.002
6700,5.000,0.287,1.435,0.002
6900,5.000,0.287,1.438,0.002
7100,5.000,0.287,1.438,0.002
7300,5.000,0.286,1.435,0.002
7500,5.000,0.286,1.435,0.003
7700,5.000,0.286,1.431,0.003
7900,5.000,0.286,1.431,0.003
8100,5.000,0.287,1.438,0.003
8300,5.000,0.287,1.435,0.003
8500,5.000,0.286,1.435,0.003
8700,5.000,0.286,1.435,0.003
8900,5.000,0.286,1.435,0.003
9100,5.000,0.286,1.431,0.003
9300,5.000,0.286,1.435,0.003
9500,5.000,0.286,1.435,0.003
9700,5.000,0.286,1.435,0.003
9900,5.000,0.287,1.435,0.004
10100,5.000,0.287,1.435,0.004
10300,5.000,0.287,1.438,0.004
10500,5.000,0.287,1.438,0.004
10700,5.000,0.286,1.435,0.004
10900,5.000,0.287,1.435,0.004
11100,5.000,0.287,1.435,0.004
11300,5.000,0.287,1.435,0.004
11500,5.000,0.286,1.435,0.004
11700,5.000,0.287,1.435,0.004
11900,5.000,0.286,1.431,0.004
12100,5.000,0.286,1.431,0.004
12300,5.000,0.286,1.431,0.005
12500,5.000,0.286,1.435,0.005
12700,5.000,0.287,1.435,0.005
12900,5.000,0.286,1.431,0.005
13100,5.000,0.286,1.431,0.005
13300,5.000,0.286,1.431,0.005
13500,5.000,0.289,1.450,0.005
13700,5.000,0.289,1.450,0.005
13900,5.000,0.286,1.435,0.005
14100,5.000,0.286,1.435,0.005
14300,5.000,0.287,1.435,0.005
14500,5.000,0.287,1.435,0.005
14700,5.000,0.286,1.431,0.006
14900,5.000,0.286,1.431,0.006
15100,5.000,0.286,1.435,0.006
15300,5.000,0.286,1.435,0.006
15500,5.000,0.286,1.435,0.006
15700,5.000,0.286,1.431,0.006
15900,5.000,0.286,1.431,0.006
16100,5.000,0.286,1.435,0.006
16300,5.000,0.286,1.435,0.006
16500,5.000,0.286,1.431,0.006
16700,5.000,0.287,1.435,0.006
16900,5.000,0.287,1.435,0.006
17100,5.000,0.287,1.435,0.007
17300,5.000,0.287,1.435,0.007
17500,5.000,0.286,1.435,0.007
17700,5.000,0.287,1.435,0.007
17900,5.000,0.287,1.435,0.007
18100,5.000,0.286,1.431,0.007
18300,5.000,0.287,1.438,0.007
18500,5.000,0.286,1.435,0.007
18700,5.000,0.286,1.435,0.007
18900,5.000,0.286,1.435,0.007
19100,5.000,0.286,1.431,0.007
19300,5.000,0.286,1.435,0.007
19500,5.000,0.286,1.431,0.008
19700,5.000,0.286,1.431,0.008
19900,5.000,0.286,1.435,0.008
20100,5.000,0.286,1.431,0.008
20300,5.000,0.286,1.431,0.008
20500,5.000,0.286,1.431,0.008
20700,5.000,0.287,1.435,0.008
20900,5.000,0.286,1.431,0.008
21100,5.000,0.286,1.431,0.008
21300,5.000,0.286,1.435,0.008
21500,5.000,0.286,1.435,0.008
21700,5.000,0.287,1.435,0.008
21900,5.000,0.286,1.435,0.009
22100,5.000,0.286,1.435,0.009
22300,5.000,0.287,1.435,0.009
22500,5.000,0.286,1.435,0.009
22700,5.000,0.286,1.435,0.009
22900,5.000,0.286,1.435,0.009
23100,5.000,0.286,1.435,0.009
23300,5.000,0.286,1.435,0.009
23500,5.000,0.286,1.435,0.009
23700,5.000,0.286,1.431,0.009
23900,5.000,0.286,1.431,0.009
24100,5.000,0.286,1.435,0.009
24300,5.000,0.286,1.431,0.010
24500,5.000,0.286,1.431,0.010
24700,5.000,0.286,1.435,0.010
24900,5.000,0.286,1.435,0.010
25100,5.000,0.286,1.435,0.010
25300,5.000,0.286,1.435,0.010
25500,5.000,0.286,1.435,0.010
25700,5.000,0.287,1.435,0.010
25900,5.000,0.286,1.431,0.010
26100,5.000,0.286,1.431,0.010
26300,5.000,0.286,1.435,0.010
26500,5.000,0.287,1.435,0.010
26700,5.000,0.286,1.435,0.011
26900,5.000,0.286,1.435,0.011
27100,5.000,0.286,1.435,0.011
27300,5.000,0.286,1.431,0.011
27500,5.000,0.287,1.435,0.011
27700,5.000,0.287,1.435,0.011
27900,5.000,0.287,1.438,0.011
28100,5.000,0.286,1.435,0.011
28300,5.000,0.286,1.435,0.011
28500,5.000,0.287,1.435,0.011
28700,5.000,0.287,1.435,0.011
28900,5.000,0.287,1.435,0.011
29100,5.000,0.286,1.435,0.012
29300,5.000,0.287,1.435,0.012
29500,5.000,0.287,1.435,0.012
29700,5.000,0.286,1.435,0.012
29900,5.000,0.286,1.435,0.012
30100,5.000,0.286,1.435,0.012
30300,5.000,0.286,1.435,0.012
30500,5.000,0.286,1.431,0.012
30700,5.000,0.286,1.431,0.012
30900,5.000,0.286,1.431,0.012
31100,5.000,0.287,1.438,0.012
31300,5.000,0.287,1.438,0.012
31500,5.000,0.307,1.538,0.013
31700,5.000,0.298,1.488,0.013
31900,5.000,0.298,1.488,0.013
32100,5.000,0.286,1.431,0.013
32300,5.000,0.287,1.435,0.013
32500,5.000,0.287,1.438,0.013
32700,5.000,0.287,1.438,0.013
32900,5.000,0.287,1.438,0.013
33100,5.000,0.287,1.435,0.013
33300,5.000,0.287,1.435,0.013
33500,5.000,0.287,1.435,0.013
33700,5.000,0.287,1.435,0.013
33900,5.000,0.287,1.435,0.014
34100,5.000,0.286,1.435,0.014
34300,5.000,0.286,1.435,0.014
34500,5.000,0.287,1.435,0.014
34700,5.000,0.286,1.435,0.014
34900,5.000,0.286,1.431,0.014
35100,5.000,0.286,1.431,0.014
35300,5.000,0.286,1.435,0.014
35500,5.000,0.286,1.435,0.014
35700,5.000,0.286,1.431,0.014
35900,5.000,0.286,1.435,0.014
36100,5.000,0.286,1.435,0.014
36300,5.000,0.286,1.435,0.015
36500,5.000,0.286,1.435,0.015
36700,5.000,0.286,1.431,0.015
36900,5.000,0.286,1.431,0.015
37100,5.000,0.286,1.435,0.015
37300,5.000,0.287,1.438,0.015
37500,5.000,0.287,1.438,0.015
37700,5.000,0.286,1.431,0.015
37900,5.000,0.286,1.431,0.015
38100,5.000,0.287,1.435,0.015
38300,5.000,0.287,1.435,0.015
38500,5.000,0.287,1.435,0.015
38700,5.000,0.287,1.435,0.016
38900,5.000,0.287,1.435,0.016
39100,5.000,0.287,1.435,0.016
39300,5.000,0.287,1.435,0.016
39500,5.000,0.286,1.435,0.016
39700,5.000,0.287,1.435,0.016
39900,5.000,0.287,1.435,0.016
40100,5.000,0.287,1.435,0.016
40300,5.000,0.287,1.435,0.016
40500,5.000,0.287,1.435,0.016
40700,5.000,0.286,1.435,0.016
40900,5.000,0.286,1.435,0.016
41100,5.000,0.286,1.435,0.017
41300,5.000,0.287,1.435,0.017
41500,5.000,0.287,1.435,0.017
41700,5.000,0.287,1.435,0.017
41900,5.000,0.286,1.435,0.017
42100,5.000,0.286,1.431,0.017
42300,5.000,0.288,1.442,0.017
42500,5.000,0.286,1.431,0.017
42700,5.000,0.286,1.431,0.017
42900,5.000,0.286,1.431,0.017
43100,5.000,0.287,1.435,0.017
43300,5.000,0.286,1.431,0.017
43500,5.000,0.286,1.431,0.018
43700,5.000,0.286,1.431,0.018
43900,5.000,0.286,1.435,0.018
44100,5.000,0.287,1.435,0.018
44300,5.000,0.287,1.435,0.018
44500,5.000,0.286,1.435,0.018
44700,5.000,0.287,1.435,0.018
44900,5.000,0.287,1.435,0.018
45100,5.000,0.287,1.435,0.018
45300,5.000,0.287,1.435,0.018
45500,5.000,0.287,1.435,0.018
45700,5.000,0.287,1.435,0.018
45900,5.000,0.287,1.435,0.019
46100,5.000,0.286,1.435,0.019
46300,5.000,0.287,1.435,0.019
46500,5.000,0.287,1.435,0.019
46700,5.000,0.287,1.435,0.019
46900,5.000,0.287,1.435,0.019
47100,5.000,0.287,1.435,0.019
47300,5.000,0.286,1.431,0.019
47500,5.000,0.286,1.431,0.019
47700,5.000,0.286,1.431,0.019
47900,5.000,0.286,1.435,0.019
48100,5.000,0.286,1.435,0.019
48300,5.000,0.286,1.435,0.020
48500,5.000,0.286,1.431,0.020
48700,5.000,0.286,1.435,0.020
48900,5.000,0.286,1.435,0.020
49100,5.000,0.286,1.435,0.020
49300,5.000,0.286,1.435,0.020
49500,5.000,0.286,1.435,0.020
49700,5.000,0.287,1.435,0.020
49900,5.000,0.287,1.438,0.020
50100,5.000,0.287,1.438,0.020
50300,5.000,0.287,1.435,0.020
50500,5.000,0.287,1.435,0.020
50700,5.000,0.286,1.435,0.021
50900,5.000,0.286,1.435,0.021
51100,5.000,0.287,1.435,0.021
51300,5.000,0.286,1.435,0.021
51500,5.000,0.287,1.438,0.021
51700,5.000,0.286,1.435,0.021
51900,5.000,0.286,1.435,0.021
52100,5.000,0.286,1.435,0.021
52300,5.000,0.287,1.435,0.021
52500,5.000,0.287,1.435,0.021
52700,5.000,0.287,1.435,0.021
52900,5.000,0.287,1.435,0.021
53100,5.000,0.286,1.435,0.022
53300,5.000,0.286,1.435,0.022
53500,5.000,0.286,1.435,0.022
53700,5.000,0.286,1.435,0.022
53900,5.000,0.286,1.435,0.022
54100,5.000,0.286,1.435,0.022
54300,5.000,0.286,1.435,0.022
54500,5.000,0.286,1.435,0.022
54700,5.000,0.286,1.435,0.022
54900,5.000,0.286,1.435,0.022
55100,5.000,0.286,1.435,0.022
55300,5.000,0.286,1.431,0.022
55500,5.000,0.286,1.435,0.023
55700,5.000,0.286,1.435,0.023
55900,5.000,0.287,1.435,0.023
56100,5.000,0.287,1.435,0.023
56300,5.000,0.287,1.438,0.023
56500,5.000,0.287,1.438,0.023
56700,5.000,0.287,1.438,0.023
56900,5.000,0.287,1.435,0.023
57100,5.000,0.287,1.435,0.023
57300,5.000,0.287,1.435,0.023
57500,5.000,0.287,1.435,0.023
57700,5.000,0.286,1.435,0.023
57900,5.000,0.286,1.435,0.024
58100,5.000,0.286,1.435,0.024
58300,5.000,0.286,1.435,0.024
58500,5.000,0.286,1.431,0.024
58700,5.000,0.286,1.435,0.024
58900,5.000,0.286,1.431,0.024
59100,5.000,0.286,1.435,0.024
59300,5.000,0.286,1.435,0.024
59500,5.000,0.286,1.435,0.024
59700,5.000,0.287,1.435,0.024
59900,5.000,0.287,1.435,0.024
60100,5.000,0.286,1.435,0.024
60300,5.000,0.286,1.435,0.025
60500,5.000,0.286,1.435,0.025
60700,5.000,0.286,1.435,0.025
60900,5.000,0.286,1.435,0.025
61100,5.000,0.287,1.435,0.025
61300,5.000,0.286,1.435,0.025
61500,5.000,0.286,1.435,0.025
61700,5.000,0.286,1.435,0.025
61900,5.000,0.286,1.435,0.025
62100,5.000,0.287,1.435,0.025
62300,5.000,0.287,1.435,0.025
62500,5.000,0.287,1.435,0.025
62700,5.000,0.286,1.435,0.026
62900,5.000,0.287,1.435,0.026
63100,5.000,0.287,1.435,0.026
63300,5.000,0.287,1.435,0.026
63500,5.000,0.286,1.435,0.026
63700,5.000,0.286,1.435,0.026
63900,5.000,0.287,1.435,0.026
64100,5.000,0.287,1.435,0.026
64300,5.000,0.286,1.435,0.026
64500,5.000,0.287,1.435,0.026
64700,5.000,0.286,1.431,0.026
64900,5.000,0.286,1.431,0.026
65100,5.000,0.286,1.435,0.027
65300,5.000,0.286,1.435,0.027
65500,5.000,0.286,1.435,0.027
65700,5.000,0.287,1.435,0.027
65900,5.000,0.287,1.435,0.027
66100,5.000,0.287,1.435,0.027
66300,5.000,0.287,1.435,0.027
66500,5.000,0.287,1.435,0.027
66700,5.000,0.286,1.431,0.027
66900,5.000,0.287,1.435,0.027
67100,5.000,0.287,1.435,0.027
67300,5.000,0.287,1.435,0.027
67500,5.000,0.286,1.431,0.027
67700,5.000,0.287,1.435,0.028
67900,5.000,0.287,1.438,0.028
68100,5.000,0.287,1.435,0.028
68300,5.000,0.287,1.435,0.028
68500,5.000,0.287,1.435,0.028
68700,5.000,0.287,1.435,0.028
68900,5.000,0.287,1.438,0.028
69100,5.000,0.287,1.438,0.028
69300,5.000,0.287,1.435,0.028
69500,5.000,0.287,1.435,0.028
69700,5.000,0.287,1.435,0.028
69900,5.000,0.287,1.435,0.029
70100,5.000,0.287,1.435,0.029
70300,5.000,0.286,1.431,0.029
70500,5.000,0.286,1.435,0.029
70700,5.000,0.286,1.435,0.029
70900,5.000,0.286,1.435,0.029
71100,5.000,0.287,1.435,0.029
71300,5.000,0.286,1.431,0.029
71500,5.000,0.286,1.431,0.029
71700,5.000,0.287,1.435,0.029
71900,5.000,0.286,1.435,0.029
72100,5.000,0.286,1.435,0.029
72300,5.000,0.286,1.435,0.030
72500,5.000,0.286,1.435,0.030
72700,5.000,0.287,1.435,0.030
72900,5.000,0.286,1.431,0.030
73100,5.000,0.286,1.431,0.030
73300,5.000,0.286,1.435,0.030
73500,5.000,0.287,1.435,0.030
73700,5.000,0.286,1.431,0.030
73900,5.000,0.286,1.431,0.030
74100,5.000,0.287,1.435,0.030
74300,5.000,0.287,1.435,0.030
74500,5.000,0.287,1.435,0.030
74700,5.000,0.287,1.435,0.031
74900,5.000,0.287,1.435,0.031
75100,5.000,0.287,1.435,0.031
75300,5.000,0.286,1.431,0.031
75500,5.000,0.287,1.435,0.031
75700,5.000,0.287,1.435,0.031
75900,5.000,0.288,1.442,0.031
76100,5.000,0.287,1.435,0.031
76300,5.000,0.287,1.435,0.031
76500,5.000,0.287,1.435,0.031
76700,5.000,0.287,1.435,0.031
76900,5.000,0.286,1.435,0.031
77100,5.000,0.286,1.435,0.032
77300,5.000,0.286,1.435,0.032
77500,5.000,0.287,1.435,0.032
77700,5.000,0.286,1.431,0.032
77900,5.000,0.286,1.431,0.032
78100,5.000,0.286,1.431,0.032
78300,5.000,0.287,1.435,0.032
78500,5.000,0.286,1.435,0.032
78700,5.000,0.286,1.435,0.032
78900,5.000,0.286,1.435,0.032
79100,5.000,0.287,1.435,0.032
79300,5.000,0.286,1.431,0.032
79500,5.000,0.287,1.435,0.033
79700,5.000,0.287,1.435,0.033
79900,5.000,0.287,1.435,0.033
80100,5.000,0.286,1.435,0.033
80300,5.000,0.286,1.435,0.033
80500,5.000,0.286,1.435,0.033
80700,5.000,0.287,1.435,0.033
80900,5.000,0.286,1.435,0.033
81100,5.000,0.287,1.435,0.033
81300,5.000,0.287,1.435,0.033
81500,5.000,0.287,1.438,0.033
81700,5.000,0.286,1.435,0.033
81900,5.000,0.286,1.435,0.034
82100,5.000,0.287,1.435,0.034
82300,5.000,0.287,1.435,0.034
82500,5.000,0.287,1.435,0.034
82700,5.000,0.287,1.435,0.034
82900,5.000,0.287,1.435,0.034
83100,5.000,0.287,1.435,0.034
83300,5.000,0.286,1.435,0.034
83500,5.000,0.287,1.435,0.034
83700,5.000,0.286,1.435,0.034
83900,5.000,0.286,1.435,0.034
84100,5.000,0.286,1.435,0.034
84300,5.000,0.286,1.435,0.035
84500,5.000,0.286,1.435,0.035
84700,5.000,0.286,1.435,0.035
84900,5.000,0.286,1.431,0.035
85100,5.000,0.287,1.438,0.035
85300,5.000,0.287,1.435,0.035
85500,5.000,0.287,1.435,0.035
85700,5.000,0.287,1.435,0.035
85900,5.000,0.286,1.435,0.035
86100,5.000,0.287,1.435,0.035
86300,5.000,0.287,1.435,0.035
86500,5.000,0.287,1.435,0.035
86700,5.000,0.287,1.435,0.036
86900,5.000,0.287,1.438,0.036
87100,5.000,0.287,1.438,0.036
87300,5.000,0.287,1.438,0.036
87500,5.000,0.287,1.435,0.036
87700,5.000,0.286,1.435,0.036
87900,5.000,0.286,1.435,0.036
88100,5.000,0.287,1.435,0.036
88300,5.000,0.286,1.435,0.036
88500,5.000,0.286,1.435,0.036
88700,5.000,0.287,1.435,0.036
88900,5.000,0.287,1.435,0.036
89100,5.000,0.303,1.519,0.037
89300,5.000,0.302,1.515,0.037
89500,5.000,0.286,1.431,0.037
89700,5.000,0.286,1.431,0.037
89900,5.000,0.286,1.431,0.037
90100,5.000,0.287,1.435,0.037
90300,5.000,0.287,1.435,0.037
90500,5.000,0.286,1.435,0.037
90700,5.000,0.286,1.435,0.037
90900,5.000,0.287,1.435,0.037
91100,5.000,0.287,1.435,0.037
91300,5.000,0.287,1.435,0.037
91500,5.000,0.287,1.435,0.038
91700,5.000,0.287,1.435,0.038
91900,5.000,0.287,1.438,0.038
92100,5.000,0.287,1.438,0.038
92300,5.000,0.287,1.435,0.038
92500,5.000,0.287,1.435,0.038
92700,5.000,0.287,1.435,0.038
92900,5.000,0.287,1.438,0.038
93100,5.000,0.287,1.438,0.038
93300,5.000,0.286,1.435,0.038
93500,5.000,0.286,1.435,0.038
93700,5.000,0.286,1.431,0.038
93900,5.000,0.286,1.431,0.039
94100,5.000,0.286,1.435,0.039
94300,5.000,0.286,1.435,0.039
94500,5.000,0.286,1.435,0.039
94700,5.000,0.287,1.438,0.039
94900,5.000,0.287,1.435,0.039
95100,5.000,0.287,1.438,0.039
95300,5.000,0.287,1.435,0.039
95500,5.000,0.287,1.435,0.039
95700,5.000,0.287,1.435,0.039
95900,5.000,0.287,1.435,0.039
96100,5.000,0.287,1.435,0.039
96300,5.000,0.287,1.435,0.040
96500,5.000,0.287,1.435,0.040
96700,5.000,0.287,1.438,0.040
96900,5.000,0.287,1.435,0.040
97100,5.000,0.287,1.435,0.040
97300,5.000,0.286,1.435,0.040
97500,5.000,0.287,1.435,0.040
97700,5.000,0.286,1.435,0.040
97900,5.000,0.286,1.435,0.040
98100,5.000,0.286,1.435,0.040
98300,5.000,0.286,1.435,0.040
98500,5.000,0.287,1.435,0.040
98700,5.000,0.287,1.435,0.041
98900,5.000,0.287,1.435,0.041
99100,5.000,0.286,1.435,0.041
99300,5.000,0.286,1.435,0.041
99500,5.000,0.286,1.435,0.041
99700,5.000,0.287,1.435,0.041
99900,5.000,0.286,1.435,0.041
100100,5.000,0.287,1.435,0.041
100300,5.000,0.287,1.435,0.041
100500,5.000,0.287,1.435,0.041
100700,5.000,0.287,1.435,0.041
100900,5.000,0.286,1.431,0.041
101100,5.000,0.286,1.431,0.042
101300,5.000,0.286,1.435,0.042
101500,5.000,0.287,1.435,0.042
101700,5.000,0.287,1.435,0.042
101900,5.000,0.287,1.435,0.042
102100,5.000,0.287,1.435,0.042
102300,5.000,0.286,1.435,0.042
102500,5.000,0.287,1.438,0.042
102700,5.000,0.287,1.435,0.042
102900,5.000,0.287,1.435,0.042
103100,5.000,0.287,1.435,0.042
103300,5.000,0.287,1.435,0.042
103500,5.000,0.287,1.438,0.042
103700,5.000,0.287,1.438,0.043
103900,5.000,0.287,1.435,0.043
104100,5.000,0.287,1.438,0.043
104300,5.000,0.287,1.438,0.043
104500,5.000,0.287,1.438,0.043
104700,5.000,0.287,1.438,0.043
104900,5.000,0.286,1.435,0.043
105100,5.000,0.287,1.435,0.043
105300,5.000,0.287,1.435,0.043
105500,5.000,0.287,1.435,0.043
105700,5.000,0.286,1.435,0.043
105900,5.000,0.286,1.435,0.043
106100,5.000,0.286,1.435,0.044
106300,5.000,0.287,1.435,0.044
106500,5.000,0.287,1.435,0.044
106700,5.000,0.287,1.435,0.044
106900,5.000,0.287,1.438,0.044
107100,5.000,0.287,1.438,0.044
107300,5.000,0.287,1.435,0.044
107500,5.000,0.287,1.435,0.044
107700,5.000,0.286,1.435,0.044
107900,5.000,0.286,1.435,0.044
108100,5.000,0.287,1.435,0.044
108300,5.000,0.287,1.438,0.044
108500,5.000,0.287,1.438,0.045
108700,5.000,0.287,1.435,0.045
108900,5.000,0.287,1.435,0.045
109100,5.000,0.287,1.438,0.045
109300,5.000,0.287,1.438,0.045
109500,5.000,0.287,1.438,0.045
109700,5.000,0.286,1.435,0.045
109900,5.000,0.287,1.435,0.045
110100,5.000,0.287,1.438,0.045
110300,5.000,0.287,1.438,0.045
110500,5.000,0.287,1.438,0.045
110700,5.000,0.287,1.438,0.045
110900,5.000,0.287,1.435,0.046
111100,5.000,0.286,1.435,0.046
111300,5.000,0.286,1.435,0.046
111500,5.000,0.287,1.435,0.046
111700,5.000,0.286,1.435,0.046
111900,5.000,0.286,1.435,0.046
112100,5.000,0.287,1.435,0.046
112300,5.000,0.286,1.435,0.046
112500,5.000,0.286,1.435,0.046
112700,5.000,0.286,1.435,0.046
112900,5.000,0.286,1.431,0.046
113100,5.000,0.287,1.435,0.046
113300,5.000,0.287,1.435,0.047
113500,5.000,0.287,1.435,0.047
113700,5.000,0.287,1.435,0.047
113900,5.000,0.287,1.438,0.047
114100,5.000,0.287,1.438,0.047
114300,5.000,0.287,1.435,0.047
114500,5.000,0.287,1.435,0.047
114700,5.000,0.287,1.435,0.047
114900,5.000,0.287,1.435,0.047
115100,5.000,0.287,1.435,0.047
115300,5.000,0.287,1.438,0.047
115500,5.000,0.287,1.438,0.047
115700,5.000,0.287,1.438,0.048
115900,5.000,0.287,1.438,0.048
116100,5.000,0.287,1.438,0.048
116300,5.000,0.287,1.435,0.048
116500,5.000,0.287,1.435,0.048
116700,5.000,0.286,1.435,0.048
116900,5.000,0.286,1.435,0.048
117100,5.000,0.287,1.435,0.048
117300,5.000,0.287,1.435,0.048
117500,5.000,0.286,1.431,0.048
117700,5.000,0.286,1.431,0.048
117900,5.000,0.286,1.435,0.048
118100,5.000,0.286,1.435,0.049
118300,5.000,0.287,1.435,0.049
118500,5.000,0.287,1.435,0.049
118700,5.000,0.287,1.435,0.049
118900,5.000,0.287,1.435,0.049
119100,5.000,0.286,1.435,0.049
119300,5.000,0.286,1.435,0.049
119500,5.000,0.286,1.435,0.049
119700,5.000,0.287,1.438,0.049
119900,5.000,0.287,1.435,0.049
120100,5.000,0.287,1.435,0.049
120300,5.000,0.287,1.435,0.050
120500,5.000,0.287,1.435,0.050
120700,5.000,0.287,1.435,0.050
120900,5.000,0.287,1.435,0.050
121100,5.000,0.287,1.435,0.050
121300,5.000,0.287,1.435,0.050
121500,5.000,0.287,1.435,0.050
121700,5.000,0.287,1.438,0.050
121900,5.000,0.287,1.438,0.050
122100,5.000,0.286,1.435,0.050
122300,5.000,0.286,1.435,0.050
122500,5.000,0.286,1.435,0.050
122700,5.000,0.287,1.435,0.051
122900,5.000,0.287,1.435,0.051
123100,5.000,0.286,1.431,0.051
123300,5.000,0.288,1.442,0.051
123500,5.000,0.288,1.442,0.051
123700,5.000,0.287,1.438,0.051
123900,5.000,0.287,1.438,0.051
124100,5.000,0.286,1.431,0.051
124300,5.000,0.286,1.431,0.051
124500,5.000,0.287,1.438,0.051
124700,5.000,0.286,1.435,0.051
124900,5.000,0.286,1.435,0.051
125100,5.000,0.287,1.435,0.052
125300,5.000,0.287,1.435,0.052
125500,5.000,0.287,1.435,0.052
125700,5.000,0.287,1.435,0.052
125900,5.000,0.287,1.435,0.052
126100,5.000,0.287,1.438,0.052
126300,5.000,0.287,1.435,0.052
126500,5.000,0.287,1.438,0.052
126700,5.000,0.287,1.438,0.052
126900,5.000,0.287,1.438,0.052
127100,5.000,0.287,1.438,0.052
127300,5.000,0.287,1.438,0.052
127500,5.000,0.287,1.435,0.053
127700,5.000,0.287,1.435,0.053
127900,5.000,0.287,1.435,0.053
128100,5.000,0.287,1.435,0.053
128300,5.000,0.287,1.438,0.053
128500,5.000,0.287,1.438,0.053
128700,5.000,0.287,1.438,0.053
128900,5.000,0.287,1.435,0.053
129100,5.000,0.287,1.435,0.053
129300,5.000,0.286,1.435,0.053
129500,5.000,0.286,1.435,0.053
129700,5.000,0.286,1.435,0.053
129900,5.000,0.287,1.435,0.054
130100,5.000,0.287,1.435,0.054
130300,5.000,0.287,1.438,0.054
130500,5.000,0.286,1.435,0.054
130700,5.000,0.286,1.435,0.054
130900,5.000,0.286,1.435,0.054
131100,5.000,0.287,1.435,0.054
131300,5.000,0.287,1.438,0.054
131500,5.000,0.287,1.435,0.054
131700,5.000,0.287,1.435,0.054
131900,5.000,0.287,1.435,0.054
132100,5.000,0.287,1.435,0.054
132300,5.000,0.287,1.435,0.055
132500,5.000,0.287,1.435,0.055
132700,5.000,0.287,1.435,0.055
132900,5.000,0.287,1.435,0.055
133100,5.000,0.287,1.435,0.055
133300,5.000,0.287,1.435,0.055
133500,5.000,0.289,1.446,0.055
133700,5.000,0.286,1.435,0.055
133900,5.000,0.287,1.438,0.055
134100,5.000,0.287,1.435,0.055
134300,5.000,0.287,1.435,0.055
134500,5.000,0.287,1.435,0.055
134700,5.000,0.286,1.435,0.056
134900,5.000,0.287,1.435,0.056
135100,5.000,0.287,1.435,0.056
135300,5.000,0.287,1.435,0.056
135500,5.000,0.287,1.435,0.056
135700,5.000,0.287,1.435,0.056
135900,5.000,0.287,1.435,0.056
136100,5.000,0.286,1.435,0.056
136300,5.000,0.287,1.435,0.056
136500,5.000,0.286,1.435,0.056
136700,5.000,0.287,1.435,0.056
136900,5.000,0.287,1.435,0.056
137100,5.000,0.287,1.438,0.056
137300,5.000,0.287,1.435,0.057
137500,5.000,0.287,1.435,0.057
137700,5.000,0.286,1.435,0.057
137900,5.000,0.287,1.438,0.057
138100,5.000,0.287,1.435,0.057
138300,5.000,0.287,1.435,0.057
138500,5.000,0.287,1.435,0.057
138700,5.000,0.287,1.438,0.057
138900,5.000,0.287,1.438,0.057
139100,5.000,0.287,1.435,0.057
139300,5.000,0.287,1.435,0.057
139500,5.000,0.287,1.435,0.057
139700,5.000,0.287,1.438,0.058
139900,5.000,0.287,1.438,0.058
140100,5.000,0.287,1.438,0.058
140300,5.000,0.287,1.435,0.058
140500,5.000,0.286,1.435,0.058
140700,5.000,0.286,1.435,0.058
140900,5.000,0.287,1.438,0.058
141100,5.000,0.287,1.435,0.058
141300,5.000,0.286,1.435,0.058
141500,5.000,0.287,1.435,0.058
141700,5.000,0.287,1.435,0.058
141900,5.000,0.287,1.435,0.058
142100,5.000,0.286,1.435,0.059
142300,5.000,0.286,1.435,0.059
142500,5.000,0.286,1.435,0.059
142700,5.000,0.288,1.442,0.059
142900,5.000,0.287,1.438,0.059
143100,5.000,0.287,1.438,0.059
143300,5.000,0.287,1.435,0.059
143500,5.000,0.287,1.435,0.059
143700,5.000,0.287,1.435,0.059
143900,5.000,0.287,1.438,0.059
144100,5.000,0.287,1.438,0.059
144300,5.000,0.287,1.435,0.059
144500,5.000,0.287,1.438,0.060
144700,5.000,0.287,1.438,0.060
144900,5.000,0.287,1.438,0.060
145100,5.000,0.287,1.435,0.060
145300,5.000,0.287,1.435,0.060
145500,5.000,0.287,1.438,0.060
145700,5.000,0.287,1.438,0.060
145900,5.000,0.287,1.438,0.060
146100,5.000,0.287,1.435,0.060
146300,5.000,0.286,1.435,0.060
146500,5.000,0.301,1.507,0.060
146700,5.000,0.301,1.507,0.060
146900,5.000,0.305,1.526,0.061
147100,5.000,0.287,1.435,0.061
147300,5.000,0.287,1.435,0.061
147500,5.000,0.287,1.435,0.061
147700,5.000,0.287,1.435,0.061
147900,5.000,0.286,1.435,0.061
148100,5.000,0.287,1.435,0.061
148300,5.000,0.287,1.435,0.061
148500,5.000,0.287,1.438,0.061
148700,5.000,0.286,1.435,0.061
148900,5.000,0.286,1.435,0.061
149100,5.000,0.286,1.435,0.062
149300,5.000,0.287,1.435,0.062
149500,5.000,0.287,1.435,0.062
149700,5.000,0.287,1.435,0.062
149900,5.000,0.287,1.435,0.062
150100,5.000,0.287,1.435,0.062
150300,5.000,0.287,1.438,0.062
150500,5.000,0.287,1.438,0.062
150700,5.000,0.287,1.438,0.062
150900,5.000,0.287,1.438,0.062
151100,5.000,0.287,1.435,0.062
151300,5.000,0.287,1.438,0.062
151500,5.000,0.287,1.438,0.062
151700,5.000,0.287,1.438,0.063
151900,5.000,0.287,1.435,0.063
152100,5.000,0.286,1.435,0.063
152300,5.000,0.286,1.435,0.063
152500,5.000,0.287,1.438,0.063
152700,5.000,0.288,1.442,0.063
152900,5.000,0.286,1.435,0.063
153100,5.000,0.286,1.435,0.063
153300,5.000,0.286,1.435,0.063
153500,5.000,0.287,1.438,0.063
153700,5.000,0.287,1.435,0.063
153900,5.000,0.287,1.435,0.063
154100,5.000,0.287,1.435,0.064
154300,5.000,0.287,1.438,0.064
154500,5.000,0.287,1.438,0.064
154700,5.000,0.287,1.438,0.064
154900,5.000,0.287,1.438,0.064
155100,5.000,0.287,1.438,0.064
155300,5.000,0.287,1.442,0.064
155500,5.000,0.287,1.438,0.064
155700,5.000,0.287,1.438,0.064
155900,5.000,0.287,1.435,0.064
156100,5.000,0.287,1.438,0.064
156300,5.000,0.287,1.438,0.064
156500,5.000,0.287,1.438,0.065
156700,5.000,0.286,1.435,0.065
156900,5.000,0.287,1.435,0.065
157100,5.000,0.287,1.435,0.065
157300,5.000,0.286,1.435,0.065
157500,5.000,0.286,1.435,0.065
157700,5.000,0.287,1.435,0.065
157900,5.000,0.287,1.435,0.065
158100,5.000,0.287,1.435,0.065
158300,5.000,0.286,1.435,0.065
158500,5.000,0.286,1.435,0.065
158700,5.000,0.286,1.435,0.065
158900,5.000,0.286,1.435,0.066
159100,5.000,0.287,1.435,0.066
159300,5.000,0.287,1.435,0.066
159500,5.000,0.287,1.435,0.066
159700,5.000,0.287,1.438,0.066
159900,5.000,0.287,1.438,0.066
160100,5.000,0.287,1.438,0.066
160300,5.000,0.287,1.435,0.066
160500,5.000,0.286,1.435,0.066
160700,5.000,0.286,1.435,0.066
160900,5.000,0.287,1.435,0.066
161100,5.000,0.287,1.435,0.066
161300,5.000,0.287,1.435,0.067
161500,5.000,0.287,1.435,0.067
161700,5.000,0.287,1.435,0.067
161900,5.000,0.289,1.446,0.067
162100,5.000,0.289,1.446,0.067
162300,5.000,0.289,1.446,0.067
162500,5.000,0.286,1.435,0.067
162700,5.000,0.287,1.435,0.067
162900,5.000,0.287,1.438,0.067
163100,5.000,0.287,1.438,0.067
163300,5.000,0.287,1.435,0.067
163500,5.000,0.287,1.435,0.067
163700,5.000,0.286,1.435,0.068
163900,5.000,0.287,1.435,0.068
164100,5.000,0.287,1.435,0.068
164300,5.000,0.287,1.435,0.068
164500,5.000,0.286,1.435,0.068
164700,5.000,0.287,1.435,0.068
164900,5.000,0.287,1.435,0.068
165100,5.000,0.287,1.435,0.068
165300,5.000,0.287,1.435,0.068
165500,5.000,0.287,1.435,0.068
165700,5.000,0.287,1.435,0.068
165900,5.000,0.287,1.438,0.068
166100,5.000,0.286,1.435,0.069
166300,5.000,0.287,1.438,0.069
166500,5.000,0.287,1.438,0.069
166700,5.000,0.287,1.438,0.069
166900,5.000,0.287,1.438,0.069
167100,5.000,0.287,1.435,0.069
167300,5.000,0.287,1.435,0.069
167500,5.000,0.287,1.435,0.069
167700,5.000,0.287,1.435,0.069
167900,5.000,0.287,1.435,0.069
168100,5.000,0.287,1.438,0.069
168300,5.000,0.287,1.435,0.069
168500,5.000,0.287,1.435,0.070
168700,5.000,0.287,1.435,0.070
168900,5.000,0.287,1.435,0.070
169100,5.000,0.287,1.435,0.070
169300,5.000,0.286,1.435,0.070
169500,5.000,0.287,1.438,0.070
169700,5.000,0.287,1.438,0.070
169900,5.000,0.287,1.435,0.070
170100,5.000,0.286,1.435,0.070
170300,5.000,0.286,1.435,0.070
170500,5.000,0.286,1.435,0.070
170700,5.000,0.286,1.435,0.070
170900,5.000,0.286,1.435,0.071
171100,5.000,0.287,1.435,0.071
171300,5.000,0.287,1.438,0.071
171500,5.000,0.287,1.438,0.071
171700,5.000,0.287,1.435,0.071
171900,5.000,0.287,1.435,0.071
172100,5.000,0.287,1.435,0.071
172300,5.000,0.287,1.435,0.071
172500,5.000,0.287,1.435,0.071
172700,5.000,0.287,1.435,0.071
172900,5.000,0.287,1.435,0.071
173100,5.000,0.287,1.438,0.072
173300,5.000,0.287,1.435,0.072
173500,5.000,0.287,1.438,0.072
173700,5.000,0.287,1.438,0.072
173900,5.000,0.287,1.438,0.072
174100,5.000,0.287,1.435,0.072
174300,5.000,0.287,1.435,0.072
174500,5.000,0.287,1.438,0.072
174700,5.000,0.287,1.438,0.072
174900,5.000,0.286,1.435,0.072
175100,5.000,0.286,1.435,0.072
175300,5.000,0.287,1.438,0.072
175500,5.000,0.287,1.435,0.073
175700,5.000,0.287,1.435,0.073
175900,5.000,0.286,1.435,0.073
176100,5.000,0.287,1.435,0.073
176300,5.000,0.287,1.435,0.073
176500,5.000,0.287,1.435,0.073
176700,5.000,0.286,1.435,0.073
176900,5.000,0.287,1.435,0.073
177100,5.000,0.287,1.435,0.073
177300,5.000,0.287,1.438,0.073
177500,5.000,0.287,1.435,0.073
177700,5.000,0.287,1.435,0.073
177900,5.000,0.287,1.435,0.074
178100,5.000,0.287,1.435,0.074
178300,5.000,0.287,1.435,0.074
178500,5.000,0.287,1.435,0.074
178700,5.000,0.287,1.435,0.074
178900,5.000,0.287,1.435,0.074
179100,5.000,0.287,1.438,0.074
179300,5.000,0.287,1.438,0.074
179500,5.000,0.287,1.438,0.074
179700,5.000,0.287,1.435,0.074
179900,5.000,0.286,1.435,0.074
180100,5.000,0.287,1.435,0.074
180300,5.000,0.287,1.435,0.075
180500,5.000,0.287,1.435,0.075
180700,5.000,0.286,1.435,0.075
180900,5.000,0.288,1.442,0.075
181100,5.000,0.287,1.438,0.075
181300,5.000,0.287,1.438,0.075
181500,5.000,0.288,1.442,0.075
181700,5.000,0.287,1.438,0.075
181900,5.000,0.287,1.438,0.075
182100,5.000,0.287,1.438,0.075
182300,5.000,0.286,1.435,0.075
182500,5.000,0.287,1.435,0.075
182700,5.000,0.287,1.435,0.076
182900,5.000,0.287,1.435,0.076
183100,5.000,0.287,1.435,0.076
183300,5.000,0.287,1.438,0.076
183500,5.000,0.287,1.435,0.076
183700,5.000,0.287,1.435,0.076
183900,5.000,0.287,1.435,0.076
184100,5.000,0.287,1.438,0.076
184300,5.000,0.287,1.435,0.076
184500,5.000,0.286,1.435,0.076
184700,5.000,0.286,1.435,0.076
184900,5.000,0.287,1.435,0.076
185100,5.000,0.286,1.435,0.077
185300,5.000,0.287,1.435,0.077
185500,5.000,0.287,1.435,0.077
185700,5.000,0.287,1.435,0.077
185900,5.000,0.287,1.438,0.077
186100,5.000,0.287,1.438,0.077
186300,5.000,0.287,1.435,0.077
186500,5.000,0.287,1.438,0.077
186700,5.000,0.287,1.435,0.077
186900,5.000,0.287,1.438,0.077
187100,5.000,0.287,1.438,0.077
187300,5.000,0.287,1.435,0.077
187500,5.000,0.286,1.435,0.078
187700,5.000,0.287,1.435,0.078
187900,5.000,0.287,1.435,0.078
188100,5.000,0.287,1.435,0.078
188300,5.000,0.286,1.435,0.078
188500,5.000,0.286,1.435,0.078
188700,5.000,0.286,1.435,0.078
188900,5.000,0.287,1.438,0.078
189100,5.000,0.287,1.438,0.078
189300,5.000,0.286,1.435,0.078
189500,5.000,0.286,1.435,0.078
189700,5.000,0.286,1.435,0.078
189900,5.000,0.287,1.438,0.079
190100,5.000,0.287,1.435,0.079
190300,5.000,0.287,1.435,0.079
190500,5.000,0.287,1.435,0.079
190700,5.000,0.287,1.438,0.079
190900,5.000,0.289,1.446,0.079
191100,5.000,0.289,1.446,0.079
191300,5.000,0.287,1.435,0.079
191500,5.000,0.287,1.435,0.079
191700,5.000,0.287,1.438,0.079
191900,5.000,0.287,1.435,0.079
192100,5.000,0.287,1.435,0.079
192300,5.000,0.286,1.435,0.079
192500,5.000,0.287,1.435,0.080
192700,5.000,0.287,1.435,0.080
192900,5.000,0.287,1.435,0.080
193100,5.000,0.286,1.435,0.080
193300,5.000,0.286,1.435,0.080
193500,5.000,0.286,1.435,0.080
193700,5.000,0.287,1.435,0.080
193900,5.000,0.286,1.435,0.080
194100,5.000,0.286,1.435,0.080
194300,5.000,0.287,1.435,0.080
194500,5.000,0.287,1.435,0.080
194700,5.000,0.287,1.438,0.080
194900,5.000,0.287,1.435,0.081
195100,5.000,0.287,1.435,0.081
195300,5.000,0.287,1.435,0.081
195500,5.000,0.287,1.435,0.081
195700,5.000,0.287,1.435,0.081
195900,5.000,0.287,1.435,0.081
196100,5.000,0.287,1.435,0.081
196300,5.000,0.287,1.435,0.081
196500,5.000,0.287,1.438,0.081
196700,5.000,0.287,1.435,0.081
196900,5.000,0.287,1.435,0.081
197100,5.000,0.287,1.435,0.081
197300,5.000,0.287,1.435,0.082
197500,5.000,0.287,1.435,0.082
197700,5.000,0.287,1.435,0.082
197900,5.000,0.286,1.435,0.082
198100,5.000,0.286,1.435,0.082
198300,5.000,0.287,1.435,0.082
198500,5.000,0.286,1.435,0.082
198700,5.000,0.286,1.435,0.082
198900,5.000,0.286,1.435,0.082
199100,5.000,0.286,1.435,0.082
199300,5.000,0.286,1.435,0.082
199500,5.000,0.286,1.435,0.082
199700,5.000,0.286,1.435,0.083
199900,5.000,0.287,1.435,0.083
200100,5.000,0.287,1.435,0.083
200300,5.000,0.288,1.442,0.083
200500,5.000,0.287,1.435,0.083
200700,5.000,0.287,1.438,0.083
200900,5.000,0.287,1.435,0.083
201100,5.000,0.287,1.435,0.083
201300,5.000,0.287,1.435,0.083
201500,5.000,0.287,1.435,0.083
201700,5.000,0.287,1.435,0.083
201900,5.000,0.287,1.435,0.083
202100,5.000,0.286,1.435,0.084
202300,5.000,0.287,1.438,0.084
202500,5.000,0.287,1.435,0.084
202700,5.000,0.287,1.435,0.084
202900,5.000,0.286,1.435,0.084
203100,5.000,0.287,1.435,0.084
203300,5.000,0.287,1.435,0.084
203500,5.000,0.286,1.435,0.084
203700,5.000,0.286,1.435,0.084
203900,5.000,0.286,1.435,0.084
204100,5.000,0.296,1.484,0.084
204300,5.000,0.296,1.484,0.084
204500,5.000,0.307,1.542,0.085
204700,5.000,0.289,1.450,0.085
204900,5.000,0.287,1.435,0.085
205100,5.000,0.287,1.435,0.085
205300,5.000,0.287,1.435,0.085
205500,5.000,0.286,1.435,0.085
205700,5.000,0.286,1.435,0.085
205900,5.000,0.287,1.435,0.085
206100,5.000,0.287,1.435,0.085
206300,5.000,0.287,1.435,0.085
206500,5.000,0.287,1.435,0.085
206700,5.000,0.287,1.435,0.085
206900,5.000,0.287,1.435,0.086
207100,5.000,0.287,1.435,0.086
207300,5.000,0.287,1.438,0.086
207500,5.000,0.287,1.435,0.086
207700,5.000,0.287,1.435,0.086
207900,5.000,0.287,1.435,0.086
208100,5.000,0.287,1.435,0.086
208300,5.000,0.286,1.435,0.086
208500,5.000,0.286,1.435,0.086
208700,5.000,0.286,1.435,0.086
208900,5.000,0.287,1.435,0.086
209100,5.000,0.287,1.435,0.086
209300,5.000,0.287,1.435,0.087
209500,5.000,0.286,1.435,0.087
209700,5.000,0.287,1.435,0.087
209900,5.000,0.286,1.435,0.087
210100,5.000,0.287,1.438,0.087
210300,5.000,0.287,1.438,0.087
210500,5.000,0.286,1.435,0.087
210700,5.000,0.286,1.435,0.087
210900,5.000,0.286,1.435,0.087
211100,5.000,0.287,1.435,0.087
211300,5.000,0.287,1.435,0.087
211500,5.000,0.286,1.435,0.087
211700,5.000,0.286,1.435,0.088
211900,5.000,0.287,1.438,0.088
212100,5.000,0.287,1.435,0.088
212300,5.000,0.286,1.435,0.088
212500,5.000,0.287,1.435,0.088
212700,5.000,0.287,1.435,0.088
212900,5.000,0.287,1.438,0.088
213100,5.000,0.287,1.438,0.088
213300,5.000,0.287,1.435,0.088
213500,5.000,0.287,1.435,0.088
213700,5.000,0.287,1.438,0.088
213900,5.000,0.287,1.435,0.088
214100,5.000,0.287,1.435,0.089
214300,5.000,0.287,1.435,0.089
214500,5.000,0.287,1.435,0.089
214700,5.000,0.287,1.435,0.089
214900,5.000,0.287,1.435,0.089
215100,5.000,0.287,1.435,0.089
215300,5.000,0.286,1.435,0.089
215500,5.000,0.287,1.435,0.089
215700,5.000,0.287,1.435,0.089
215900,5.000,0.287,1.435,0.089
216100,5.000,0.287,1.435,0.089
216300,5.000,0.286,1.435,0.089
216500,5.000,0.286,1.435,0.090
216700,5.000,0.286,1.435,0.090
216900,5.000,0.286,1.435,0.090
217100,5.000,0.286,1.435,0.090
217300,5.000,0.287,1.435,0.090
217500,5.000,0.287,1.435,0.090
217700,5.000,0.287,1.435,0.090
217900,5.000,0.286,1.431,0.090
218100,5.000,0.286,1.435,0.090
218300,5.000,0.286,1.435,0.090
218500,5.000,0.287,1.435,0.090
218700,5.000,0.287,1.435,0.090
218900,5.000,0.287,1.435,0.091
219100,5.000,0.287,1.435,0.091
219300,5.000,0.287,1.435,0.091
219500,5.000,0.288,1.442,0.091
219700,5.000,0.287,1.435,0.091
219900,5.000,0.288,1.442,0.091
220100,5.000,0.288,1.442,0.091
220300,5.000,0.287,1.435,0.091
220500,5.000,0.287,1.438,0.091
220700,5.000,0.287,1.438,0.091
220900,5.000,0.287,1.435,0.091
221100,5.000,0.286,1.435,0.091
221300,5.000,0.286,1.435,0.092
221500,5.000,0.287,1.435,0.092
221700,5.000,0.287,1.435,0.092
221900,5.000,0.286,1.435,0.092
222100,5.000,0.286,1.431,0.092
222300,5.000,0.287,1.435,0.092
222500,5.000,0.287,1.435,0.092
222700,5.000,0.287,1.435,0.092
222900,5.000,0.286,1.435,0.092
223100,5.000,0.287,1.435,0.092
223300,5.000,0.287,1.435,0.092
223500,5.000,0.287,1.438,0.092
223700,5.000,0.286,1.435,0.093
223900,5.000,0.287,1.435,0.093
224100,5.000,0.287,1.438,0.093
224300,5.000,0.287,1.438,0.093
224500,5.000,0.287,1.435,0.093
224700,5.000,0.286,1.431,0.093
224900,5.000,0.286,1.431,0.093
225100,5.000,0.286,1.435,0.093
225300,5.000,0.287,1.438,0.093
225500,5.000,0.287,1.435,0.093
225700,5.000,0.287,1.435,0.093
225900,5.000,0.287,1.435,0.094
226100,5.000,0.287,1.435,0.094
226300,5.000,0.287,1.435,0.094
226500,5.000,0.287,1.435,0.094
226700,5.000,0.287,1.435,0.094
226900,5.000,0.287,1.435,0.094
227100,5.000,0.287,1.435,0.094
227300,5.000,0.287,1.435,0.094
227500,5.000,0.287,1.435,0.094
227700,5.000,0.286,1.435,0.094
227900,5.000,0.286,1.435,0.094
228100,5.000,0.286,1.435,0.094
228300,5.000,0.286,1.435,0.095
228500,5.000,0.286,1.435,0.095
228700,5.000,0.286,1.435,0.095
228900,5.000,0.287,1.435,0.095
229100,5.000,0.287,1.435,0.095
229300,5.000,0.286,1.435,0.095
229500,5.000,0.287,1.435,0.095
229700,5.000,0.286,1.435,0.095
229900,5.000,0.286,1.435,0.095
230100,5.000,0.287,1.435,0.095
230300,5.000,0.287,1.435,0.095
230500,5.000,0.287,1.435,0.095
230700,5.000,0.287,1.435,0.096
230900,5.000,0.287,1.435,0.096
231100,5.000,0.287,1.438,0.096
231300,5.000,0.287,1.435,0.096
231500,5.000,0.286,1.435,0.096
231700,5.000,0.286,1.435,0.096
231900,5.000,0.287,1.435,0.096
232100,5.000,0.287,1.435,0.096
232300,5.000,0.287,1.435,0.096
232500,5.000,0.286,1.435,0.096
232700,5.000,0.287,1.435,0.096
232900,5.000,0.287,1.435,0.096
233100,5.000,0.286,1.435,0.096
233300,5.000,0.286,1.435,0.097
233500,5.000,0.286,1.435,0.097
233700,5.000,0.287,1.435,0.097
233900,5.000,0.287,1.435,0.097
234100,5.000,0.287,1.435,0.097
234300,5.000,0.287,1.435,0.097
234500,5.000,0.286,1.435,0.097
234700,5.000,0.286,1.435,0.097
234900,5.000,0.287,1.435,0.097
235100,5.000,0.286,1.435,0.097
235300,5.000,0.286,1.435,0.097
235500,5.000,0.287,1.435,0.097
235700,5.000,0.287,1.435,0.098
235900,5.000,0.287,1.438,0.098
236100,5.000,0.286,1.435,0.098
236300,5.000,0.286,1.435,0.098
236500,5.000,0.286,1.435,0.098
236700,5.000,0.287,1.435,0.098
236900,5.000,0.287,1.435,0.098
237100,5.000,0.286,1.435,0.098
237300,5.000,0.286,1.435,0.098
237500,5.000,0.287,1.438,0.098
237700,5.000,0.287,1.438,0.098
237900,5.000,0.287,1.435,0.098
238100,5.000,0.287,1.435,0.099
238300,5.000,0.287,1.435,0.099
238500,5.000,0.287,1.438,0.099
238700,5.000,0.287,1.438,0.099
238900,5.000,0.287,1.438,0.099
239100,5.000,0.288,1.438,0.099
239300,5.000,0.287,1.435,0.099
239500,5.000,0.286,1.435,0.099
239700,5.000,0.286,1.435,0.099
239900,5.000,0.286,1.435,0.099
240100,5.000,0.286,1.435,0.099
240300,5.000,0.286,1.435,0.099
240500,5.000,0.287,1.435,0.100
240700,5.000,0.287,1.435,0.100
240900,5.000,0.287,1.438,0.100
241100,5.000,0.286,1.435,0.100
241300,5.000,0.287,1.435,0.100
241500,5.000,0.287,1.435,0.100
241700,5.000,0.287,1.435,0.100
241900,5.000,0.287,1.435,0.100
242100,5.000,0.286,1.435,0.100
242300,5.000,0.287,1.435,0.100
242500,5.000,0.287,1.435,0.100
242700,5.000,0.287,1.438,0.100
