300,5.000,0.301,1.503,0.000
500,5.000,0.293,1.465,0.000
700,5.000,0.293,1.465,0.000
900,5.000,0.292,1.461,0.000
1100,5.000,0.292,1.461,0.000
1300,5.000,0.292,1.461,0.000
1500,5.000,0.292,1.461,0.000
1700,5.000,0.293,1.465,0.000
1900,5.000,0.292,1.461,0.000
2100,5.000,0.292,1.461,0.000
2300,5.000,0.292,1.465,0.000
2500,5.000,0.293,1.465,0.000
2700,5.000,0.292,1.461,0.001
2900,5.000,0.292,1.461,0.001
3100,5.000,0.292,1.461,0.001
3300,5.000,0.292,1.461,0.001
3500,5.000,0.292,1.461,0.001
3700,5.000,0.292,1.461,0.001
3900,5.000,0.292,1.461,0.001
4100,5.000,0.292,1.461,0.001
4300,5.000,0.292,1.461,0.001
4500,5.000,0.292,1.461,0.001
4700,5.000,0.292,1.461,0.001
4900,5.000,0.292,1.461,0.001
5100,5.000,0.292,1.465,0.002
5300,5.000,0.292,1.461,0.002
5500,5.000,0.292,1.461,0.002
5700,5.000,0.292,1.461,0.002
5900,5.000,0.292,1.461,0.002
6100,5.000,0.292,1.461,0.002
6300,5.000,0.292,1.461,0.002
6500,5.000,0.292,1.461,0.002
6700,5.000,0.292,1.465,0.002
6900,5.000,0.292,1.465,0.002
7100,5.000,0.292,1.461,0.002
7300,5.000,0.292,1.461,0.003
7500,5.000,0.293,1.465,0.003
7700,5.000,0.292,1.465,0.003
7900,5.000,0.292,1.465,0.003
8100,5.000,0.292,1.461,0.003
8300,5.000,0.293,1.465,0.003
8500,5.000,0.292,1.461,0.003
8700,5.000,0.292,1.461,0.003
8900,5.000,0.292,1.461,0.003
9100,5.000,0.292,1.461,0.003
9300,5.000,0.292,1.461,0.003
9500,5.000,0.292,1.461,0.003
9700,5.000,0.292,1.461,0.004
9900,5.000,0.292,1.461,0.004
10100,5.000,0.299,1.496,0.004
10300,5.000,0.312,1.564,0.004
10500,5.000,0.312,1.564,0.004
10700,5.000,0.292,1.461,0.004
10900,5.000,0.292,1.461,0.004
11100,5.000,0.292,1.461,0.004
11300,5.000,0.292,1.461,0.004
11500,5.000,0.292,1.461,0.004
11700,5.000,0.292,1.461,0.004
11900,5.000,0.292,1.461,0.004
12100,5.000,0.292,1.461,0.005
12300,5.000,0.293,1.465,0.005
12500,5.000,0.292,1.461,0.005
12700,5.000,0.292,1.461,0.005
12900,5.000,0.292,1.461,0.005
13100,5.000,0.292,1.461,0.005
13300,5.000,0.292,1.461,0.005
13500,5.000,0.292,1.461,0.005
13700,5.000,0.292,1.465,0.005
13900,5.000,0.292,1.461,0.005
14100,5.000,0.293,1.465,0.005
14300,5.000,0.293,1.465,0.005
14500,5.000,0.293,1.465,0.006
14700,5.000,0.294,1.473,0.006
14900,5.000,0.292,1.465,0.006
15100,5.000,0.293,1.465,0.006
15300,5.000,0.293,1.465,0.006
15500,5.000,0.292,1.461,0.006
15700,5.000,0.292,1.461,0.006
15900,5.000,0.292,1.461,0.006
16100,5.000,0.292,1.465,0.006
16300,5.000,0.292,1.465,0.006
16500,5.000,0.292,1.461,0.006
16700,5.000,0.292,1.461,0.007
16900,5.000,0.292,1.461,0.007
17100,5.000,0.292,1.461,0.007
17300,5.000,0.293,1.465,0.007
17500,5.000,0.292,1.461,0.007
17700,5.000,0.292,1.461,0.007
17900,5.000,0.292,1.461,0.007
18100,5.000,0.292,1.461,0.007
18300,5.000,0.292,1.461,0.007
18500,5.000,0.292,1.461,0.007
18700,5.000,0.292,1.461,0.007
18900,5.000,0.292,1.461,0.007
19100,5.000,0.292,1.461,0.008
19300,5.000,0.292,1.461,0.008
19500,5.000,0.292,1.461,0.008
19700,5.000,0.292,1.461,0.008
19900,5.000,0.292,1.461,0.008
20100,5.000,0.292,1.461,0.008
20300,5.000,0.292,1.461,0.008
20500,5.000,0.292,1.465,0.008
20700,5.000,0.293,1.465,0.008
20900,5.000,0.292,1.465,0.008
21100,5.000,0.292,1.461,0.008
21300,5.000,0.292,1.461,0.008
21500,5.000,0.293,1.465,0.009
21700,5.000,0.292,1.461,0.009
21900,5.000,0.292,1.461,0.009
22100,5.000,0.292,1.461,0.009
22300,5.000,0.292,1.461,0.009
22500,5.000,0.292,1.465,0.009
22700,5.000,0.292,1.465,0.009
22900,5.000,0.292,1.461,0.009
23100,5.000,0.292,1.461,0.009
23300,5.000,0.292,1.461,0.009
23500,5.000,0.292,1.461,0.009
23700,5.000,0.292,1.461,0.009
23900,5.000,0.292,1.465,0.010
24100,5.000,0.292,1.461,0.010
24300,5.000,0.292,1.461,0.010
24500,5.000,0.292,1.461,0.010
24700,5.000,0.292,1.461,0.010
24900,5.000,0.292,1.461,0.010
25100,5.000,0.292,1.461,0.010
25300,5.000,0.292,1.461,0.010
25500,5.000,0.292,1.461,0.010
25700,5.000,0.292,1.461,0.010
25900,5.000,0.292,1.461,0.010
26100,5.000,0.292,1.461,0.010
26300,5.000,0.292,1.461,0.011
26500,5.000,0.292,1.461,0.011
26700,5.000,0.292,1.461,0.011
26900,5.000,0.292,1.461,0.011
27100,5.000,0.292,1.461,0.011
27300,5.000,0.292,1.465,0.011
27500,5.000,0.292,1.465,0.011
27700,5.000,0.292,1.461,0.011
27900,5.000,0.292,1.461,0.011
28100,5.000,0.292,1.461,0.011
28300,5.000,0.293,1.465,0.011
28500,5.000,0.293,1.465,0.012
28700,5.000,0.292,1.461,0.012
28900,5.000,0.293,1.469,0.012
29100,5.000,0.293,1.465,0.012
29300,5.000,0.293,1.465,0.012
29500,5.000,0.292,1.461,0.012
29700,5.000,0.292,1.461,0.012
29900,5.000,0.292,1.461,0.012
30100,5.000,0.292,1.461,0.012
30300,5.000,0.292,1.461,0.012
30500,5.000,0.292,1.461,0.012
30700,5.000,0.292,1.461,0.012
30900,5.000,0.292,1.461,0.013
31100,5.000,0.292,1.461,0.013
31300,5.000,0.292,1.461,0.013
31500,5.000,0.292,1.461,0.013
31700,5.000,0.292,1.461,0.013
31900,5.000,0.292,1.461,0.013
32100,5.000,0.292,1.461,0.013
32300,5.000,0.292,1.461,0.013
32500,5.000,0.292,1.461,0.013
32700,5.000,0.292,1.461,0.013
32900,5.000,0.292,1.461,0.013
33100,5.000,0.292,1.461,0.013
33300,5.000,0.292,1.461,0.014
33500,5.000,0.292,1.461,0.014
33700,5.000,0.292,1.461,0.014
33900,5.000,0.293,1.465,0.014
34100,5.000,0.293,1.465,0.014
34300,5.000,0.293,1.465,0.014
34500,5.000,0.292,1.461,0.014
34700,5.000,0.292,1.461,0.014
34900,5.000,0.292,1.461,0.014
35100,5.000,0.292,1.461,0.014
35300,5.000,0.293,1.465,0.014
35500,5.000,0.292,1.461,0.014
35700,5.000,0.292,1.461,0.015
35900,5.000,0.292,1.461,0.015
36100,5.000,0.292,1.461,0.015
36300,5.000,0.292,1.461,0.015
36500,5.000,0.292,1.461,0.015
36700,5.000,0.292,1.461,0.015
36900,5.000,0.292,1.461,0.015
37100,5.000,0.292,1.461,0.015
37300,5.000,0.292,1.461,0.015
37500,5.000,0.292,1.461,0.015
37700,5.000,0.292,1.461,0.015
37900,5.000,0.292,1.461,0.015
38100,5.000,0.292,1.461,0.016
38300,5.000,0.292,1.461,0.016
38500,5.000,0.292,1.461,0.016
38700,5.000,0.292,1.461,0.016
38900,5.000,0.292,1.461,0.016
39100,5.000,0.292,1.461,0.016
39300,5.000,0.292,1.461,0.016
39500,5.000,0.292,1.461,0.016
39700,5.000,0.292,1.461,0.016
39900,5.000,0.292,1.461,0.016
40100,5.000,0.292,1.461,0.016
40300,5.000,0.292,1.461,0.016
40500,5.000,0.292,1.461,0.017
40700,5.000,0.292,1.461,0.017
40900,5.000,0.292,1.461,0.017
41100,5.000,0.293,1.465,0.017
41300,5.000,0.292,1.461,0.017
41500,5.000,0.292,1.461,0.017
41700,5.000,0.292,1.461,0.017
41900,5.000,0.292,1.461,0.017
42100,5.000,0.292,1.461,0.017
42300,5.000,0.293,1.465,0.017
42500,5.000,0.293,1.465,0.017
42700,5.000,0.292,1.461,0.018
42900,5.000,0.292,1.461,0.018
43100,5.000,0.294,1.469,0.018
43300,5.000,0.294,1.469,0.018
43500,5.000,0.293,1.465,0.018
43700,5.000,0.292,1.461,0.018
43900,5.000,0.292,1.461,0.018
44100,5.000,0.292,1.461,0.018
44300,5.000,0.292,1.461,0.018
44500,5.000,0.292,1.461,0.018
44700,5.000,0.292,1.461,0.018
44900,5.000,0.292,1.465,0.018
45100,5.000,0.293,1.465,0.019
45300,5.000,0.292,1.461,0.019
45500,5.000,0.292,1.461,0.019
45700,5.000,0.292,1.461,0.019
45900,5.000,0.292,1.461,0.019
46100,5.000,0.292,1.461,0.019
46300,5.000,0.292,1.461,0.019
46500,5.000,0.292,1.461,0.019
46700,5.000,0.292,1.461,0.019
46900,5.000,0.292,1.461,0.019
47100,5.000,0.292,1.461,0.019
47300,5.000,0.292,1.461,0.019
47500,5.000,0.292,1.461,0.020
47700,5.000,0.292,1.461,0.020
47900,5.000,0.293,1.465,0.020
48100,5.000,0.293,1.465,0.020
48300,5.000,0.292,1.461,0.020
48500,5.000,0.292,1.461,0.020
48700,5.000,0.292,1.461,0.020
48900,5.000,0.293,1.465,0.020
49100,5.000,0.293,1.465,0.020
49300,5.000,0.292,1.461,0.020
49500,5.000,0.292,1.461,0.020
49700,5.000,0.292,1.461,0.020
49900,5.000,0.292,1.461,0.021
50100,5.000,0.292,1.461,0.021
50300,5.000,0.292,1.465,0.021
50500,5.000,0.292,1.461,0.021
50700,5.000,0.292,1.461,0.021
50900,5.000,0.292,1.461,0.021
51100,5.000,0.292,1.461,0.021
51300,5.000,0.292,1.461,0.021
51500,5.000,0.292,1.461,0.021
51700,5.000,0.292,1.461,0.021
51900,5.000,0.292,1.465,0.021
52100,5.000,0.293,1.465,0.021
52300,5.000,0.293,1.465,0.022
52500,5.000,0.292,1.465,0.022
52700,5.000,0.292,1.461,0.022
52900,5.000,0.293,1.465,0.022
53100,5.000,0.292,1.461,0.022
53300,5.000,0.292,1.461,0.022
53500,5.000,0.292,1.461,0.022
53700,5.000,0.292,1.461,0.022
53900,5.000,0.292,1.461,0.022
54100,5.000,0.292,1.461,0.022
54300,5.000,0.292,1.461,0.022
54500,5.000,0.292,1.461,0.023
54700,5.000,0.292,1.461,0.023
54900,5.000,0.292,1.461,0.023
55100,5.000,0.292,1.461,0.023
55300,5.000,0.292,1.461,0.023
55500,5.000,0.292,1.461,0.023
55700,5.000,0.292,1.461,0.023
55900,5.000,0.292,1.461,0.023
56100,5.000,0.292,1.461,0.023
56300,5.000,0.292,1.461,0.023
56500,5.000,0.292,1.461,0.023
56700,5.000,0.292,1.461,0.023
56900,5.000,0.292,1.461,0.024
57100,5.000,0.292,1.461,0.024
57300,5.000,0.292,1.461,0.024
57500,5.000,0.293,1.465,0.024
57700,5.000,0.292,1.461,0.024
57900,5.000,0.292,1.461,0.024
58100,5.000,0.292,1.461,0.024
58300,5.000,0.292,1.461,0.024
58500,5.000,0.292,1.461,0.024
58700,5.000,0.292,1.461,0.024
58900,5.000,0.292,1.461,0.024
59100,5.000,0.292,1.461,0.024
59300,5.000,0.292,1.461,0.025
59500,5.000,0.292,1.461,0.025
59700,5.000,0.292,1.461,0.025
59900,5.000,0.292,1.461,0.025
60100,5.000,0.292,1.461,0.025
60300,5.000,0.292,1.461,0.025
60500,5.000,0.292,1.461,0.025
60700,5.000,0.292,1.461,0.025
60900,5.000,0.292,1.461,0.025
61100,5.000,0.292,1.461,0.025
61300,5.000,0.292,1.461,0.025
61500,5.000,0.292,1.461,0.025
61700,5.000,0.292,1.461,0.026
61900,5.000,0.292,1.461,0.026
62100,5.000,0.292,1.461,0.026
62300,5.000,0.292,1.461,0.026
62500,5.000,0.292,1.461,0.026
62700,5.000,0.293,1.465,0.026
62900,5.000,0.292,1.461,0.026
63100,5.000,0.292,1.461,0.026
63300,5.000,0.292,1.461,0.026
63500,5.000,0.292,1.461,0.026
63700,5.000,0.292,1.461,0.026
63900,5.000,0.292,1.461,0.026
64100,5.000,0.292,1.465,0.027
64300,5.000,0.292,1.461,0.027
64500,5.000,0.292,1.461,0.027
64700,5.000,0.292,1.461,0.027
64900,5.000,0.292,1.461,0.027
65100,5.000,0.292,1.465,0.027
65300,5.000,0.292,1.461,0.027
65500,5.000,0.292,1.461,0.027
65700,5.000,0.292,1.461,0.027
65900,5.000,0.292,1.461,0.027
66100,5.000,0.292,1.461,0.027
66300,5.000,0.292,1.461,0.028
66500,5.000,0.292,1.461,0.028
66700,5.000,0.292,1.461,0.028
66900,5.000,0.293,1.465,0.028
67100,5.000,0.292,1.461,0.028
67300,5.000,0.292,1.461,0.028
67500,5.000,0.293,1.465,0.028
67700,5.000,0.298,1.488,0.028
67900,5.000,0.313,1.564,0.028
68100,5.000,0.313,1.564,0.028
68300,5.000,0.293,1.465,0.028
68500,5.000,0.292,1.461,0.028
68700,5.000,0.292,1.461,0.029
68900,5.000,0.292,1.461,0.029
69100,5.000,0.292,1.461,0.029
69300,5.000,0.292,1.461,0.029
69500,5.000,0.292,1.461,0.029
69700,5.000,0.292,1.461,0.029
69900,5.000,0.292,1.461,0.029
70100,5.000,0.292,1.461,0.029
70300,5.000,0.292,1.461,0.029
70500,5.000,0.292,1.461,0.029
70700,5.000,0.292,1.461,0.029
70900,5.000,0.293,1.465,0.029
71100,5.000,0.292,1.461,0.030
71300,5.000,0.292,1.461,0.030
71500,5.000,0.292,1.461,0.030
71700,5.000,0.293,1.465,0.030
71900,5.000,0.292,1.465,0.030
72100,5.000,0.292,1.465,0.030
72300,5.000,0.292,1.465,0.030
72500,5.000,0.292,1.465,0.030
72700,5.000,0.292,1.461,0.030
72900,5.000,0.292,1.461,0.030
73100,5.000,0.292,1.461,0.030
73300,5.000,0.292,1.461,0.030
73500,5.000,0.292,1.461,0.031
73700,5.000,0.292,1.465,0.031
73900,5.000,0.292,1.465,0.031
74100,5.000,0.292,1.461,0.031
74300,5.000,0.292,1.461,0.031
74500,5.000,0.292,1.461,0.031
74700,5.000,0.292,1.461,0.031
74900,5.000,0.292,1.461,0.031
75100,5.000,0.292,1.461,0.031
75300,5.000,0.292,1.461,0.031
75500,5.000,0.292,1.461,0.031
75700,5.000,0.292,1.461,0.031
75900,5.000,0.292,1.461,0.032
76100,5.000,0.292,1.461,0.032
76300,5.000,0.292,1.461,0.032
76500,5.000,0.292,1.461,0.032
76700,5.000,0.292,1.461,0.032
76900,5.000,0.292,1.461,0.032
77100,5.000,0.292,1.461,0.032
77300,5.000,0.292,1.461,0.032
77500,5.000,0.292,1.461,0.032
77700,5.000,0.292,1.461,0.032
77900,5.000,0.292,1.461,0.032
78100,5.000,0.292,1.465,0.033
78300,5.000,0.292,1.461,0.033
78500,5.000,0.292,1.461,0.033
78700,5.000,0.292,1.465,0.033
78900,5.000,0.292,1.465,0.033
79100,5.000,0.292,1.461,0.033
79300,5.000,0.292,1.465,0.033
79500,5.000,0.292,1.465,0.033
79700,5.000,0.293,1.465,0.033
79900,5.000,0.292,1.465,0.033
80100,5.000,0.292,1.461,0.033
80300,5.000,0.292,1.461,0.033
80500,5.000,0.292,1.465,0.034
80700,5.000,0.292,1.465,0.034
80900,5.000,0.292,1.461,0.034
81100,5.000,0.292,1.461,0.034
81300,5.000,0.292,1.461,0.034
81500,5.000,0.294,1.469,0.034
81700,5.000,0.292,1.461,0.034
81900,5.000,0.292,1.461,0.034
82100,5.000,0.292,1.461,0.034
82300,5.000,0.292,1.461,0.034
82500,5.000,0.292,1.461,0.034
82700,5.000,0.292,1.461,0.034
82900,5.000,0.292,1.461,0.035
83100,5.000,0.292,1.461,0.035
83300,5.000,0.292,1.461,0.035
83500,5.000,0.292,1.461,0.035
83700,5.000,0.292,1.461,0.035
83900,5.000,0.292,1.461,0.035
84100,5.000,0.292,1.461,0.035
84300,5.000,0.292,1.461,0.035
84500,5.000,0.292,1.461,0.035
84700,5.000,0.292,1.461,0.035
84900,5.000,0.292,1.461,0.035
85100,5.000,0.292,1.461,0.035
85300,5.000,0.292,1.461,0.036
85500,5.000,0.292,1.461,0.036
85700,5.000,0.292,1.465,0.036
85900,5.000,0.292,1.461,0.036
86100,5.000,0.293,1.469,0.036
86300,5.000,0.293,1.469,0.036
86500,5.000,0.292,1.465,0.036
86700,5.000,0.292,1.461,0.036
86900,5.000,0.292,1.461,0.036
87100,5.000,0.292,1.465,0.036
87300,5.000,0.293,1.465,0.036
87500,5.000,0.292,1.461,0.037
87700,5.000,0.292,1.461,0.037
87900,5.000,0.292,1.461,0.037
88100,5.000,0.292,1.461,0.037
88300,5.000,0.292,1.461,0.037
88500,5.000,0.292,1.461,0.037
88700,5.000,0.292,1.461,0.037
88900,5.000,0.292,1.461,0.037
89100,5.000,0.292,1.461,0.037
89300,5.000,0.292,1.461,0.037
89500,5.000,0.292,1.461,0.037
89700,5.000,0.292,1.458,0.037
89900,5.000,0.292,1.461,0.038
90100,5.000,0.292,1.461,0.038
90300,5.000,0.292,1.461,0.038
90500,5.000,0.292,1.461,0.038
90700,5.000,0.292,1.461,0.038
90900,5.000,0.292,1.461,0.038
91100,5.000,0.292,1.461,0.038
91300,5.000,0.292,1.461,0.038
91500,5.000,0.292,1.461,0.038
91700,5.000,0.292,1.465,0.038
91900,5.000,0.292,1.465,0.038
92100,5.000,0.293,1.465,0.038
92300,5.000,0.292,1.461,0.039
92500,5.000,0.292,1.461,0.039
92700,5.000,0.293,1.465,0.039
92900,5.000,0.293,1.465,0.039
93100,5.000,0.292,1.461,0.039
93300,5.000,0.292,1.461,0.039
93500,5.000,0.292,1.461,0.039
93700,5.000,0.292,1.461,0.039
93900,5.000,0.293,1.465,0.039
94100,5.000,0.292,1.461,0.039
94300,5.000,0.292,1.461,0.039
94500,5.000,0.292,1.465,0.040
94700,5.000,0.292,1.461,0.040
94900,5.000,0.292,1.461,0.040
95100,5.000,0.292,1.461,0.040
95300,5.000,0.292,1.461,0.040
95500,5.000,0.292,1.461,0.040
95700,5.000,0.292,1.465,0.040
95900,5.000,0.292,1.465,0.040
96100,5.000,0.292,1.465,0.040
96300,5.000,0.293,1.465,0.040
96500,5.000,0.292,1.461,0.040
96700,5.000,0.292,1.461,0.040
96900,5.000,0.292,1.461,0.041
97100,5.000,0.292,1.461,0.041
97300,5.000,0.292,1.461,0.041
97500,5.000,0.292,1.461,0.041
97700,5.000,0.292,1.461,0.041
97900,5.000,0.292,1.461,0.041
98100,5.000,0.292,1.461,0.041
98300,5.000,0.292,1.461,0.041
98500,5.000,0.292,1.461,0.041
98700,5.000,0.293,1.465,0.041
98900,5.000,0.292,1.461,0.041
99100,5.000,0.292,1.461,0.041
99300,5.000,0.292,1.461,0.042
99500,5.000,0.292,1.461,0.042
99700,5.000,0.292,1.461,0.042
99900,5.000,0.292,1.461,0.042
100100,5.000,0.292,1.461,0.042
100300,5.000,0.292,1.461,0.042
100500,5.000,0.292,1.461,0.042
100700,5.000,0.294,1.469,0.042
100900,5.000,0.294,1.469,0.042
101100,5.000,0.294,1.469,0.042
101300,5.000,0.292,1.465,0.042
101500,5.000,0.292,1.461,0.042
101700,5.000,0.292,1.461,0.043
101900,5.000,0.292,1.461,0.043
102100,5.000,0.293,1.465,0.043
102300,5.000,0.292,1.461,0.043
102500,5.000,0.293,1.465,0.043
102700,5.000,0.293,1.465,0.043
102900,5.000,0.293,1.461,0.043
103100,5.000,0.292,1.461,0.043
103300,5.000,0.292,1.461,0.043
103500,5.000,0.292,1.461,0.043
103700,5.000,0.292,1.461,0.043
103900,5.000,0.292,1.461,0.043
104100,5.000,0.292,1.461,0.044
104300,5.000,0.292,1.461,0.044
104500,5.000,0.292,1.461,0.044
104700,5.000,0.292,1.461,0.044
104900,5.000,0.292,1.461,0.044
105100,5.000,0.292,1.461,0.044
105300,5.000,0.292,1.461,0.044
105500,5.000,0.292,1.461,0.044
105700,5.000,0.292,1.461,0.044
105900,5.000,0.292,1.461,0.044
106100,5.000,0.292,1.461,0.044
106300,5.000,0.293,1.465,0.045
106500,5.000,0.292,1.461,0.045
106700,5.000,0.292,1.465,0.045
106900,5.000,0.292,1.465,0.045
107100,5.000,0.292,1.465,0.045
107300,5.000,0.292,1.461,0.045
107500,5.000,0.292,1.461,0.045
107700,5.000,0.292,1.461,0.045
107900,5.000,0.292,1.461,0.045
108100,5.000,0.292,1.461,0.045
108300,5.000,0.292,1.461,0.045
108500,5.000,0.292,1.461,0.045
108700,5.000,0.300,1.500,0.046
108900,5.000,0.293,1.465,0.046
109100,5.000,0.292,1.465,0.046
109300,5.000,0.292,1.465,0.046
109500,5.000,0.293,1.465,0.046
109700,5.000,0.292,1.461,0.046
109900,5.000,0.292,1.461,0.046
110100,5.000,0.292,1.461,0.046
110300,5.000,0.292,1.461,0.046
110500,5.000,0.292,1.461,0.046
110700,5.000,0.292,1.461,0.046
110900,5.000,0.292,1.461,0.046
111100,5.000,0.292,1.461,0.047
111300,5.000,0.292,1.461,0.047
111500,5.000,0.292,1.461,0.047
111700,5.000,0.292,1.461,0.047
111900,5.000,0.292,1.461,0.047
112100,5.000,0.292,1.461,0.047
112300,5.000,0.292,1.461,0.047
112500,5.000,0.292,1.461,0.047
112700,5.000,0.292,1.461,0.047
112900,5.000,0.292,1.461,0.047
113100,5.000,0.292,1.461,0.047
113300,5.000,0.292,1.461,0.047
113500,5.000,0.292,1.461,0.048
113700,5.000,0.292,1.461,0.048
113900,5.000,0.292,1.461,0.048
114100,5.000,0.292,1.461,0.048
114300,5.000,0.292,1.461,0.048
114500,5.000,0.292,1.461,0.048
114700,5.000,0.292,1.461,0.048
114900,5.000,0.292,1.461,0.048
115100,5.000,0.292,1.461,0.048
115300,5.000,0.292,1.461,0.048
115500,5.000,0.292,1.461,0.048
115700,5.000,0.293,1.465,0.048
115900,5.000,0.293,1.465,0.049
116100,5.000,0.292,1.461,0.049
116300,5.000,0.292,1.461,0.049
116500,5.000,0.292,1.461,0.049
116700,5.000,0.292,1.461,0.049
116900,5.000,0.292,1.461,0.049
117100,5.000,0.292,1.461,0.049
117300,5.000,0.292,1.461,0.049
117500,5.000,0.292,1.461,0.049
117700,5.000,0.292,1.461,0.049
117900,5.000,0.292,1.461,0.049
118100,5.000,0.292,1.461,0.050
118300,5.000,0.292,1.461,0.050
118500,5.000,0.292,1.461,0.050
118700,5.000,0.292,1.461,0.050
118900,5.000,0.292,1.461,0.050
119100,5.000,0.292,1.461,0.050
119300,5.000,0.292,1.461,0.050
119500,5.000,0.292,1.461,0.050
119700,5.000,0.293,1.465,0.050
119900,5.000,0.292,1.461,0.050
120100,5.000,0.292,1.461,0.050
120300,5.000,0.292,1.465,0.050
120500,5.000,0.292,1.461,0.051
120700,5.000,0.292,1.461,0.051
120900,5.000,0.292,1.461,0.051
121100,5.000,0.292,1.461,0.051
121300,5.000,0.292,1.461,0.051
121500,5.000,0.292,1.461,0.051
121700,5.000,0.292,1.465,0.051
121900,5.000,0.293,1.465,0.051
122100,5.000,0.292,1.461,0.051
122300,5.000,0.292,1.461,0.051
122500,5.000,0.292,1.461,0.051
122700,5.000,0.293,1.465,0.051
122900,5.000,0.292,1.465,0.052
123100,5.000,0.292,1.465,0.052
123300,5.000,0.292,1.465,0.052
123500,5.000,0.292,1.461,0.052
123700,5.000,0.292,1.461,0.052
123900,5.000,0.292,1.461,0.052
124100,5.000,0.292,1.461,0.052
124300,5.000,0.292,1.461,0.052
124500,5.000,0.292,1.465,0.052
124700,5.000,0.292,1.461,0.052
124900,5.000,0.292,1.461,0.052
125100,5.000,0.292,1.461,0.052
125300,5.000,0.296,1.480,0.053
125500,5.000,0.314,1.572,0.053
125700,5.000,0.314,1.572,0.053
125900,5.000,0.292,1.465,0.053
126100,5.000,0.292,1.465,0.053
126300,5.000,0.292,1.461,0.053
126500,5.000,0.292,1.461,0.053
126700,5.000,0.292,1.461,0.053
126900,5.000,0.292,1.465,0.053
127100,5.000,0.292,1.461,0.053
127300,5.000,0.293,1.465,0.053
127500,5.000,0.293,1.465,0.053
127700,5.000,0.292,1.461,0.054
127900,5.000,0.292,1.461,0.054
128100,5.000,0.292,1.461,0.054
128300,5.000,0.292,1.461,0.054
128500,5.000,0.292,1.461,0.054
128700,5.000,0.292,1.461,0.054
128900,5.000,0.292,1.461,0.054
129100,5.000,0.292,1.461,0.054
129300,5.000,0.292,1.461,0.054
129500,5.000,0.292,1.461,0.054
129700,5.000,0.294,1.473,0.054
129900,5.000,0.294,1.473,0.055
130100,5.000,0.292,1.465,0.055
130300,5.000,0.293,1.465,0.055
130500,5.000,0.292,1.461,0.055
130700,5.000,0.292,1.461,0.055
130900,5.000,0.292,1.461,0.055
131100,5.000,0.292,1.461,0.055
131300,5.000,0.292,1.461,0.055
131500,5.000,0.292,1.461,0.055
131700,5.000,0.292,1.461,0.055
131900,5.000,0.292,1.461,0.055
132100,5.000,0.292,1.461,0.055
132300,5.000,0.292,1.461,0.056
132500,5.000,0.292,1.461,0.056
132700,5.000,0.292,1.461,0.056
132900,5.000,0.292,1.461,0.056
133100,5.000,0.292,1.461,0.056
133300,5.000,0.292,1.461,0.056
133500,5.000,0.292,1.461,0.056
133700,5.000,0.292,1.461,0.056
133900,5.000,0.292,1.465,0.056
134100,5.000,0.292,1.465,0.056
134300,5.000,0.292,1.461,0.056
134500,5.000,0.293,1.465,0.056
134700,5.000,0.293,1.465,0.057
134900,5.000,0.292,1.461,0.057
135100,5.000,0.292,1.461,0.057
135300,5.000,0.292,1.461,0.057
135500,5.000,0.292,1.461,0.057
135700,5.000,0.292,1.461,0.057
135900,5.000,0.293,1.465,0.057
136100,5.000,0.292,1.461,0.057
136300,5.000,0.292,1.465,0.057
136500,5.000,0.292,1.465,0.057
136700,5.000,0.292,1.465,0.057
136900,5.000,0.292,1.465,0.057
137100,5.000,0.293,1.465,0.058
137300,5.000,0.293,1.465,0.058
137500,5.000,0.292,1.461,0.058
137700,5.000,0.292,1.461,0.058
137900,5.000,0.292,1.461,0.058
138100,5.000,0.292,1.461,0.058
138300,5.000,0.292,1.461,0.058
138500,5.000,0.292,1.461,0.058
138700,5.000,0.292,1.461,0.058
138900,5.000,0.292,1.461,0.058
139100,5.000,0.293,1.465,0.058
139300,5.000,0.292,1.461,0.058
139500,5.000,0.292,1.461,0.059
139700,5.000,0.292,1.461,0.059
139900,5.000,0.292,1.465,0.059
140100,5.000,0.292,1.461,0.059
140300,5.000,0.292,1.461,0.059
140500,5.000,0.292,1.461,0.059
140700,5.000,0.292,1.461,0.059
140900,5.000,0.292,1.461,0.059
141100,5.000,0.292,1.461,0.059
141300,5.000,0.292,1.461,0.059
141500,5.000,0.292,1.461,0.059
141700,5.000,0.292,1.461,0.060
141900,5.000,0.292,1.461,0.060
142100,5.000,0.292,1.461,0.060
142300,5.000,0.292,1.465,0.060
142500,5.000,0.292,1.461,0.060
142700,5.000,0.292,1.461,0.060
142900,5.000,0.293,1.465,0.060
143100,5.000,0.293,1.465,0.060
143300,5.000,0.292,1.461,0.060
143500,5.000,0.292,1.461,0.060
143700,5.000,0.293,1.465,0.060
143900,5.000,0.293,1.465,0.060
144100,5.000,0.293,1.465,0.061
144300,5.000,0.292,1.461,0.061
144500,5.000,0.292,1.461,0.061
144700,5.000,0.292,1.465,0.061
144900,5.000,0.292,1.461,0.061
145100,5.000,0.292,1.461,0.061
145300,5.000,0.292,1.461,0.061
145500,5.000,0.292,1.461,0.061
145700,5.000,0.292,1.461,0.061
145900,5.000,0.293,1.465,0.061
146100,5.000,0.292,1.461,0.061
146300,5.000,0.292,1.461,0.061
146500,5.000,0.292,1.461,0.062
146700,5.000,0.292,1.461,0.062
146900,5.000,0.292,1.465,0.062
147100,5.000,0.292,1.465,0.062
147300,5.000,0.292,1.461,0.062
147500,5.000,0.292,1.461,0.062
147700,5.000,0.292,1.461,0.062
147900,5.000,0.292,1.461,0.062
148100,5.000,0.292,1.461,0.062
148300,5.000,0.292,1.461,0.062
148500,5.000,0.292,1.465,0.062
148700,5.000,0.292,1.465,0.062
148900,5.000,0.292,1.461,0.063
149100,5.000,0.292,1.461,0.063
149300,5.000,0.292,1.461,0.063
149500,5.000,0.292,1.461,0.063
149700,5.000,0.292,1.461,0.063
149900,5.000,0.292,1.465,0.063
150100,5.000,0.292,1.461,0.063
150300,5.000,0.292,1.465,0.063
150500,5.000,0.292,1.465,0.063
150700,5.000,0.292,1.461,0.063
150900,5.000,0.292,1.465,0.063
151100,5.000,0.292,1.461,0.063
151300,5.000,0.292,1.461,0.064
151500,5.000,0.292,1.461,0.064
151700,5.000,0.292,1.461,0.064
151900,5.000,0.292,1.461,0.064
152100,5.000,0.292,1.461,0.064
152300,5.000,0.292,1.461,0.064
152500,5.000,0.292,1.461,0.064
152700,5.000,0.292,1.461,0.064
152900,5.000,0.292,1.461,0.064
153100,5.000,0.292,1.461,0.064
153300,5.000,0.292,1.465,0.064
153500,5.000,0.292,1.461,0.065
153700,5.000,0.292,1.461,0.065
153900,5.000,0.292,1.461,0.065
154100,5.000,0.292,1.461,0.065
154300,5.000,0.292,1.461,0.065
154500,5.000,0.292,1.461,0.065
154700,5.000,0.292,1.461,0.065
154900,5.000,0.292,1.461,0.065
155100,5.000,0.292,1.461,0.065
155300,5.000,0.292,1.461,0.065
155500,5.000,0.292,1.461,0.065
155700,5.000,0.292,1.461,0.065
155900,5.000,0.292,1.461,0.066
156100,5.000,0.292,1.461,0.066
156300,5.000,0.293,1.465,0.066
156500,5.000,0.293,1.465,0.066
156700,5.000,0.292,1.461,0.066
156900,5.000,0.293,1.465,0.066
157100,5.000,0.293,1.465,0.066
157300,5.000,0.292,1.465,0.066
157500,5.000,0.292,1.465,0.066
157700,5.000,0.292,1.461,0.066
157900,5.000,0.292,1.461,0.066
158100,5.000,0.293,1.465,0.066
158300,5.000,0.294,1.469,0.067
158500,5.000,0.294,1.469,0.067
158700,5.000,0.292,1.461,0.067
158900,5.000,0.292,1.461,0.067
159100,5.000,0.293,1.461,0.067
159300,5.000,0.292,1.461,0.067
159500,5.000,0.292,1.461,0.067
159700,5.000,0.292,1.461,0.067
159900,5.000,0.292,1.461,0.067
160100,5.000,0.292,1.461,0.067
160300,5.000,0.292,1.461,0.067
160500,5.000,0.293,1.461,0.067
160700,5.000,0.292,1.461,0.068
160900,5.000,0.292,1.461,0.068
161100,5.000,0.292,1.461,0.068
161300,5.000,0.292,1.461,0.068
161500,5.000,0.292,1.465,0.068
161700,5.000,0.292,1.461,0.068
161900,5.000,0.292,1.461,0.068
162100,5.000,0.292,1.461,0.068
162300,5.000,0.292,1.461,0.068
162500,5.000,0.292,1.461,0.068
162700,5.000,0.292,1.461,0.068
162900,5.000,0.292,1.461,0.068
163100,5.000,0.293,1.465,0.069
163300,5.000,0.294,1.473,0.069
163500,5.000,0.292,1.461,0.069
163700,5.000,0.292,1.461,0.069
163900,5.000,0.292,1.465,0.069
164100,5.000,0.293,1.465,0.069
164300,5.000,0.293,1.465,0.069
164500,5.000,0.293,1.465,0.069
164700,5.000,0.293,1.465,0.069
164900,5.000,0.292,1.461,0.069
165100,5.000,0.292,1.461,0.069
165300,5.000,0.292,1.461,0.070
165500,5.000,0.292,1.461,0.070
165700,5.000,0.292,1.461,0.070
165900,5.000,0.292,1.461,0.070
166100,5.000,0.292,1.461,0.070
166300,5.000,0.292,1.461,0.070
166500,5.000,0.292,1.461,0.070
166700,5.000,0.292,1.461,0.070
166900,5.000,0.292,1.461,0.070
167100,5.000,0.292,1.461,0.070
167300,5.000,0.292,1.461,0.070
167500,5.000,0.292,1.461,0.070
167700,5.000,0.292,1.461,0.071
167900,5.000,0.292,1.461,0.071
168100,5.000,0.292,1.461,0.071
168300,5.000,0.294,1.473,0.071
168500,5.000,0.292,1.461,0.071
168700,5.000,0.292,1.461,0.071
168900,5.000,0.292,1.461,0.071
169100,5.000,0.292,1.461,0.071
169300,5.000,0.292,1.461,0.071
169500,5.000,0.292,1.461,0.071
169700,5.000,0.292,1.461,0.071
169900,5.000,0.292,1.461,0.071
170100,5.000,0.292,1.461,0.072
170300,5.000,0.292,1.461,0.072
170500,5.000,0.292,1.461,0.072
170700,5.000,0.293,1.465,0.072
170900,5.000,0.293,1.465,0.072
171100,5.000,0.293,1.465,0.072
171300,5.000,0.292,1.465,0.072
171500,5.000,0.292,1.461,0.072
171700,5.000,0.292,1.461,0.072
171900,5.000,0.292,1.461,0.072
172100,5.000,0.292,1.461,0.072
172300,5.000,0.292,1.461,0.072
172500,5.000,0.292,1.461,0.073
172700,5.000,0.292,1.461,0.073
172900,5.000,0.292,1.461,0.073
173100,5.000,0.292,1.465,0.073
173300,5.000,0.292,1.461,0.073
173500,5.000,0.292,1.461,0.073
173700,5.000,0.292,1.461,0.073
173900,5.000,0.292,1.465,0.073
174100,5.000,0.292,1.465,0.073
174300,5.000,0.292,1.465,0.073
174500,5.000,0.292,1.461,0.073
174700,5.000,0.292,1.461,0.073
174900,5.000,0.292,1.461,0.074
175100,5.000,0.292,1.461,0.074
175300,5.000,0.292,1.461,0.074
175500,5.000,0.292,1.461,0.074
175700,5.000,0.292,1.461,0.074
175900,5.000,0.292,1.461,0.074
176100,5.000,0.292,1.461,0.074
176300,5.000,0.292,1.461,0.074
176500,5.000,0.292,1.461,0.074
176700,5.000,0.292,1.461,0.074
176900,5.000,0.293,1.465,0.074
177100,5.000,0.292,1.461,0.075
177300,5.000,0.292,1.461,0.075
177500,5.000,0.293,1.465,0.075
177700,5.000,0.293,1.465,0.075
177900,5.000,0.293,1.465,0.075
178100,5.000,0.292,1.461,0.075
178300,5.000,0.293,1.465,0.075
178500,5.000,0.293,1.465,0.075
178700,5.000,0.293,1.465,0.075
178900,5.000,0.292,1.461,0.075
179100,5.000,0.292,1.461,0.075
179300,5.000,0.292,1.461,0.075
179500,5.000,0.292,1.461,0.076
179700,5.000,0.292,1.461,0.076
179900,5.000,0.292,1.461,0.076
180100,5.000,0.292,1.461,0.076
180300,5.000,0.292,1.461,0.076
180500,5.000,0.292,1.461,0.076
180700,5.000,0.292,1.461,0.076
180900,5.000,0.292,1.461,0.076
181100,5.000,0.292,1.461,0.076
181300,5.000,0.292,1.461,0.076
181500,5.000,0.292,1.461,0.076
181700,5.000,0.292,1.461,0.076
181900,5.000,0.292,1.461,0.077
182100,5.000,0.292,1.461,0.077
182300,5.000,0.292,1.461,0.077
182500,5.000,0.292,1.461,0.077
182700,5.000,0.292,1.461,0.077
182900,5.000,0.295,1.477,0.077
183100,5.000,0.316,1.584,0.077
183300,5.000,0.316,1.584,0.077
183500,5.000,0.292,1.461,0.077
183700,5.000,0.292,1.461,0.077
183900,5.000,0.292,1.461,0.077
184100,5.000,0.292,1.461,0.078
184300,5.000,0.292,1.461,0.078
184500,5.000,0.292,1.465,0.078
184700,5.000,0.292,1.461,0.078
184900,5.000,0.293,1.465,0.078
185100,5.000,0.293,1.465,0.078
185300,5.000,0.292,1.461,0.078
185500,5.000,0.292,1.461,0.078
185700,5.000,0.292,1.461,0.078
185900,5.000,0.292,1.461,0.078
186100,5.000,0.292,1.461,0.078
186300,5.000,0.292,1.465,0.078
186500,5.000,0.292,1.461,0.079
186700,5.000,0.292,1.461,0.079
186900,5.000,0.292,1.461,0.079
187100,5.000,0.292,1.461,0.079
187300,5.000,0.292,1.465,0.079
187500,5.000,0.292,1.465,0.079
187700,5.000,0.292,1.461,0.079
187900,5.000,0.292,1.465,0.079
188100,5.000,0.292,1.461,0.079
188300,5.000,0.292,1.461,0.079
188500,5.000,0.292,1.461,0.079
188700,5.000,0.292,1.461,0.079
188900,5.000,0.292,1.458,0.080
189100,5.000,0.292,1.461,0.080
189300,5.000,0.292,1.461,0.080
189500,5.000,0.292,1.461,0.080
189700,5.000,0.292,1.461,0.080
189900,5.000,0.292,1.461,0.080
190100,5.000,0.292,1.461,0.080
190300,5.000,0.292,1.461,0.080
190500,5.000,0.292,1.461,0.080
190700,5.000,0.292,1.461,0.080
190900,5.000,0.293,1.465,0.080
191100,5.000,0.292,1.461,0.080
191300,5.000,0.292,1.461,0.081
191500,5.000,0.293,1.465,0.081
191700,5.000,0.293,1.465,0.081
191900,5.000,0.292,1.465,0.081
192100,5.000,0.292,1.461,0.081
192300,5.000,0.292,1.461,0.081
192500,5.000,0.292,1.461,0.081
192700,5.000,0.292,1.461,0.081
192900,5.000,0.293,1.465,0.081
193100,5.000,0.293,1.465,0.081
193300,5.000,0.292,1.465,0.081
193500,5.000,0.292,1.465,0.082
193700,5.000,0.292,1.461,0.082
193900,5.000,0.292,1.465,0.082
194100,5.000,0.292,1.465,0.082
194300,5.000,0.292,1.461,0.082
194500,5.000,0.293,1.465,0.082
194700,5.000,0.293,1.465,0.082
194900,5.000,0.293,1.465,0.082
195100,5.000,0.292,1.461,0.082
195300,5.000,0.292,1.461,0.082
195500,5.000,0.292,1.461,0.082
195700,5.000,0.292,1.461,0.082
195900,5.000,0.292,1.461,0.083
196100,5.000,0.292,1.461,0.083
196300,5.000,0.292,1.461,0.083
196500,5.000,0.292,1.461,0.083
196700,5.000,0.292,1.461,0.083
196900,5.000,0.292,1.461,0.083
197100,5.000,0.296,1.477,0.083
197300,5.000,0.296,1.477,0.083
197500,5.000,0.293,1.465,0.083
197700,5.000,0.293,1.465,0.083
197900,5.000,0.292,1.461,0.083
198100,5.000,0.292,1.461,0.083
198300,5.000,0.292,1.461,0.084
198500,5.000,0.293,1.465,0.084
198700,5.000,0.293,1.461,0.084
198900,5.000,0.292,1.461,0.084
