300,5.000,0.308,1.542,0.000
500,5.000,0.297,1.488,0.000
700,5.000,0.294,1.473,0.000
900,5.000,0.294,1.473,0.000
1100,5.000,0.294,1.473,0.000
1300,5.000,0.295,1.477,0.000
1500,5.000,0.295,1.480,0.000
1700,5.000,0.294,1.477,0.000
1900,5.000,0.294,1.477,0.000
2100,5.000,0.295,1.477,0.000
2300,5.000,0.294,1.473,0.000
2500,5.000,0.295,1.477,0.000
2700,5.000,0.295,1.477,0.001
2900,5.000,0.294,1.473,0.001
3100,5.000,0.294,1.473,0.001
3300,5.000,0.295,1.477,0.001
3500,5.000,0.295,1.477,0.001
3700,5.000,0.294,1.477,0.001
3900,5.000,0.294,1.473,0.001
4100,5.000,0.294,1.473,0.001
4300,5.000,0.294,1.477,0.001
4500,5.000,0.294,1.477,0.001
4700,5.000,0.294,1.473,0.001
4900,5.000,0.294,1.473,0.002
5100,5.000,0.294,1.473,0.002
5300,5.000,0.295,1.477,0.002
5500,5.000,0.294,1.473,0.002
5700,5.000,0.295,1.480,0.002
5900,5.000,0.295,1.480,0.002
6100,5.000,0.294,1.473,0.002
6300,5.000,0.294,1.473,0.002
6500,5.000,0.294,1.473,0.002
6700,5.000,0.294,1.477,0.002
6900,5.000,0.294,1.477,0.002
7100,5.000,0.294,1.477,0.002
7300,5.000,0.294,1.477,0.003
7500,5.000,0.294,1.477,0.003
7700,5.000,0.294,1.477,0.003
7900,5.000,0.294,1.473,0.003
8100,5.000,0.295,1.477,0.003
8300,5.000,0.295,1.477,0.003
8500,5.000,0.295,1.477,0.003
8700,5.000,0.294,1.473,0.003
8900,5.000,0.294,1.473,0.003
9100,5.000,0.295,1.477,0.003
9300,5.000,0.295,1.477,0.003
9500,5.000,0.294,1.473,0.003
9700,5.000,0.295,1.477,0.004
9900,5.000,0.294,1.477,0.004
10100,5.000,0.294,1.477,0.004
10300,5.000,0.295,1.477,0.004
10500,5.000,0.294,1.477,0.004
10700,5.000,0.294,1.473,0.004
10900,5.000,0.294,1.473,0.004
11100,5.000,0.294,1.473,0.004
11300,5.000,0.294,1.477,0.004
11500,5.000,0.294,1.473,0.004
11700,5.000,0.294,1.473,0.004
11900,5.000,0.294,1.473,0.005
12100,5.000,0.294,1.473,0.005
12300,5.000,0.294,1.473,0.005
12500,5.000,0.294,1.473,0.005
12700,5.000,0.294,1.473,0.005
12900,5.000,0.294,1.477,0.005
13100,5.000,0.295,1.477,0.005
13300,5.000,0.294,1.473,0.005
13500,5.000,0.294,1.473,0.005
13700,5.000,0.294,1.473,0.005
13900,5.000,0.295,1.480,0.005
14100,5.000,0.294,1.473,0.005
14300,5.000,0.294,1.473,0.006
14500,5.000,0.294,1.477,0.006
14700,5.000,0.294,1.477,0.006
14900,5.000,0.294,1.477,0.006
15100,5.000,0.295,1.477,0.006
15300,5.000,0.294,1.473,0.006
15500,5.000,0.295,1.480,0.006
15700,5.000,0.295,1.477,0.006
15900,5.000,0.295,1.477,0.006
16100,5.000,0.294,1.473,0.006
16300,5.000,0.294,1.473,0.006
16500,5.000,0.294,1.477,0.006
16700,5.000,0.294,1.477,0.007
16900,5.000,0.295,1.477,0.007
17100,5.000,0.294,1.473,0.007
17300,5.000,0.294,1.473,0.007
17500,5.000,0.294,1.473,0.007
17700,5.000,0.294,1.473,0.007
17900,5.000,0.294,1.473,0.007
18100,5.000,0.294,1.477,0.007
18300,5.000,0.294,1.473,0.007
18500,5.000,0.294,1.473,0.007
18700,5.000,0.294,1.477,0.007
18900,5.000,0.294,1.473,0.007
19100,5.000,0.294,1.473,0.008
19300,5.000,0.294,1.473,0.008
19500,5.000,0.295,1.477,0.008
19700,5.000,0.294,1.473,0.008
19900,5.000,0.294,1.473,0.008
20100,5.000,0.295,1.477,0.008
20300,5.000,0.295,1.477,0.008
20500,5.000,0.295,1.477,0.008
20700,5.000,0.295,1.477,0.008
20900,5.000,0.295,1.477,0.008
21100,5.000,0.294,1.473,0.008
21300,5.000,0.294,1.473,0.009
21500,5.000,0.295,1.477,0.009
21700,5.000,0.295,1.477,0.009
21900,5.000,0.294,1.473,0.009
22100,5.000,0.294,1.473,0.009
22300,5.000,0.294,1.473,0.009
22500,5.000,0.294,1.473,0.009
22700,5.000,0.294,1.473,0.009
22900,5.000,0.294,1.473,0.009
23100,5.000,0.294,1.473,0.009
23300,5.000,0.294,1.473,0.009
23500,5.000,0.294,1.477,0.009
23700,5.000,0.294,1.473,0.010
23900,5.000,0.294,1.469,0.010
24100,5.000,0.294,1.469,0.010
24300,5.000,0.294,1.473,0.010
24500,5.000,0.295,1.477,0.010
24700,5.000,0.294,1.473,0.010
24900,5.000,0.294,1.477,0.010
25100,5.000,0.294,1.477,0.010
25300,5.000,0.294,1.473,0.010
25500,5.000,0.294,1.473,0.010
25700,5.000,0.294,1.473,0.010
25900,5.000,0.295,1.477,0.010
26100,5.000,0.294,1.473,0.011
26300,5.000,0.295,1.477,0.011
26500,5.000,0.295,1.477,0.011
26700,5.000,0.295,1.477,0.011
26900,5.000,0.294,1.473,0.011
27100,5.000,0.294,1.473,0.011
27300,5.000,0.295,1.477,0.011
27500,5.000,0.295,1.477,0.011
27700,5.000,0.294,1.473,0.011
27900,5.000,0.294,1.477,0.011
28100,5.000,0.295,1.477,0.011
28300,5.000,0.295,1.477,0.012
28500,5.000,0.294,1.477,0.012
28700,5.000,0.294,1.469,0.012
28900,5.000,0.294,1.469,0.012
29100,5.000,0.294,1.473,0.012
29300,5.000,0.294,1.473,0.012
29500,5.000,0.294,1.473,0.012
29700,5.000,0.296,1.480,0.012
29900,5.000,0.296,1.480,0.012
30100,5.000,0.294,1.477,0.012
30300,5.000,0.294,1.473,0.012
30500,5.000,0.294,1.473,0.012
30700,5.000,0.294,1.473,0.013
30900,5.000,0.294,1.473,0.013
31100,5.000,0.294,1.473,0.013
31300,5.000,0.295,1.477,0.013
31500,5.000,0.294,1.473,0.013
31700,5.000,0.294,1.473,0.013
31900,5.000,0.294,1.473,0.013
32100,5.000,0.295,1.477,0.013
32300,5.000,0.294,1.473,0.013
32500,5.000,0.294,1.473,0.013
32700,5.000,0.294,1.477,0.013
32900,5.000,0.294,1.473,0.013
33100,5.000,0.294,1.473,0.014
33300,5.000,0.294,1.473,0.014
33500,5.000,0.294,1.473,0.014
33700,5.000,0.294,1.473,0.014
33900,5.000,0.295,1.477,0.014
34100,5.000,0.295,1.477,0.014
34300,5.000,0.294,1.473,0.014
34500,5.000,0.294,1.469,0.014
34700,5.000,0.294,1.473,0.014
34900,5.000,0.294,1.473,0.014
35100,5.000,0.294,1.477,0.014
35300,5.000,0.294,1.473,0.014
35500,5.000,0.294,1.477,0.015
35700,5.000,0.294,1.477,0.015
35900,5.000,0.294,1.469,0.015
36100,5.000,0.294,1.473,0.015
36300,5.000,0.294,1.473,0.015
36500,5.000,0.294,1.473,0.015
36700,5.000,0.294,1.473,0.015
36900,5.000,0.295,1.477,0.015
37100,5.000,0.294,1.473,0.015
37300,5.000,0.294,1.473,0.015
37500,5.000,0.294,1.473,0.015
37700,5.000,0.295,1.477,0.016
37900,5.000,0.294,1.473,0.016
38100,5.000,0.294,1.473,0.016
38300,5.000,0.294,1.477,0.016
38500,5.000,0.294,1.477,0.016
38700,5.000,0.294,1.473,0.016
38900,5.000,0.294,1.473,0.016
39100,5.000,0.294,1.473,0.016
39300,5.000,0.294,1.473,0.016
39500,5.000,0.296,1.480,0.016
39700,5.000,0.296,1.480,0.016
39900,5.000,0.295,1.477,0.016
40100,5.000,0.294,1.473,0.017
40300,5.000,0.294,1.473,0.017
40500,5.000,0.294,1.473,0.017
40700,5.000,0.294,1.473,0.017
40900,5.000,0.306,1.534,0.017
41100,5.000,0.314,1.576,0.017
41300,5.000,0.294,1.473,0.017
41500,5.000,0.294,1.473,0.017
41700,5.000,0.294,1.477,0.017
41900,5.000,0.295,1.477,0.017
42100,5.000,0.294,1.473,0.017
42300,5.000,0.294,1.473,0.018
42500,5.000,0.294,1.473,0.018
42700,5.000,0.296,1.480,0.018
42900,5.000,0.294,1.477,0.018
43100,5.000,0.294,1.473,0.018
43300,5.000,0.294,1.473,0.018
43500,5.000,0.294,1.473,0.018
43700,5.000,0.295,1.477,0.018
43900,5.000,0.295,1.477,0.018
44100,5.000,0.295,1.477,0.018
44300,5.000,0.294,1.473,0.018
44500,5.000,0.295,1.477,0.018
44700,5.000,0.295,1.477,0.019
44900,5.000,0.294,1.473,0.019
45100,5.000,0.294,1.473,0.019
45300,5.000,0.294,1.473,0.019
45500,5.000,0.294,1.477,0.019
45700,5.000,0.294,1.477,0.019
45900,5.000,0.294,1.473,0.019
46100,5.000,0.294,1.477,0.019
46300,5.000,0.294,1.473,0.019
46500,5.000,0.294,1.473,0.019
46700,5.000,0.294,1.473,0.019
46900,5.000,0.294,1.473,0.019
47100,5.000,0.294,1.473,0.020
47300,5.000,0.295,1.477,0.020
47500,5.000,0.295,1.477,0.020
47700,5.000,0.294,1.473,0.020
47900,5.000,0.295,1.477,0.020
48100,5.000,0.295,1.477,0.020
48300,5.000,0.295,1.477,0.020
48500,5.000,0.295,1.477,0.020
48700,5.000,0.295,1.480,0.020
48900,5.000,0.295,1.480,0.020
49100,5.000,0.294,1.473,0.020
49300,5.000,0.295,1.477,0.020
49500,5.000,0.295,1.477,0.021
49700,5.000,0.295,1.477,0.021
49900,5.000,0.294,1.473,0.021
50100,5.000,0.294,1.477,0.021
50300,5.000,0.295,1.477,0.021
50500,5.000,0.295,1.473,0.021
50700,5.000,0.294,1.473,0.021
50900,5.000,0.294,1.473,0.021
51100,5.000,0.295,1.477,0.021
51300,5.000,0.295,1.477,0.021
51500,5.000,0.294,1.473,0.021
51700,5.000,0.294,1.473,0.022
51900,5.000,0.294,1.473,0.022
52100,5.000,0.294,1.477,0.022
52300,5.000,0.294,1.477,0.022
52500,5.000,0.295,1.477,0.022
52700,5.000,0.294,1.473,0.022
52900,5.000,0.294,1.477,0.022
53100,5.000,0.294,1.477,0.022
53300,5.000,0.295,1.477,0.022
53500,5.000,0.294,1.473,0.022
53700,5.000,0.294,1.473,0.022
53900,5.000,0.294,1.473,0.022
54100,5.000,0.294,1.473,0.023
54300,5.000,0.295,1.477,0.023
54500,5.000,0.294,1.473,0.023
54700,5.000,0.294,1.473,0.023
54900,5.000,0.294,1.473,0.023
55100,5.000,0.296,1.480,0.023
55300,5.000,0.295,1.477,0.023
55500,5.000,0.295,1.477,0.023
55700,5.000,0.294,1.473,0.023
55900,5.000,0.295,1.477,0.023
56100,5.000,0.295,1.477,0.023
56300,5.000,0.295,1.477,0.023
56500,5.000,0.294,1.473,0.024
56700,5.000,0.294,1.469,0.024
56900,5.000,0.295,1.477,0.024
57100,5.000,0.294,1.473,0.024
57300,5.000,0.294,1.473,0.024
57500,5.000,0.294,1.469,0.024
57700,5.000,0.294,1.477,0.024
57900,5.000,0.294,1.477,0.024
58100,5.000,0.294,1.477,0.024
58300,5.000,0.293,1.469,0.024
58500,5.000,0.294,1.477,0.024
58700,5.000,0.294,1.477,0.025
58900,5.000,0.294,1.473,0.025
59100,5.000,0.294,1.473,0.025
59300,5.000,0.294,1.477,0.025
59500,5.000,0.294,1.473,0.025
59700,5.000,0.294,1.473,0.025
59900,5.000,0.294,1.473,0.025
60100,5.000,0.294,1.473,0.025
60300,5.000,0.294,1.469,0.025
60500,5.000,0.294,1.469,0.025
60700,5.000,0.294,1.473,0.025
60900,5.000,0.295,1.477,0.025
61100,5.000,0.295,1.477,0.026
61300,5.000,0.294,1.473,0.026
61500,5.000,0.294,1.473,0.026
61700,5.000,0.294,1.473,0.026
61900,5.000,0.294,1.477,0.026
62100,5.000,0.294,1.477,0.026
62300,5.000,0.294,1.473,0.026
62500,5.000,0.294,1.477,0.026
62700,5.000,0.295,1.480,0.026
62900,5.000,0.295,1.480,0.026
63100,5.000,0.294,1.473,0.026
63300,5.000,0.295,1.477,0.026
63500,5.000,0.295,1.473,0.027
63700,5.000,0.294,1.473,0.027
63900,5.000,0.294,1.473,0.027
64100,5.000,0.294,1.473,0.027
64300,5.000,0.294,1.473,0.027
64500,5.000,0.294,1.473,0.027
64700,5.000,0.294,1.473,0.027
64900,5.000,0.294,1.477,0.027
65100,5.000,0.294,1.473,0.027
65300,5.000,0.294,1.473,0.027
65500,5.000,0.294,1.477,0.027
65700,5.000,0.296,1.480,0.027
65900,5.000,0.294,1.473,0.028
66100,5.000,0.294,1.473,0.028
66300,5.000,0.294,1.473,0.028
66500,5.000,0.295,1.477,0.028
66700,5.000,0.295,1.477,0.028
66900,5.000,0.295,1.477,0.028
67100,5.000,0.295,1.477,0.028
67300,5.000,0.294,1.477,0.028
67500,5.000,0.294,1.473,0.028
67700,5.000,0.294,1.473,0.028
67900,5.000,0.294,1.477,0.028
68100,5.000,0.294,1.473,0.029
68300,5.000,0.294,1.477,0.029
68500,5.000,0.295,1.477,0.029
68700,5.000,0.295,1.477,0.029
68900,5.000,0.295,1.477,0.029
69100,5.000,0.294,1.477,0.029
69300,5.000,0.294,1.477,0.029
69500,5.000,0.294,1.477,0.029
69700,5.000,0.295,1.477,0.029
69900,5.000,0.295,1.477,0.029
70100,5.000,0.294,1.473,0.029
70300,5.000,0.295,1.480,0.030
70500,5.000,0.295,1.480,0.030
70700,5.000,0.294,1.473,0.030
70900,5.000,0.294,1.469,0.030
71100,5.000,0.295,1.477,0.030
71300,5.000,0.295,1.477,0.030
71500,5.000,0.295,1.477,0.030
71700,5.000,0.294,1.473,0.030
71900,5.000,0.294,1.473,0.030
72100,5.000,0.294,1.473,0.030
72300,5.000,0.294,1.473,0.030
72500,5.000,0.295,1.477,0.030
72700,5.000,0.294,1.473,0.031
72900,5.000,0.294,1.473,0.031
73100,5.000,0.295,1.480,0.031
73300,5.000,0.295,1.480,0.031
73500,5.000,0.294,1.473,0.031
73700,5.000,0.294,1.473,0.031
73900,5.000,0.294,1.473,0.031
74100,5.000,0.294,1.473,0.031
74300,5.000,0.295,1.477,0.031
74500,5.000,0.295,1.477,0.031
74700,5.000,0.295,1.477,0.031
74900,5.000,0.295,1.477,0.031
75100,5.000,0.295,1.477,0.032
75300,5.000,0.294,1.477,0.032
75500,5.000,0.294,1.477,0.032
75700,5.000,0.294,1.473,0.032
75900,5.000,0.294,1.473,0.032
76100,5.000,0.294,1.473,0.032
76300,5.000,0.295,1.477,0.032
76500,5.000,0.294,1.473,0.032
76700,5.000,0.294,1.477,0.032
76900,5.000,0.294,1.477,0.032
77100,5.000,0.294,1.477,0.032
77300,5.000,0.295,1.477,0.033
77500,5.000,0.295,1.477,0.033
77700,5.000,0.294,1.473,0.033
77900,5.000,0.294,1.473,0.033
78100,5.000,0.295,1.477,0.033
78300,5.000,0.294,1.477,0.033
78500,5.000,0.294,1.477,0.033
78700,5.000,0.294,1.473,0.033
78900,5.000,0.295,1.477,0.033
79100,5.000,0.295,1.477,0.033
79300,5.000,0.295,1.477,0.033
79500,5.000,0.295,1.477,0.033
79700,5.000,0.294,1.473,0.034
79900,5.000,0.294,1.477,0.034
80100,5.000,0.295,1.477,0.034
80300,5.000,0.295,1.477,0.034
80500,5.000,0.294,1.477,0.034
80700,5.000,0.294,1.473,0.034
80900,5.000,0.294,1.473,0.034
81100,5.000,0.294,1.473,0.034
81300,5.000,0.295,1.477,0.034
81500,5.000,0.294,1.473,0.034
81700,5.000,0.294,1.477,0.034
81900,5.000,0.294,1.473,0.034
82100,5.000,0.294,1.473,0.035
82300,5.000,0.294,1.473,0.035
82500,5.000,0.294,1.473,0.035
82700,5.000,0.294,1.473,0.035
82900,5.000,0.294,1.473,0.035
83100,5.000,0.294,1.473,0.035
83300,5.000,0.295,1.477,0.035
83500,5.000,0.295,1.477,0.035
83700,5.000,0.295,1.477,0.035
83900,5.000,0.295,1.480,0.035
84100,5.000,0.294,1.473,0.035
84300,5.000,0.295,1.477,0.035
84500,5.000,0.295,1.477,0.036
84700,5.000,0.294,1.477,0.036
84900,5.000,0.296,1.480,0.036
85100,5.000,0.295,1.477,0.036
85300,5.000,0.295,1.477,0.036
85500,5.000,0.294,1.473,0.036
85700,5.000,0.295,1.477,0.036
85900,5.000,0.295,1.477,0.036
86100,5.000,0.294,1.473,0.036
86300,5.000,0.294,1.473,0.036
86500,5.000,0.294,1.477,0.036
86700,5.000,0.294,1.477,0.037
86900,5.000,0.294,1.477,0.037
87100,5.000,0.294,1.477,0.037
87300,5.000,0.298,1.492,0.037
87500,5.000,0.302,1.511,0.037
87700,5.000,0.302,1.511,0.037
87900,5.000,0.295,1.480,0.037
88100,5.000,0.294,1.477,0.037
88300,5.000,0.294,1.473,0.037
88500,5.000,0.295,1.477,0.037
88700,5.000,0.295,1.477,0.037
88900,5.000,0.295,1.477,0.037
89100,5.000,0.294,1.473,0.038
89300,5.000,0.294,1.480,0.038
89500,5.000,0.296,1.480,0.038
89700,5.000,0.296,1.480,0.038
89900,5.000,0.295,1.477,0.038
90100,5.000,0.295,1.477,0.038
90300,5.000,0.295,1.477,0.038
90500,5.000,0.295,1.480,0.038
90700,5.000,0.295,1.477,0.038
90900,5.000,0.294,1.473,0.038
91100,5.000,0.294,1.473,0.038
91300,5.000,0.294,1.473,0.038
91500,5.000,0.295,1.477,0.039
91700,5.000,0.295,1.477,0.039
91900,5.000,0.295,1.477,0.039
92100,5.000,0.294,1.477,0.039
92300,5.000,0.295,1.477,0.039
92500,5.000,0.295,1.477,0.039
92700,5.000,0.294,1.473,0.039
92900,5.000,0.294,1.473,0.039
93100,5.000,0.294,1.473,0.039
93300,5.000,0.295,1.477,0.039
93500,5.000,0.295,1.477,0.039
93700,5.000,0.295,1.477,0.040
93900,5.000,0.294,1.473,0.040
94100,5.000,0.294,1.473,0.040
94300,5.000,0.294,1.473,0.040
94500,5.000,0.294,1.473,0.040
94700,5.000,0.295,1.480,0.040
94900,5.000,0.295,1.477,0.040
95100,5.000,0.295,1.480,0.040
95300,5.000,0.295,1.480,0.040
95500,5.000,0.295,1.477,0.040
95700,5.000,0.295,1.477,0.040
95900,5.000,0.294,1.473,0.040
96100,5.000,0.294,1.473,0.041
96300,5.000,0.295,1.480,0.041
96500,5.000,0.295,1.477,0.041
96700,5.000,0.295,1.477,0.041
96900,5.000,0.294,1.477,0.041
97100,5.000,0.295,1.477,0.041
97300,5.000,0.294,1.477,0.041
97500,5.000,0.294,1.477,0.041
97700,5.000,0.294,1.477,0.041
97900,5.000,0.295,1.477,0.041
98100,5.000,0.294,1.473,0.041
98300,5.000,0.303,1.515,0.041
98500,5.000,0.303,1.515,0.042
98700,5.000,0.314,1.576,0.042
98900,5.000,0.298,1.492,0.042
99100,5.000,0.296,1.480,0.042
99300,5.000,0.296,1.480,0.042
99500,5.000,0.295,1.477,0.042
99700,5.000,0.295,1.477,0.042
99900,5.000,0.295,1.480,0.042
100100,5.000,0.295,1.477,0.042
100300,5.000,0.295,1.477,0.042
100500,5.000,0.295,1.477,0.042
100700,5.000,0.295,1.477,0.043
100900,5.000,0.295,1.477,0.043
101100,5.000,0.295,1.477,0.043
101300,5.000,0.295,1.477,0.043
101500,5.000,0.294,1.473,0.043
101700,5.000,0.294,1.473,0.043
101900,5.000,0.295,1.477,0.043
102100,5.000,0.295,1.477,0.043
102300,5.000,0.295,1.477,0.043
102500,5.000,0.295,1.477,0.043
102700,5.000,0.295,1.477,0.043
102900,5.000,0.295,1.477,0.043
103100,5.000,0.295,1.477,0.044
103300,5.000,0.295,1.477,0.044
103500,5.000,0.295,1.477,0.044
103700,5.000,0.294,1.473,0.044
103900,5.000,0.295,1.477,0.044
104100,5.000,0.295,1.477,0.044
104300,5.000,0.295,1.477,0.044
104500,5.000,0.294,1.473,0.044
104700,5.000,0.295,1.477,0.044
104900,5.000,0.294,1.477,0.044
105100,5.000,0.294,1.477,0.044
105300,5.000,0.295,1.477,0.044
105500,5.000,0.294,1.477,0.045
105700,5.000,0.295,1.477,0.045
105900,5.000,0.295,1.477,0.045
106100,5.000,0.295,1.477,0.045
106300,5.000,0.295,1.477,0.045
106500,5.000,0.295,1.477,0.045
106700,5.000,0.295,1.480,0.045
106900,5.000,0.295,1.480,0.045
107100,5.000,0.295,1.477,0.045
107300,5.000,0.295,1.477,0.045
107500,5.000,0.295,1.477,0.045
107700,5.000,0.295,1.477,0.046
107900,5.000,0.295,1.480,0.046
108100,5.000,0.295,1.477,0.046
108300,5.000,0.295,1.477,0.046
108500,5.000,0.294,1.473,0.046
108700,5.000,0.294,1.473,0.046
108900,5.000,0.295,1.477,0.046
109100,5.000,0.294,1.473,0.046
109300,5.000,0.294,1.473,0.046
109500,5.000,0.294,1.473,0.046
109700,5.000,0.295,1.480,0.046
109900,5.000,0.294,1.473,0.046
110100,5.000,0.294,1.473,0.047
110300,5.000,0.294,1.473,0.047
110500,5.000,0.295,1.477,0.047
110700,5.000,0.295,1.477,0.047
110900,5.000,0.295,1.477,0.047
111100,5.000,0.295,1.480,0.047
111300,5.000,0.295,1.477,0.047
111500,5.000,0.295,1.477,0.047
111700,5.000,0.295,1.477,0.047
111900,5.000,0.294,1.477,0.047
112100,5.000,0.295,1.480,0.047
112300,5.000,0.295,1.477,0.047
112500,5.000,0.295,1.477,0.048
112700,5.000,0.295,1.477,0.048
112900,5.000,0.294,1.477,0.048
113100,5.000,0.295,1.477,0.048
113300,5.000,0.295,1.477,0.048
113500,5.000,0.294,1.473,0.048
113700,5.000,0.294,1.477,0.048
113900,5.000,0.294,1.473,0.048
114100,5.000,0.294,1.473,0.048
114300,5.000,0.294,1.473,0.048
114500,5.000,0.295,1.477,0.048
114700,5.000,0.294,1.473,0.049
114900,5.000,0.294,1.473,0.049
115100,5.000,0.294,1.473,0.049
115300,5.000,0.295,1.477,0.049
115500,5.000,0.295,1.477,0.049
115700,5.000,0.295,1.477,0.049
115900,5.000,0.295,1.477,0.049
116100,5.000,0.295,1.477,0.049
116300,5.000,0.295,1.477,0.049
116500,5.000,0.295,1.480,0.049
116700,5.000,0.295,1.480,0.049
116900,5.000,0.294,1.477,0.049
117100,5.000,0.294,1.473,0.050
117300,5.000,0.294,1.473,0.050
117500,5.000,0.295,1.480,0.050
117700,5.000,0.294,1.473,0.050
117900,5.000,0.295,1.477,0.050
118100,5.000,0.295,1.477,0.050
118300,5.000,0.295,1.477,0.050
118500,5.000,0.294,1.473,0.050
118700,5.000,0.294,1.473,0.050
118900,5.000,0.294,1.473,0.050
119100,5.000,0.294,1.473,0.050
119300,5.000,0.295,1.477,0.050
119500,5.000,0.295,1.477,0.051
119700,5.000,0.294,1.473,0.051
119900,5.000,0.294,1.473,0.051
120100,5.000,0.294,1.473,0.051
120300,5.000,0.294,1.473,0.051
120500,5.000,0.294,1.473,0.051
120700,5.000,0.295,1.477,0.051
120900,5.000,0.295,1.477,0.051
121100,5.000,0.294,1.473,0.051
121300,5.000,0.294,1.473,0.051
121500,5.000,0.294,1.473,0.051
121700,5.000,0.294,1.473,0.052
121900,5.000,0.294,1.469,0.052
122100,5.000,0.295,1.477,0.052
122300,5.000,0.295,1.477,0.052
122500,5.000,0.294,1.477,0.052
122700,5.000,0.294,1.473,0.052
122900,5.000,0.294,1.473,0.052
123100,5.000,0.295,1.477,0.052
123300,5.000,0.295,1.477,0.052
123500,5.000,0.294,1.473,0.052
123700,5.000,0.294,1.473,0.052
123900,5.000,0.294,1.473,0.052
124100,5.000,0.294,1.473,0.053
124300,5.000,0.294,1.473,0.053
124500,5.000,0.294,1.477,0.053
124700,5.000,0.294,1.477,0.053
124900,5.000,0.295,1.480,0.053
125100,5.000,0.295,1.480,0.053
125300,5.000,0.294,1.473,0.053
125500,5.000,0.294,1.473,0.053
125700,5.000,0.294,1.473,0.053
125900,5.000,0.294,1.473,0.053
126100,5.000,0.294,1.473,0.053
126300,5.000,0.295,1.477,0.053
126500,5.000,0.295,1.477,0.054
126700,5.000,0.294,1.473,0.054
126900,5.000,0.294,1.473,0.054
127100,5.000,0.294,1.473,0.054
127300,5.000,0.294,1.469,0.054
127500,5.000,0.294,1.469,0.054
127700,5.000,0.294,1.473,0.054
127900,5.000,0.294,1.477,0.054
128100,5.000,0.294,1.473,0.054
128300,5.000,0.294,1.473,0.054
128500,5.000,0.294,1.473,0.054
128700,5.000,0.294,1.473,0.054
128900,5.000,0.294,1.473,0.055
129100,5.000,0.294,1.473,0.055
129300,5.000,0.294,1.477,0.055
129500,5.000,0.294,1.469,0.055
129700,5.000,0.294,1.473,0.055
129900,5.000,0.294,1.473,0.055
130100,5.000,0.295,1.477,0.055
130300,5.000,0.294,1.473,0.055
130500,5.000,0.296,1.480,0.055
130700,5.000,0.296,1.480,0.055
130900,5.000,0.294,1.473,0.055
131100,5.000,0.294,1.473,0.056
131300,5.000,0.294,1.473,0.056
131500,5.000,0.294,1.473,0.056
131700,5.000,0.294,1.473,0.056
131900,5.000,0.294,1.473,0.056
132100,5.000,0.294,1.473,0.056
132300,5.000,0.294,1.473,0.056
132500,5.000,0.293,1.469,0.056
132700,5.000,0.294,1.473,0.056
132900,5.000,0.294,1.477,0.056
133100,5.000,0.294,1.477,0.056
133300,5.000,0.293,1.469,0.056
133500,5.000,0.295,1.477,0.057
133700,5.000,0.294,1.473,0.057
133900,5.000,0.294,1.473,0.057
134100,5.000,0.294,1.473,0.057
134300,5.000,0.294,1.473,0.057
134500,5.000,0.294,1.473,0.057
134700,5.000,0.295,1.477,0.057
134900,5.000,0.295,1.477,0.057
135100,5.000,0.294,1.477,0.057
135300,5.000,0.294,1.473,0.057
135500,5.000,0.294,1.473,0.057
135700,5.000,0.295,1.480,0.057
135900,5.000,0.294,1.473,0.058
136100,5.000,0.294,1.477,0.058
136300,5.000,0.294,1.477,0.058
136500,5.000,0.294,1.477,0.058
136700,5.000,0.294,1.477,0.058
136900,5.000,0.294,1.473,0.058
137100,5.000,0.294,1.469,0.058
137300,5.000,0.294,1.469,0.058
137500,5.000,0.295,1.477,0.058
137700,5.000,0.294,1.477,0.058
137900,5.000,0.294,1.473,0.058
138100,5.000,0.294,1.473,0.059
138300,5.000,0.294,1.473,0.059
138500,5.000,0.294,1.473,0.059
138700,5.000,0.294,1.473,0.059
138900,5.000,0.295,1.477,0.059
139100,5.000,0.295,1.477,0.059
139300,5.000,0.294,1.473,0.059
139500,5.000,0.295,1.477,0.059
139700,5.000,0.295,1.477,0.059
139900,5.000,0.294,1.473,0.059
140100,5.000,0.296,1.480,0.059
140300,5.000,0.294,1.473,0.059
140500,5.000,0.294,1.473,0.060
140700,5.000,0.295,1.477,0.060
140900,5.000,0.295,1.477,0.060
141100,5.000,0.294,1.477,0.060
141300,5.000,0.294,1.473,0.060
141500,5.000,0.294,1.473,0.060
141700,5.000,0.295,1.477,0.060
141900,5.000,0.294,1.473,0.060
142100,5.000,0.294,1.473,0.060
142300,5.000,0.294,1.477,0.060
142500,5.000,0.295,1.477,0.060
142700,5.000,0.294,1.473,0.060
142900,5.000,0.294,1.473,0.061
143100,5.000,0.294,1.469,0.061
143300,5.000,0.294,1.477,0.061
143500,5.000,0.294,1.473,0.061
143700,5.000,0.294,1.473,0.061
143900,5.000,0.294,1.473,0.061
144100,5.000,0.294,1.473,0.061
144300,5.000,0.294,1.473,0.061
144500,5.000,0.294,1.477,0.061
144700,5.000,0.294,1.477,0.061
144900,5.000,0.294,1.473,0.061
145100,5.000,0.295,1.477,0.061
145300,5.000,0.295,1.477,0.062
145500,5.000,0.294,1.473,0.062
145700,5.000,0.294,1.473,0.062
145900,5.000,0.294,1.477,0.062
146100,5.000,0.295,1.477,0.062
146300,5.000,0.295,1.477,0.062
146500,5.000,0.294,1.473,0.062
146700,5.000,0.295,1.477,0.062
146900,5.000,0.294,1.473,0.062
147100,5.000,0.294,1.473,0.062
147300,5.000,0.294,1.473,0.062
147500,5.000,0.294,1.473,0.063
147700,5.000,0.294,1.473,0.063
147900,5.000,0.295,1.477,0.063
148100,5.000,0.295,1.477,0.063
148300,5.000,0.294,1.473,0.063
148500,5.000,0.294,1.469,0.063
148700,5.000,0.294,1.473,0.063
148900,5.000,0.294,1.473,0.063
149100,5.000,0.294,1.473,0.063
149300,5.000,0.294,1.473,0.063
149500,5.000,0.294,1.473,0.063
149700,5.000,0.294,1.477,0.063
149900,5.000,0.294,1.473,0.064
150100,5.000,0.294,1.473,0.064
150300,5.000,0.294,1.477,0.064
150500,5.000,0.294,1.477,0.064
150700,5.000,0.294,1.473,0.064
150900,5.000,0.295,1.477,0.064
151100,5.000,0.294,1.473,0.064
151300,5.000,0.294,1.473,0.064
151500,5.000,0.294,1.473,0.064
151700,5.000,0.294,1.473,0.064
151900,5.000,0.294,1.477,0.064
152100,5.000,0.294,1.477,0.064
152300,5.000,0.294,1.473,0.065
152500,5.000,0.294,1.473,0.065
152700,5.000,0.294,1.477,0.065
152900,5.000,0.294,1.473,0.065
153100,5.000,0.294,1.473,0.065
153300,5.000,0.294,1.469,0.065
153500,5.000,0.294,1.477,0.065
153700,5.000,0.294,1.477,0.065
153900,5.000,0.294,1.477,0.065
154100,5.000,0.294,1.469,0.065
154300,5.000,0.294,1.473,0.065
154500,5.000,0.294,1.473,0.066
154700,5.000,0.294,1.477,0.066
154900,5.000,0.294,1.473,0.066
155100,5.000,0.294,1.473,0.066
155300,5.000,0.294,1.469,0.066
155500,5.000,0.294,1.469,0.066
155700,5.000,0.295,1.477,0.066
155900,5.000,0.298,1.496,0.066
156100,5.000,0.298,1.496,0.066
156300,5.000,0.314,1.572,0.066
156500,5.000,0.303,1.522,0.066
156700,5.000,0.295,1.480,0.066
156900,5.000,0.295,1.477,0.067
157100,5.000,0.295,1.477,0.067
157300,5.000,0.294,1.473,0.067
157500,5.000,0.294,1.477,0.067
157700,5.000,0.294,1.473,0.067
157900,5.000,0.294,1.473,0.067
158100,5.000,0.294,1.473,0.067
158300,5.000,0.294,1.469,0.067
158500,5.000,0.294,1.473,0.067
158700,5.000,0.294,1.473,0.067
158900,5.000,0.294,1.469,0.067
159100,5.000,0.294,1.469,0.068
159300,5.000,0.295,1.477,0.068
159500,5.000,0.295,1.477,0.068
159700,5.000,0.295,1.477,0.068
159900,5.000,0.294,1.477,0.068
160100,5.000,0.294,1.477,0.068
160300,5.000,0.294,1.477,0.068
160500,5.000,0.294,1.473,0.068
160700,5.000,0.294,1.473,0.068
160900,5.000,0.294,1.473,0.068
161100,5.000,0.294,1.473,0.068
161300,5.000,0.294,1.473,0.068
161500,5.000,0.295,1.477,0.069
161700,5.000,0.294,1.473,0.069
161900,5.000,0.294,1.473,0.069
162100,5.000,0.294,1.473,0.069
162300,5.000,0.295,1.477,0.069
162500,5.000,0.294,1.473,0.069
162700,5.000,0.295,1.477,0.069
162900,5.000,0.295,1.477,0.069
163100,5.000,0.294,1.473,0.069
163300,5.000,0.294,1.477,0.069
163500,5.000,0.294,1.473,0.069
163700,5.000,0.294,1.469,0.069
163900,5.000,0.294,1.469,0.070
164100,5.000,0.296,1.484,0.070
164300,5.000,0.295,1.480,0.070
164500,5.000,0.295,1.480,0.070
164700,5.000,0.295,1.477,0.070
164900,5.000,0.295,1.480,0.070
165100,5.000,0.294,1.473,0.070
165300,5.000,0.294,1.473,0.070
165500,5.000,0.294,1.473,0.070
165700,5.000,0.295,1.477,0.070
165900,5.000,0.294,1.473,0.070
166100,5.000,0.295,1.480,0.071
166300,5.000,0.295,1.480,0.071
166500,5.000,0.294,1.473,0.071
166700,5.000,0.294,1.473,0.071
166900,5.000,0.294,1.477,0.071
167100,5.000,0.294,1.477,0.071
167300,5.000,0.294,1.477,0.071
167500,5.000,0.295,1.480,0.071
167700,5.000,0.295,1.480,0.071
167900,5.000,0.295,1.480,0.071
168100,5.000,0.295,1.477,0.071
168300,5.000,0.295,1.477,0.071
168500,5.000,0.295,1.477,0.072
168700,5.000,0.295,1.477,0.072
168900,5.000,0.294,1.473,0.072
169100,5.000,0.295,1.477,0.072
169300,5.000,0.295,1.480,0.072
169500,5.000,0.295,1.480,0.072
169700,5.000,0.294,1.473,0.072
169900,5.000,0.295,1.477,0.072
170100,5.000,0.295,1.477,0.072
170300,5.000,0.294,1.477,0.072
170500,5.000,0.294,1.477,0.072
170700,5.000,0.294,1.469,0.072
170900,5.000,0.294,1.473,0.073
171100,5.000,0.294,1.473,0.073
171300,5.000,0.294,1.477,0.073
171500,5.000,0.295,1.477,0.073
171700,5.000,0.295,1.477,0.073
171900,5.000,0.295,1.477,0.073
172100,5.000,0.294,1.473,0.073
172300,5.000,0.294,1.473,0.073
172500,5.000,0.295,1.477,0.073
172700,5.000,0.294,1.473,0.073
172900,5.000,0.294,1.473,0.073
173100,5.000,0.294,1.473,0.074
173300,5.000,0.294,1.477,0.074
173500,5.000,0.294,1.473,0.074
173700,5.000,0.294,1.473,0.074
173900,5.000,0.296,1.484,0.074
174100,5.000,0.295,1.477,0.074
174300,5.000,0.295,1.477,0.074
174500,5.000,0.295,1.477,0.074
174700,5.000,0.295,1.477,0.074
174900,5.000,0.295,1.477,0.074
175100,5.000,0.294,1.473,0.074
175300,5.000,0.294,1.473,0.074
175500,5.000,0.294,1.473,0.075
175700,5.000,0.295,1.477,0.075
175900,5.000,0.295,1.477,0.075
176100,5.000,0.295,1.477,0.075
176300,5.000,0.294,1.473,0.075
176500,5.000,0.294,1.473,0.075
176700,5.000,0.295,1.477,0.075
176900,5.000,0.295,1.477,0.075
177100,5.000,0.294,1.473,0.075
177300,5.000,0.294,1.473,0.075
177500,5.000,0.294,1.477,0.075
177700,5.000,0.294,1.473,0.075
177900,5.000,0.294,1.473,0.076
178100,5.000,0.294,1.473,0.076
178300,5.000,0.300,1.503,0.076
178500,5.000,0.300,1.503,0.076
178700,5.000,0.298,1.492,0.076
178900,5.000,0.295,1.477,0.076
179100,5.000,0.294,1.473,0.076
179300,5.000,0.294,1.473,0.076
179500,5.000,0.294,1.473,0.076
179700,5.000,0.295,1.477,0.076
179900,5.000,0.294,1.469,0.076
180100,5.000,0.294,1.477,0.077
180300,5.000,0.294,1.477,0.077
180500,5.000,0.294,1.477,0.077
180700,5.000,0.294,1.473,0.077
180900,5.000,0.294,1.473,0.077
181100,5.000,0.294,1.477,0.077
181300,5.000,0.294,1.469,0.077
181500,5.000,0.294,1.473,0.077
181700,5.000,0.294,1.473,0.077
181900,5.000,0.294,1.473,0.077
182100,5.000,0.294,1.473,0.077
182300,5.000,0.294,1.473,0.077
182500,5.000,0.294,1.473,0.078
182700,5.000,0.294,1.473,0.078
182900,5.000,0.294,1.473,0.078
183100,5.000,0.294,1.473,0.078
183300,5.000,0.295,1.477,0.078
183500,5.000,0.295,1.477,0.078
183700,5.000,0.294,1.473,0.078
183900,5.000,0.295,1.477,0.078
184100,5.000,0.294,1.473,0.078
184300,5.000,0.295,1.477,0.078
184500,5.000,0.295,1.477,0.078
184700,5.000,0.294,1.473,0.078
184900,5.000,0.294,1.473,0.079
185100,5.000,0.294,1.473,0.079
185300,5.000,0.305,1.526,0.079
185500,5.000,0.294,1.473,0.079
185700,5.000,0.294,1.473,0.079
185900,5.000,0.294,1.473,0.079
186100,5.000,0.294,1.473,0.079
186300,5.000,0.294,1.477,0.079
186500,5.000,0.294,1.473,0.079
186700,5.000,0.294,1.473,0.079
186900,5.000,0.294,1.473,0.079
187100,5.000,0.295,1.477,0.080
187300,5.000,0.294,1.473,0.080
187500,5.000,0.294,1.473,0.080
187700,5.000,0.294,1.473,0.080
187900,5.000,0.295,1.477,0.080
188100,5.000,0.295,1.477,0.080
188300,5.000,0.295,1.477,0.080
188500,5.000,0.295,1.477,0.080
188700,5.000,0.295,1.477,0.080
188900,5.000,0.294,1.473,0.080
189100,5.000,0.295,1.477,0.080
189300,5.000,0.295,1.477,0.080
189500,5.000,0.294,1.477,0.081
189700,5.000,0.294,1.473,0.081
189900,5.000,0.294,1.473,0.081
190100,5.000,0.294,1.473,0.081
190300,5.000,0.295,1.477,0.081
190500,5.000,0.294,1.473,0.081
190700,5.000,0.294,1.477,0.081
190900,5.000,0.295,1.477,0.081
191100,5.000,0.295,1.477,0.081
191300,5.000,0.294,1.473,0.081
191500,5.000,0.294,1.473,0.081
191700,5.000,0.294,1.473,0.081
191900,5.000,0.294,1.473,0.082
192100,5.000,0.295,1.477,0.082
192300,5.000,0.294,1.473,0.082
192500,5.000,0.294,1.473,0.082
192700,5.000,0.294,1.473,0.082
192900,5.000,0.294,1.477,0.082
193100,5.000,0.295,1.477,0.082
193300,5.000,0.294,1.477,0.082
193500,5.000,0.294,1.477,0.082
193700,5.000,0.294,1.477,0.082
193900,5.000,0.294,1.477,0.082
194100,5.000,0.294,1.477,0.082
194300,5.000,0.294,1.477,0.083
194500,5.000,0.294,1.473,0.083
194700,5.000,0.294,1.477,0.083
194900,5.000,0.294,1.477,0.083
195100,5.000,0.294,1.473,0.083
195300,5.000,0.294,1.473,0.083
195500,5.000,0.294,1.473,0.083
195700,5.000,0.294,1.477,0.083
195900,5.000,0.294,1.477,0.083
196100,5.000,0.294,1.473,0.083
196300,5.000,0.295,1.477,0.083
196500,5.000,0.294,1.477,0.084
196700,5.000,0.294,1.477,0.084
196900,5.000,0.295,1.477,0.084
197100,5.000,0.294,1.473,0.084
197300,5.000,0.294,1.469,0.084
197500,5.000,0.294,1.473,0.084
197700,5.000,0.294,1.473,0.084
197900,5.000,0.295,1.480,0.084
198100,5.000,0.295,1.477,0.084
198300,5.000,0.295,1.477,0.084
198500,5.000,0.295,1.477,0.084
198700,5.000,0.294,1.473,0.084
198900,5.000,0.294,1.473,0.085
199100,5.000,0.294,1.473,0.085
199300,5.000,0.295,1.477,0.085
199500,5.000,0.294,1.477,0.085
199700,5.000,0.295,1.480,0.085
199900,5.000,0.295,1.480,0.085
200100,5.000,0.295,1.480,0.085
200300,5.000,0.294,1.477,0.085
200500,5.000,0.295,1.477,0.085
200700,5.000,0.295,1.477,0.085
200900,5.000,0.295,1.477,0.085
201100,5.000,0.294,1.477,0.085
201300,5.000,0.295,1.477,0.086
201500,5.000,0.294,1.473,0.086
201700,5.000,0.294,1.473,0.086
201900,5.000,0.294,1.473,0.086
202100,5.000,0.294,1.477,0.086
202300,5.000,0.294,1.473,0.086
202500,5.000,0.295,1.477,0.086
202700,5.000,0.295,1.477,0.086
202900,5.000,0.294,1.473,0.086
203100,5.000,0.294,1.473,0.086
203300,5.000,0.294,1.473,0.086
203500,5.000,0.294,1.477,0.087
203700,5.000,0.295,1.477,0.087
203900,5.000,0.295,1.477,0.087
204100,5.000,0.295,1.477,0.087
204300,5.000,0.294,1.477,0.087
204500,5.000,0.295,1.477,0.087
204700,5.000,0.295,1.477,0.087
204900,5.000,0.295,1.477,0.087
205100,5.000,0.295,1.477,0.087
205300,5.000,0.295,1.477,0.087
205500,5.000,0.296,1.480,0.087
205700,5.000,0.294,1.477,0.087
205900,5.000,0.294,1.477,0.088
206100,5.000,0.294,1.477,0.088
206300,5.000,0.295,1.477,0.088
206500,5.000,0.294,1.473,0.088
206700,5.000,0.294,1.473,0.088
206900,5.000,0.294,1.477,0.088
207100,5.000,0.294,1.473,0.088
207300,5.000,0.295,1.480,0.088
207500,5.000,0.295,1.480,0.088
207700,5.000,0.294,1.473,0.088
207900,5.000,0.294,1.473,0.088
208100,5.000,0.295,1.477,0.088
208300,5.000,0.295,1.477,0.089
208500,5.000,0.295,1.477,0.089
208700,5.000,0.294,1.473,0.089
208900,5.000,0.294,1.473,0.089
209100,5.000,0.295,1.477,0.089
209300,5.000,0.295,1.477,0.089
209500,5.000,0.294,1.473,0.089
209700,5.000,0.294,1.473,0.089
209900,5.000,0.294,1.473,0.089
210100,5.000,0.294,1.469,0.089
210300,5.000,0.295,1.477,0.089
210500,5.000,0.294,1.473,0.090
210700,5.000,0.294,1.473,0.090
210900,5.000,0.295,1.477,0.090
211100,5.000,0.294,1.477,0.090
211300,5.000,0.294,1.473,0.090
211500,5.000,0.295,1.477,0.090
211700,5.000,0.295,1.477,0.090
211900,5.000,0.295,1.477,0.090
212100,5.000,0.294,1.473,0.090
212300,5.000,0.294,1.473,0.090
212500,5.000,0.294,1.473,0.090
212700,5.000,0.295,1.477,0.090
212900,5.000,0.295,1.477,0.091
213100,5.000,0.295,1.477,0.091
213300,5.000,0.294,1.469,0.091
213500,5.000,0.294,1.469,0.091
213700,5.000,0.316,1.580,0.091
213900,5.000,0.315,1.576,0.091
214100,5.000,0.315,1.576,0.091
214300,5.000,0.295,1.477,0.091
214500,5.000,0.294,1.473,0.091
214700,5.000,0.294,1.473,0.091
214900,5.000,0.294,1.473,0.091
215100,5.000,0.295,1.480,0.091
215300,5.000,0.295,1.477,0.092
215500,5.000,0.294,1.477,0.092
215700,5.000,0.295,1.477,0.092
215900,5.000,0.295,1.477,0.092
216100,5.000,0.295,1.477,0.092
216300,5.000,0.295,1.477,0.092
216500,5.000,0.295,1.477,0.092
216700,5.000,0.295,1.477,0.092
216900,5.000,0.295,1.477,0.092
217100,5.000,0.294,1.477,0.092
217300,5.000,0.294,1.477,0.092
217500,5.000,0.295,1.477,0.093
217700,5.000,0.294,1.469,0.093
217900,5.000,0.295,1.477,0.093
218100,5.000,0.294,1.473,0.093
218300,5.000,0.294,1.473,0.093
218500,5.000,0.294,1.473,0.093
218700,5.000,0.294,1.477,0.093
218900,5.000,0.294,1.473,0.093
219100,5.000,0.294,1.473,0.093
219300,5.000,0.294,1.473,0.093
219500,5.000,0.294,1.477,0.093
219700,5.000,0.294,1.477,0.093
219900,5.000,0.295,1.480,0.094
220100,5.000,0.294,1.473,0.094
220300,5.000,0.294,1.473,0.094
220500,5.000,0.294,1.473,0.094
220700,5.000,0.294,1.473,0.094
220900,5.000,0.295,1.477,0.094
221100,5.000,0.295,1.477,0.094
221300,5.000,0.295,1.477,0.094
221500,5.000,0.295,1.477,0.094
221700,5.000,0.294,1.477,0.094
221900,5.000,0.295,1.477,0.094
222100,5.000,0.294,1.477,0.094
222300,5.000,0.294,1.477,0.095
222500,5.000,0.294,1.473,0.095
222700,5.000,0.295,1.477,0.095
222900,5.000,0.294,1.473,0.095
223100,5.000,0.294,1.473,0.095
223300,5.000,0.294,1.473,0.095
223500,5.000,0.294,1.473,0.095
223700,5.000,0.295,1.477,0.095
223900,5.000,0.295,1.477,0.095
224100,5.000,0.294,1.473,0.095
224300,5.000,0.295,1.477,0.095
224500,5.000,0.294,1.473,0.096
224700,5.000,0.294,1.473,0.096
224900,5.000,0.294,1.473,0.096
225100,5.000,0.294,1.473,0.096
225300,5.000,0.294,1.473,0.096
225500,5.000,0.294,1.473,0.096
225700,5.000,0.294,1.473,0.096
225900,5.000,0.294,1.473,0.096
226100,5.000,0.294,1.469,0.096
226300,5.000,0.294,1.477,0.096
226500,5.000,0.294,1.477,0.096
226700,5.000,0.295,1.477,0.096
226900,5.000,0.295,1.477,0.097
227100,5.000,0.295,1.477,0.097
227300,5.000,0.295,1.477,0.097
227500,5.000,0.295,1.477,0.097
227700,5.000,0.294,1.477,0.097
227900,5.000,0.296,1.480,0.097
228100,5.000,0.296,1.480,0.097
