300,5.000,0.496,2.477,0.000
500,5.000,0.498,2.492,0.000
700,5.000,0.497,2.484,0.000
900,5.000,0.498,2.492,0.000
1100,5.000,0.498,2.492,0.000
1300,5.000,0.500,2.503,0.000
1500,5.000,0.499,2.496,0.000
1700,5.000,0.499,2.496,0.001
1900,5.000,0.500,2.500,0.001
2100,5.000,0.498,2.488,0.001
2300,5.000,0.496,2.484,0.001
2500,5.000,0.496,2.484,0.001
2700,5.000,0.497,2.488,0.001
2900,5.000,0.500,2.500,0.002
3100,5.000,0.498,2.492,0.002
3300,5.000,0.498,2.492,0.002
3500,5.000,0.498,2.492,0.002
3700,5.000,0.498,2.492,0.002
3900,5.000,0.500,2.500,0.002
4100,5.000,0.500,2.500,0.002
4300,5.000,0.498,2.492,0.002
4500,5.000,0.499,2.496,0.003
4700,5.000,0.502,2.507,0.003
4900,5.000,0.502,2.507,0.003
5100,5.000,0.499,2.500,0.003
5300,5.000,0.499,2.496,0.003
5500,5.000,0.499,2.496,0.003
5700,5.000,0.501,2.507,0.004
5900,5.000,0.501,2.507,0.004
6100,5.000,0.496,2.480,0.004
6300,5.000,0.499,2.496,0.004
6500,5.000,0.501,2.507,0.004
6700,5.000,0.501,2.507,0.004
6900,5.000,0.498,2.488,0.004
7100,5.000,0.499,2.496,0.004
7300,5.000,0.501,2.503,0.005
7500,5.000,0.499,2.496,0.005
7700,5.000,0.499,2.496,0.005
7900,5.000,0.499,2.496,0.005
8100,5.000,0.500,2.500,0.005
8300,5.000,0.500,2.500,0.005
8500,5.000,0.502,2.511,0.006
8700,5.000,0.499,2.496,0.006
8900,5.000,0.500,2.500,0.006
9100,5.000,0.500,2.500,0.006
9300,5.000,0.501,2.503,0.006
9500,5.000,0.499,2.496,0.006
9700,5.000,0.502,2.507,0.006
9900,5.000,0.499,2.496,0.007
10100,5.000,0.499,2.496,0.007
10300,5.000,0.498,2.488,0.007
10500,5.000,0.501,2.503,0.007
10700,5.000,0.501,2.503,0.007
10900,5.000,0.501,2.503,0.007
11100,5.000,0.497,2.484,0.007
11300,5.000,0.500,2.500,0.008
11500,5.000,0.500,2.500,0.008
11700,5.000,0.499,2.496,0.008
11900,5.000,0.499,2.496,0.008
12100,5.000,0.499,2.496,0.008
12300,5.000,0.500,2.500,0.008
12500,5.000,0.500,2.500,0.008
12700,5.000,0.500,2.500,0.009
12900,5.000,0.499,2.496,0.009
13100,5.000,0.500,2.500,0.009
13300,5.000,0.500,2.500,0.009
13500,5.000,0.499,2.496,0.009
13700,5.000,0.500,2.500,0.009
13900,5.000,0.500,2.503,0.009
14100,5.000,0.501,2.503,0.010
14300,5.000,0.501,2.503,0.010
14500,5.000,0.498,2.492,0.010
14700,5.000,0.499,2.492,0.010
14900,5.000,0.499,2.492,0.010
15100,5.000,0.500,2.500,0.010
15300,5.000,0.500,2.500,0.010
15500,5.000,0.499,2.496,0.011
15700,5.000,0.499,2.496,0.011
15900,5.000,0.501,2.507,0.011
16100,5.000,0.499,2.496,0.011
16300,5.000,0.501,2.507,0.011
16500,5.000,0.501,2.507,0.011
16700,5.000,0.501,2.507,0.012
16900,5.000,0.498,2.492,0.012
17100,5.000,0.501,2.507,0.012
17300,5.000,0.500,2.500,0.012
17500,5.000,0.500,2.500,0.012
17700,5.000,0.499,2.496,0.012
17900,5.000,0.500,2.503,0.012
18100,5.000,0.500,2.503,0.012
18300,5.000,0.498,2.492,0.013
18500,5.000,0.498,2.492,0.013
18700,5.000,0.500,2.503,0.013
18900,5.000,0.500,2.500,0.013
19100,5.000,0.500,2.500,0.013
19300,5.000,0.502,2.511,0.013
19500,5.000,0.499,2.492,0.014
19700,5.000,0.501,2.507,0.014
19900,5.000,0.501,2.507,0.014
20100,5.000,0.496,2.480,0.014
20300,5.000,0.499,2.496,0.014
20500,5.000,0.501,2.507,0.014
20700,5.000,0.499,2.496,0.014
20900,5.000,0.499,2.496,0.015
21100,5.000,0.499,2.496,0.015
21300,5.000,0.500,2.500,0.015
21500,5.000,0.500,2.500,0.015
21700,5.000,0.500,2.500,0.015
21900,5.000,0.498,2.488,0.015
22100,5.000,0.502,2.511,0.015
22300,5.000,0.502,2.511,0.016
22500,5.000,0.498,2.492,0.016
22700,5.000,0.501,2.507,0.016
22900,5.000,0.498,2.488,0.016
23100,5.000,0.500,2.503,0.016
23300,5.000,0.500,2.503,0.016
23500,5.000,0.498,2.488,0.016
23700,5.000,0.501,2.507,0.017
23900,5.000,0.499,2.496,0.017
24100,5.000,0.499,2.496,0.017
24300,5.000,0.501,2.507,0.017
24500,5.000,0.497,2.488,0.017
24700,5.000,0.501,2.507,0.017
24900,5.000,0.501,2.503,0.017
25100,5.000,0.501,2.503,0.018
25300,5.000,0.500,2.500,0.018
25500,5.000,0.499,2.496,0.018
25700,5.000,0.499,2.496,0.018
25900,5.000,0.499,2.496,0.018
26100,5.000,0.499,2.496,0.018
26300,5.000,0.500,2.500,0.018
26500,5.000,0.500,2.500,0.019
26700,5.000,0.499,2.496,0.019
26900,5.000,0.497,2.488,0.019
27100,5.000,0.501,2.503,0.019
27300,5.000,0.498,2.488,0.019
27500,5.000,0.498,2.488,0.019
27700,5.000,0.500,2.503,0.019
27900,5.000,0.498,2.492,0.020
28100,5.000,0.500,2.500,0.020
28300,5.000,0.500,2.500,0.020
28500,5.000,0.498,2.492,0.020
28700,5.000,0.499,2.492,0.020
28900,5.000,0.499,2.492,0.020
29100,5.000,0.497,2.488,0.020
29300,5.000,0.504,2.522,0.021
29500,5.000,0.500,2.500,0.021
29700,5.000,0.502,2.507,0.021
29900,5.000,0.502,2.507,0.021
30100,5.000,0.500,2.503,0.021
30300,5.000,0.500,2.500,0.021
30500,5.000,0.501,2.503,0.021
30700,5.000,0.501,2.503,0.022
30900,5.000,0.499,2.496,0.022
31100,5.000,0.499,2.492,0.022
31300,5.000,0.499,2.496,0.022
31500,5.000,0.499,2.496,0.022
31700,5.000,0.501,2.507,0.022
31900,5.000,0.497,2.484,0.023
32100,5.000,0.500,2.500,0.023
32300,5.000,0.499,2.492,0.023
32500,5.000,0.499,2.492,0.023
32700,5.000,0.499,2.496,0.023
32900,5.000,0.501,2.503,0.023
33100,5.000,0.501,2.503,0.023
33300,5.000,0.503,2.515,0.024
33500,5.000,0.497,2.484,0.024
33700,5.000,0.498,2.492,0.024
33900,5.000,0.501,2.503,0.024
34100,5.000,0.501,2.503,0.024
34300,5.000,0.500,2.500,0.024
34500,5.000,0.499,2.496,0.024
34700,5.000,0.501,2.503,0.025
34900,5.000,0.501,2.503,0.025
35100,5.000,0.499,2.496,0.025
35300,5.000,0.501,2.503,0.025
35500,5.000,0.499,2.496,0.025
35700,5.000,0.499,2.496,0.025
35900,5.000,0.499,2.500,0.025
36100,5.000,0.500,2.500,0.026
36300,5.000,0.500,2.500,0.026
36500,5.000,0.502,2.507,0.026
36700,5.000,0.502,2.507,0.026
36900,5.000,0.499,2.496,0.026
37100,5.000,0.501,2.507,0.026
37300,5.000,0.501,2.507,0.026
37500,5.000,0.497,2.488,0.027
37700,5.000,0.499,2.496,0.027
37900,5.000,0.500,2.503,0.027
38100,5.000,0.500,2.503,0.027
38300,5.000,0.500,2.500,0.027
38500,5.000,0.497,2.484,0.027
38700,5.000,0.497,2.488,0.027
38900,5.000,0.502,2.511,0.028
39100,5.000,0.502,2.511,0.028
39300,5.000,0.498,2.492,0.028
39500,5.000,0.499,2.496,0.028
39700,5.000,0.497,2.488,0.028
39900,5.000,0.497,2.488,0.028
40100,5.000,0.497,2.488,0.028
40300,5.000,0.499,2.492,0.029
40500,5.000,0.501,2.507,0.029
40700,5.000,0.496,2.484,0.029
40900,5.000,0.496,2.484,0.029
41100,5.000,0.500,2.503,0.029
41300,5.000,0.498,2.492,0.029
41500,5.000,0.498,2.492,0.029
41700,5.000,0.499,2.496,0.030
41900,5.000,0.499,2.496,0.030
42100,5.000,0.499,2.496,0.030
42300,5.000,0.499,2.496,0.030
42500,5.000,0.498,2.492,0.030
42700,5.000,0.499,2.496,0.030
42900,5.000,0.498,2.492,0.031
43100,5.000,0.498,2.492,0.031
43300,5.000,0.498,2.492,0.031
43500,5.000,0.500,2.500,0.031
43700,5.000,0.500,2.503,0.031
43900,5.000,0.500,2.503,0.031
44100,5.000,0.500,2.503,0.031
44300,5.000,0.498,2.492,0.031
44500,5.000,0.502,2.511,0.032
44700,5.000,0.502,2.511,0.032
44900,5.000,0.497,2.488,0.032
45100,5.000,0.499,2.492,0.032
45300,5.000,0.499,2.496,0.032
45500,5.000,0.500,2.503,0.032
45700,5.000,0.500,2.503,0.033
45900,5.000,0.498,2.488,0.033
46100,5.000,0.500,2.500,0.033
46300,5.000,0.498,2.488,0.033
46500,5.000,0.498,2.488,0.033
46700,5.000,0.498,2.488,0.033
46900,5.000,0.500,2.503,0.033
47100,5.000,0.500,2.503,0.033
47300,5.000,0.498,2.492,0.034
47500,5.000,0.498,2.492,0.034
47700,5.000,0.497,2.484,0.034
47900,5.000,0.499,2.492,0.034
48100,5.000,0.499,2.492,0.034
48300,5.000,0.499,2.496,0.034
48500,5.000,0.497,2.488,0.035
48700,5.000,0.501,2.503,0.035
48900,5.000,0.501,2.503,0.035
49100,5.000,0.498,2.488,0.035
49300,5.000,0.496,2.480,0.035
49500,5.000,0.502,2.507,0.035
49700,5.000,0.498,2.488,0.035
49900,5.000,0.498,2.488,0.036
50100,5.000,0.500,2.500,0.036
50300,5.000,0.497,2.484,0.036
50500,5.000,0.501,2.507,0.036
50700,5.000,0.501,2.507,0.036
50900,5.000,0.496,2.484,0.036
51100,5.000,0.499,2.496,0.036
51300,5.000,0.499,2.496,0.037
51500,5.000,0.499,2.496,0.037
51700,5.000,0.499,2.496,0.037
51900,5.000,0.498,2.488,0.037
52100,5.000,0.501,2.507,0.037
52300,5.000,0.501,2.507,0.037
52500,5.000,0.499,2.500,0.037
52700,5.000,0.498,2.492,0.038
52900,5.000,0.500,2.503,0.038
53100,5.000,0.500,2.503,0.038
53300,5.000,0.498,2.492,0.038
53500,5.000,0.500,2.500,0.038
53700,5.000,0.502,2.511,0.038
53900,5.000,0.499,2.496,0.038
54100,5.000,0.499,2.496,0.039
54300,5.000,0.497,2.488,0.039
54500,5.000,0.501,2.507,0.039
54700,5.000,0.501,2.507,0.039
54900,5.000,0.500,2.500,0.039
55100,5.000,0.498,2.492,0.039
55300,5.000,0.499,2.496,0.039
55500,5.000,0.499,2.496,0.040
55700,5.000,0.500,2.496,0.040
55900,5.000,0.497,2.484,0.040
56100,5.000,0.502,2.507,0.040
56300,5.000,0.500,2.503,0.040
56500,5.000,0.500,2.503,0.040
56700,5.000,0.499,2.496,0.041
56900,5.000,0.500,2.500,0.041
57100,5.000,0.499,2.496,0.041
57300,5.000,0.499,2.496,0.041
57500,5.000,0.499,2.492,0.041
57700,5.000,0.497,2.488,0.041
57900,5.000,0.497,2.488,0.041
58100,5.000,0.499,2.500,0.042
58300,5.000,0.499,2.500,0.042
58500,5.000,0.499,2.496,0.042
58700,5.000,0.501,2.503,0.042
58900,5.000,0.501,2.503,0.042
59100,5.000,0.499,2.496,0.042
59300,5.000,0.497,2.484,0.042
59500,5.000,0.500,2.503,0.043
59700,5.000,0.500,2.503,0.043
59900,5.000,0.497,2.488,0.043
60100,5.000,0.499,2.496,0.043
60300,5.000,0.499,2.496,0.043
60500,5.000,0.500,2.500,0.043
60700,5.000,0.500,2.500,0.043
60900,5.000,0.499,2.496,0.044
61100,5.000,0.500,2.500,0.044
61300,5.000,0.500,2.500,0.044
61500,5.000,0.500,2.500,0.044
61700,5.000,0.497,2.484,0.044
61900,5.000,0.501,2.507,0.044
62100,5.000,0.501,2.507,0.044
62300,5.000,0.499,2.496,0.045
62500,5.000,0.498,2.492,0.045
62700,5.000,0.499,2.496,0.045
62900,5.000,0.502,2.511,0.045
63100,5.000,0.502,2.511,0.045
63300,5.000,0.498,2.492,0.045
63500,5.000,0.500,2.503,0.045
63700,5.000,0.499,2.496,0.046
63900,5.000,0.499,2.496,0.046
64100,5.000,0.498,2.492,0.046
64300,5.000,0.497,2.484,0.046
64500,5.000,0.501,2.507,0.046
64700,5.000,0.498,2.488,0.046
64900,5.000,0.498,2.488,0.046
65100,5.000,0.499,2.496,0.047
65300,5.000,0.499,2.496,0.047
65500,5.000,0.499,2.496,0.047
65700,5.000,0.499,2.496,0.047
65900,5.000,0.498,2.492,0.047
66100,5.000,0.498,2.492,0.047
66300,5.000,0.498,2.492,0.047
66500,5.000,0.499,2.496,0.048
66700,5.000,0.498,2.488,0.048
66900,5.000,0.499,2.496,0.048
67100,5.000,0.499,2.500,0.048
67300,5.000,0.499,2.500,0.048
67500,5.000,0.498,2.492,0.048
67700,5.000,0.501,2.503,0.048
67900,5.000,0.500,2.503,0.049
68100,5.000,0.500,2.503,0.049
68300,5.000,0.497,2.484,0.049
68500,5.000,0.501,2.507,0.049
68700,5.000,0.501,2.507,0.049
68900,5.000,0.498,2.492,0.049
69100,5.000,0.499,2.492,0.049
69300,5.000,0.498,2.492,0.050
69500,5.000,0.500,2.500,0.050
69700,5.000,0.500,2.500,0.050
69900,5.000,0.497,2.488,0.050
70100,5.000,0.498,2.492,0.050
70300,5.000,0.498,2.492,0.050
70500,5.000,0.498,2.492,0.050
70700,5.000,0.498,2.492,0.051
70900,5.000,0.498,2.492,0.051
71100,5.000,0.498,2.492,0.051
71300,5.000,0.498,2.492,0.051
71500,5.000,0.501,2.507,0.051
71700,5.000,0.497,2.488,0.051
71900,5.000,0.502,2.507,0.052
72100,5.000,0.497,2.484,0.052
72300,5.000,0.497,2.484,0.052
72500,5.000,0.499,2.496,0.052
72700,5.000,0.499,2.496,0.052
72900,5.000,0.499,2.496,0.052
73100,5.000,0.499,2.500,0.052
73300,5.000,0.499,2.496,0.052
73500,5.000,0.502,2.507,0.053
73700,5.000,0.501,2.503,0.053
73900,5.000,0.501,2.503,0.053
74100,5.000,0.498,2.492,0.053
74300,5.000,0.498,2.488,0.053
74500,5.000,0.500,2.500,0.053
74700,5.000,0.500,2.500,0.054
74900,5.000,0.500,2.503,0.054
75100,5.000,0.499,2.492,0.054
75300,5.000,0.500,2.503,0.054
75500,5.000,0.500,2.503,0.054
75700,5.000,0.496,2.480,0.054
75900,5.000,0.500,2.500,0.054
76100,5.000,0.500,2.500,0.055
76300,5.000,0.500,2.503,0.055
76500,5.000,0.500,2.503,0.055
76700,5.000,0.496,2.480,0.055
76900,5.000,0.501,2.503,0.055
77100,5.000,0.501,2.503,0.055
77300,5.000,0.500,2.500,0.055
77500,5.000,0.498,2.492,0.056
77700,5.000,0.499,2.496,0.056
77900,5.000,0.502,2.511,0.056
78100,5.000,0.502,2.511,0.056
78300,5.000,0.499,2.496,0.056
78500,5.000,0.501,2.503,0.056
78700,5.000,0.501,2.507,0.056
78900,5.000,0.501,2.507,0.057
79100,5.000,0.498,2.488,0.057
79300,5.000,0.496,2.480,0.057
79500,5.000,0.500,2.503,0.057
79700,5.000,0.500,2.503,0.057
79900,5.000,0.500,2.503,0.057
80100,5.000,0.501,2.507,0.057
80300,5.000,0.501,2.507,0.058
80500,5.000,0.501,2.484,0.058
80700,5.000,0.497,2.484,0.058
80900,5.000,0.501,2.503,0.058
81100,5.000,0.501,2.503,0.058
81300,5.000,0.501,2.503,0.058
81500,5.000,0.501,2.503,0.058
81700,5.000,0.500,2.500,0.059
81900,5.000,0.499,2.496,0.059
82100,5.000,0.499,2.496,0.059
82300,5.000,0.498,2.492,0.059
82500,5.000,0.499,2.496,0.059
82700,5.000,0.498,2.492,0.059
82900,5.000,0.501,2.507,0.060
83100,5.000,0.501,2.507,0.060
83300,5.000,0.497,2.488,0.060
83500,5.000,0.498,2.492,0.060
83700,5.000,0.498,2.492,0.060
83900,5.000,0.500,2.503,0.060
84100,5.000,0.497,2.484,0.060
84300,5.000,0.500,2.500,0.060
84500,5.000,0.498,2.492,0.061
84700,5.000,0.498,2.492,0.061
84900,5.000,0.499,2.500,0.061
85100,5.000,0.499,2.496,0.061
85300,5.000,0.500,2.503,0.061
85500,5.000,0.500,2.503,0.061
85700,5.000,0.497,2.488,0.062
85900,5.000,0.501,2.503,0.062
86100,5.000,0.496,2.480,0.062
86300,5.000,0.496,2.480,0.062
86500,5.000,0.499,2.496,0.062
86700,5.000,0.500,2.500,0.062
86900,5.000,0.499,2.496,0.062
87100,5.000,0.502,2.511,0.063
87300,5.000,0.502,2.511,0.063
87500,5.000,0.499,2.492,0.063
87700,5.000,0.502,2.511,0.063
87900,5.000,0.502,2.511,0.063
88100,5.000,0.497,2.484,0.063
88300,5.000,0.498,2.488,0.063
88500,5.000,0.500,2.500,0.064
88700,5.000,0.500,2.500,0.064
88900,5.000,0.501,2.507,0.064
89100,5.000,0.496,2.480,0.064
89300,5.000,0.501,2.503,0.064
89500,5.000,0.499,2.492,0.064
89700,5.000,0.499,2.492,0.064
89900,5.000,0.500,2.500,0.065
90100,5.000,0.500,2.500,0.065
90300,5.000,0.501,2.507,0.065
90500,5.000,0.501,2.507,0.065
90700,5.000,0.499,2.496,0.065
90900,5.000,0.499,2.500,0.065
91100,5.000,0.499,2.500,0.065
91300,5.000,0.498,2.492,0.066
91500,5.000,0.498,2.492,0.066
91700,5.000,0.498,2.492,0.066
91900,5.000,0.499,2.496,0.066
92100,5.000,0.499,2.496,0.066
92300,5.000,0.498,2.488,0.066
92500,5.000,0.498,2.492,0.066
92700,5.000,0.500,2.503,0.067
92900,5.000,0.500,2.503,0.067
93100,5.000,0.495,2.477,0.067
93300,5.000,0.499,2.496,0.067
93500,5.000,0.499,2.503,0.067
93700,5.000,0.498,2.492,0.067
93900,5.000,0.498,2.492,0.067
94100,5.000,0.497,2.488,0.068
94300,5.000,0.500,2.500,0.068
94500,5.000,0.500,2.500,0.068
94700,5.000,0.499,2.496,0.068
94900,5.000,0.498,2.488,0.068
95100,5.000,0.499,2.496,0.068
95300,5.000,0.499,2.496,0.068
95500,5.000,0.499,2.492,0.069
95700,5.000,0.498,2.488,0.069
95900,5.000,0.499,2.496,0.069
96100,5.000,0.500,2.503,0.069
96300,5.000,0.500,2.503,0.069
96500,5.000,0.496,2.484,0.069
96700,5.000,0.500,2.500,0.069
96900,5.000,0.499,2.496,0.070
97100,5.000,0.499,2.496,0.070
97300,5.000,0.499,2.496,0.070
97500,5.000,0.500,2.500,0.070
97700,5.000,0.500,2.500,0.070
97900,5.000,0.500,2.500,0.070
98100,5.000,0.499,2.496,0.071
98300,5.000,0.500,2.500,0.071
98500,5.000,0.501,2.507,0.071
98700,5.000,0.501,2.507,0.071
98900,5.000,0.500,2.500,0.071
99100,5.000,0.497,2.484,0.071
99300,5.000,0.501,2.507,0.071
99500,5.000,0.501,2.507,0.072
99700,5.000,0.498,2.492,0.072
99900,5.000,0.498,2.488,0.072
100100,5.000,0.501,2.503,0.072
100300,5.000,0.500,2.500,0.072
100500,5.000,0.500,2.500,0.072
100700,5.000,0.498,2.488,0.072
100900,5.000,0.501,2.503,0.073
101100,5.000,0.501,2.507,0.073
101300,5.000,0.501,2.507,0.073
101500,5.000,0.498,2.492,0.073
101700,5.000,0.501,2.507,0.073
101900,5.000,0.501,2.507,0.073
102100,5.000,0.496,2.480,0.073
102300,5.000,0.500,2.500,0.074
102500,5.000,0.498,2.492,0.074
102700,5.000,0.501,2.503,0.074
102900,5.000,0.501,2.503,0.074
103100,5.000,0.498,2.492,0.074
103300,5.000,0.500,2.503,0.074
103500,5.000,0.499,2.496,0.074
103700,5.000,0.499,2.496,0.075
103900,5.000,0.499,2.496,0.075
104100,5.000,0.501,2.507,0.075
104300,5.000,0.498,2.492,0.075
104500,5.000,0.498,2.492,0.075
104700,5.000,0.496,2.484,0.075
104900,5.000,0.499,2.496,0.075
105100,5.000,0.498,2.492,0.076
105300,5.000,0.499,2.492,0.076
105500,5.000,0.499,2.492,0.076
105700,5.000,0.498,2.488,0.076
105900,5.000,0.500,2.500,0.076
106100,5.000,0.500,2.500,0.076
106300,5.000,0.498,2.488,0.076
106500,5.000,0.495,2.477,0.077
106700,5.000,0.500,2.503,0.077
106900,5.000,0.499,2.500,0.077
107100,5.000,0.499,2.500,0.077
107300,5.000,0.498,2.488,0.077
107500,5.000,0.497,2.484,0.077
107700,5.000,0.501,2.503,0.077
107900,5.000,0.501,2.503,0.078
108100,5.000,0.497,2.484,0.078
108300,5.000,0.502,2.507,0.078
108500,5.000,0.502,2.507,0.078
108700,5.000,0.499,2.492,0.078
108900,5.000,0.499,2.492,0.078
109100,5.000,0.499,2.492,0.079
109300,5.000,0.498,2.488,0.079
109500,5.000,0.498,2.488,0.079
109700,5.000,0.500,2.500,0.079
109900,5.000,0.497,2.484,0.079
110100,5.000,0.501,2.507,0.079
110300,5.000,0.501,2.507,0.079
110500,5.000,0.498,2.492,0.079
110700,5.000,0.499,2.496,0.080
110900,5.000,0.500,2.500,0.080
111100,5.000,0.500,2.500,0.080
111300,5.000,0.499,2.496,0.080
111500,5.000,0.496,2.484,0.080
111700,5.000,0.500,2.500,0.080
111900,5.000,0.497,2.488,0.081
112100,5.000,0.497,2.488,0.081
112300,5.000,0.500,2.500,0.081
112500,5.000,0.498,2.492,0.081
112700,5.000,0.498,2.492,0.081
112900,5.000,0.498,2.492,0.081
113100,5.000,0.499,2.496,0.081
113300,5.000,0.501,2.503,0.082
113500,5.000,0.503,2.515,0.082
113700,5.000,0.503,2.515,0.082
113900,5.000,0.498,2.492,0.082
114100,5.000,0.499,2.496,0.082
114300,5.000,0.499,2.492,0.082
114500,5.000,0.499,2.492,0.082
114700,5.000,0.499,2.496,0.083
114900,5.000,0.499,2.496,0.083
115100,5.000,0.500,2.503,0.083
115300,5.000,0.500,2.503,0.083
115500,5.000,0.496,2.480,0.083
115700,5.000,0.500,2.500,0.083
115900,5.000,0.499,2.492,0.083
116100,5.000,0.501,2.507,0.084
116300,5.000,0.501,2.507,0.084
116500,5.000,0.498,2.488,0.084
116700,5.000,0.499,2.496,0.084
116900,5.000,0.499,2.496,0.084
117100,5.000,0.500,2.503,0.084
117300,5.000,0.498,2.492,0.084
117500,5.000,0.498,2.492,0.085
117700,5.000,0.499,2.496,0.085
117900,5.000,0.499,2.496,0.085
118100,5.000,0.498,2.492,0.085
118300,5.000,0.498,2.488,0.085
118500,5.000,0.501,2.503,0.085
118700,5.000,0.501,2.503,0.085
118900,5.000,0.498,2.492,0.086
119100,5.000,0.500,2.503,0.086
119300,5.000,0.499,2.496,0.086
119500,5.000,0.499,2.496,0.086
119700,5.000,0.499,2.496,0.086
119900,5.000,0.497,2.484,0.086
120100,5.000,0.501,2.503,0.086
120300,5.000,0.501,2.503,0.087
120500,5.000,0.498,2.492,0.087
120700,5.000,0.500,2.500,0.087
120900,5.000,0.498,2.492,0.087
121100,5.000,0.498,2.492,0.087
121300,5.000,0.499,2.496,0.087
121500,5.000,0.499,2.492,0.087
121700,5.000,0.498,2.492,0.088
121900,5.000,0.498,2.492,0.088
122100,5.000,0.498,2.492,0.088
122300,5.000,0.499,2.496,0.088
122500,5.000,0.501,2.503,0.088
122700,5.000,0.500,2.500,0.088
122900,5.000,0.500,2.500,0.088
123100,5.000,0.498,2.492,0.089
123300,5.000,0.499,2.496,0.089
123500,5.000,0.499,2.496,0.089
123700,5.000,0.502,2.511,0.089
123900,5.000,0.496,2.480,0.089
124100,5.000,0.500,2.500,0.089
124300,5.000,0.500,2.500,0.089
124500,5.000,0.499,2.492,0.090
124700,5.000,0.499,2.496,0.090
124900,5.000,0.499,2.496,0.090
125100,5.000,0.499,2.496,0.090
125300,5.000,0.499,2.496,0.090
125500,5.000,0.497,2.488,0.090
125700,5.000,0.499,2.496,0.090
125900,5.000,0.499,2.496,0.091
126100,5.000,0.499,2.496,0.091
126300,5.000,0.498,2.492,0.091
126500,5.000,0.500,2.500,0.091
126700,5.000,0.500,2.500,0.091
126900,5.000,0.499,2.496,0.091
127100,5.000,0.499,2.496,0.092
127300,5.000,0.498,2.492,0.092
127500,5.000,0.502,2.511,0.092
127700,5.000,0.502,2.511,0.092
127900,5.000,0.496,2.480,0.092
128100,5.000,0.498,2.492,0.092
128300,5.000,0.500,2.500,0.092
128500,5.000,0.500,2.500,0.093
128700,5.000,0.497,2.488,0.093
128900,5.000,0.499,2.496,0.093
129100,5.000,0.500,2.503,0.093
129300,5.000,0.498,2.492,0.093
129500,5.000,0.498,2.492,0.093
129700,5.000,0.498,2.492,0.093
129900,5.000,0.501,2.507,0.094
130100,5.000,0.500,2.500,0.094
130300,5.000,0.500,2.500,0.094
130500,5.000,0.498,2.488,0.094
130700,5.000,0.500,2.500,0.094
130900,5.000,0.500,2.500,0.094
131100,5.000,0.497,2.488,0.094
131300,5.000,0.498,2.492,0.095
131500,5.000,0.499,2.496,0.095
131700,5.000,0.499,2.492,0.095
131900,5.000,0.499,2.492,0.095
132100,5.000,0.499,2.492,0.095
132300,5.000,0.500,2.503,0.095
132500,5.000,0.500,2.496,0.095
132700,5.000,0.500,2.496,0.096
132900,5.000,0.498,2.492,0.096
133100,5.000,0.500,2.500,0.096
133300,5.000,0.500,2.496,0.096
133500,5.000,0.499,2.496,0.096
133700,5.000,0.500,2.500,0.096
133900,5.000,0.497,2.484,0.096
134100,5.000,0.500,2.500,0.097
134300,5.000,0.500,2.500,0.097
134500,5.000,0.497,2.484,0.097
134700,5.000,0.499,2.500,0.097
134900,5.000,0.500,2.500,0.097
135100,5.000,0.500,2.500,0.097
135300,5.000,0.499,2.500,0.097
135500,5.000,0.498,2.488,0.098
135700,5.000,0.501,2.507,0.098
135900,5.000,0.499,2.496,0.098
136100,5.000,0.499,2.496,0.098
136300,5.000,0.497,2.484,0.098
136500,5.000,0.498,2.492,0.098
136700,5.000,0.498,2.492,0.098
136900,5.000,0.498,2.492,0.099
137100,5.000,0.499,2.496,0.099
137300,5.000,0.497,2.488,0.099
137500,5.000,0.497,2.488,0.099
137700,5.000,0.501,2.507,0.099
137900,5.000,0.497,2.488,0.099
138100,5.000,0.498,2.492,0.100
138300,5.000,0.497,2.488,0.100
138500,5.000,0.497,2.488,0.100
138700,5.000,0.499,2.496,0.100
138900,5.000,0.499,2.492,0.100
139100,5.000,0.499,2.496,0.100
139300,5.000,0.499,2.496,0.100
139500,5.000,0.499,2.496,0.100
139700,5.000,0.499,2.496,0.101
139900,5.000,0.499,2.496,0.101
140100,5.000,0.499,2.496,0.101
140300,5.000,0.500,2.500,0.101
140500,5.000,0.500,2.500,0.101
140700,5.000,0.499,2.496,0.101
140900,5.000,0.500,2.500,0.102
141100,5.000,0.500,2.500,0.102
141300,5.000,0.498,2.492,0.102
141500,5.000,0.500,2.500,0.102
141700,5.000,0.500,2.500,0.102
141900,5.000,0.499,2.496,0.102
142100,5.000,0.501,2.507,0.102
142300,5.000,0.499,2.496,0.102
142500,5.000,0.499,2.496,0.103
142700,5.000,0.503,2.515,0.103
142900,5.000,0.498,2.488,0.103
143100,5.000,0.501,2.503,0.103
143300,5.000,0.498,2.492,0.103
143500,5.000,0.498,2.492,0.103
143700,5.000,0.496,2.480,0.104
143900,5.000,0.500,2.500,0.104
144100,5.000,0.500,2.503,0.104
144300,5.000,0.500,2.503,0.104
144500,5.000,0.503,2.515,0.104
144700,5.000,0.500,2.496,0.104
144900,5.000,0.500,2.500,0.104
145100,5.000,0.501,2.507,0.105
145300,5.000,0.501,2.507,0.105
145500,5.000,0.500,2.500,0.105
145700,5.000,0.499,2.496,0.105
145900,5.000,0.499,2.496,0.105
146100,5.000,0.500,2.500,0.105
146300,5.000,0.498,2.492,0.105
146500,5.000,0.501,2.503,0.106
146700,5.000,0.501,2.503,0.106
146900,5.000,0.498,2.488,0.106
147100,5.000,0.499,2.496,0.106
147300,5.000,0.500,2.500,0.106
147500,5.000,0.500,2.500,0.106
147700,5.000,0.500,2.500,0.106
147900,5.000,0.498,2.492,0.107
148100,5.000,0.500,2.500,0.107
148300,5.000,0.500,2.500,0.107
148500,5.000,0.499,2.496,0.107
148700,5.000,0.499,2.496,0.107
148900,5.000,0.500,2.503,0.107
149100,5.000,0.500,2.503,0.107
149300,5.000,0.498,2.492,0.108
149500,5.000,0.499,2.496,0.108
149700,5.000,0.498,2.492,0.108
149900,5.000,0.500,2.500,0.108
150100,5.000,0.500,2.500,0.108
150300,5.000,0.497,2.484,0.108
150500,5.000,0.503,2.511,0.108
150700,5.000,0.499,2.496,0.109
150900,5.000,0.499,2.496,0.109
151100,5.000,0.500,2.500,0.109
151300,5.000,0.498,2.488,0.109
151500,5.000,0.502,2.511,0.109
151700,5.000,0.499,2.492,0.109
151900,5.000,0.499,2.492,0.109
152100,5.000,0.500,2.500,0.110
152300,5.000,0.502,2.511,0.110
152500,5.000,0.502,2.511,0.110
152700,5.000,0.498,2.488,0.110
152900,5.000,0.498,2.492,0.110
153100,5.000,0.500,2.503,0.110
153300,5.000,0.500,2.503,0.110
153500,5.000,0.499,2.496,0.111
153700,5.000,0.498,2.488,0.111
153900,5.000,0.502,2.511,0.111
154100,5.000,0.498,2.492,0.111
154300,5.000,0.498,2.492,0.111
154500,5.000,0.499,2.496,0.111
154700,5.000,0.498,2.488,0.112
154900,5.000,0.502,2.511,0.112
155100,5.000,0.502,2.511,0.112
155300,5.000,0.496,2.480,0.112
155500,5.000,0.500,2.500,0.112
155700,5.000,0.500,2.500,0.112
155900,5.000,0.498,2.492,0.112
156100,5.000,0.498,2.492,0.113
156300,5.000,0.499,2.492,0.113
156500,5.000,0.499,2.496,0.113
156700,5.000,0.499,2.496,0.113
156900,5.000,0.497,2.484,0.113
157100,5.000,0.499,2.496,0.113
157300,5.000,0.498,2.492,0.113
157500,5.000,0.498,2.492,0.114
157700,5.000,0.499,2.496,0.114
157900,5.000,0.497,2.488,0.114
158100,5.000,0.498,2.488,0.114
158300,5.000,0.500,2.503,0.114
158500,5.000,0.500,2.503,0.114
158700,5.000,0.499,2.496,0.114
158900,5.000,0.500,2.500,0.115
159100,5.000,0.497,2.488,0.115
159300,5.000,0.497,2.488,0.115
159500,5.000,0.497,2.488,0.115
159700,5.000,0.500,2.500,0.115
159900,5.000,0.500,2.500,0.115
160100,5.000,0.501,2.507,0.115
160300,5.000,0.497,2.484,0.116
160500,5.000,0.499,2.496,0.116
160700,5.000,0.499,2.496,0.116
160900,5.000,0.499,2.496,0.116
161100,5.000,0.499,2.496,0.116
161300,5.000,0.498,2.492,0.116
161500,5.000,0.500,2.500,0.116
161700,5.000,0.500,2.500,0.117
161900,5.000,0.498,2.492,0.117
162100,5.000,0.500,2.503,0.117
162300,5.000,0.500,2.503,0.117
162500,5.000,0.500,2.503,0.117
162700,5.000,0.497,2.484,0.117
162900,5.000,0.498,2.492,0.117
163100,5.000,0.498,2.488,0.118
163300,5.000,0.498,2.488,0.118
163500,5.000,0.500,2.500,0.118
163700,5.000,0.498,2.488,0.118
163900,5.000,0.501,2.503,0.118
164100,5.000,0.501,2.503,0.118
164300,5.000,0.496,2.484,0.118
164500,5.000,0.500,2.503,0.119
164700,5.000,0.498,2.488,0.119
164900,5.000,0.498,2.488,0.119
165100,5.000,0.499,2.492,0.119
165300,5.000,0.497,2.484,0.119
165500,5.000,0.502,2.507,0.119
165700,5.000,0.497,2.488,0.119
165900,5.000,0.497,2.488,0.120
166100,5.000,0.498,2.492,0.120
166300,5.000,0.500,2.500,0.120
166500,5.000,0.500,2.500,0.120
166700,5.000,0.500,2.500,0.120
166900,5.000,0.499,2.496,0.120
167100,5.000,0.499,2.492,0.120
167300,5.000,0.499,2.496,0.121
167500,5.000,0.499,2.496,0.121
167700,5.000,0.497,2.488,0.121
167900,5.000,0.501,2.507,0.121
168100,5.000,0.498,2.492,0.121
168300,5.000,0.498,2.492,0.121
168500,5.000,0.498,2.492,0.121
168700,5.000,0.498,2.492,0.122
168900,5.000,0.499,2.496,0.122
169100,5.000,0.499,2.496,0.122
169300,5.000,0.498,2.492,0.122
169500,5.000,0.498,2.488,0.122
169700,5.000,0.501,2.507,0.122
169900,5.000,0.498,2.488,0.123
170100,5.000,0.498,2.488,0.123
170300,5.000,0.498,2.488,0.123
170500,5.000,0.501,2.507,0.123
170700,5.000,0.501,2.507,0.123
170900,5.000,0.498,2.488,0.123
171100,5.000,0.499,2.496,0.123
171300,5.000,0.502,2.507,0.124
171500,5.000,0.502,2.507,0.124
171700,5.000,0.499,2.500,0.124
171900,5.000,0.498,2.488,0.124
172100,5.000,0.498,2.488,0.124
172300,5.000,0.499,2.492,0.124
172500,5.000,0.499,2.492,0.124
172700,5.000,0.497,2.488,0.125
172900,5.000,0.500,2.503,0.125
173100,5.000,0.500,2.503,0.125
173300,5.000,0.499,2.496,0.125
173500,5.000,0.497,2.488,0.125
173700,5.000,0.499,2.492,0.125
173900,5.000,0.499,2.492,0.125
174100,5.000,0.501,2.507,0.126
174300,5.000,0.499,2.492,0.126
174500,5.000,0.500,2.503,0.126
174700,5.000,0.501,2.503,0.126
174900,5.000,0.501,2.503,0.126
175100,5.000,0.498,2.492,0.126
175300,5.000,0.500,2.503,0.126
175500,5.000,0.500,2.503,0.127
175700,5.000,0.500,2.503,0.127
175900,5.000,0.500,2.503,0.127
176100,5.000,0.498,2.488,0.127
176300,5.000,0.498,2.488,0.127
176500,5.000,0.498,2.488,0.127
176700,5.000,0.498,2.488,0.127
176900,5.000,0.500,2.500,0.128
177100,5.000,0.498,2.492,0.128
177300,5.000,0.498,2.492,0.128
177500,5.000,0.499,2.492,0.128
177700,5.000,0.497,2.488,0.128
177900,5.000,0.500,2.500,0.128
178100,5.000,0.500,2.500,0.128
178300,5.000,0.497,2.488,0.129
178500,5.000,0.501,2.503,0.129
178700,5.000,0.498,2.492,0.129
178900,5.000,0.500,2.500,0.129
179100,5.000,0.500,2.500,0.129
179300,5.000,0.499,2.496,0.129
179500,5.000,0.499,2.496,0.129
179700,5.000,0.501,2.507,0.130
179900,5.000,0.501,2.507,0.130
180100,5.000,0.498,2.488,0.130
180300,5.000,0.500,2.500,0.130
180500,5.000,0.500,2.500,0.130
180700,5.000,0.500,2.503,0.130
180900,5.000,0.500,2.503,0.131
181100,5.000,0.497,2.484,0.131
181300,5.000,0.500,2.500,0.131
181500,5.000,0.500,2.500,0.131
181700,5.000,0.498,2.488,0.131
181900,5.000,0.498,2.488,0.131
182100,5.000,0.500,2.500,0.131
182300,5.000,0.500,2.500,0.131
182500,5.000,0.497,2.488,0.132
182700,5.000,0.499,2.496,0.132
182900,5.000,0.500,2.500,0.132
183100,5.000,0.498,2.488,0.132
183300,5.000,0.498,2.488,0.132
183500,5.000,0.500,2.503,0.132
183700,5.000,0.500,2.503,0.133
183900,5.000,0.499,2.492,0.133
184100,5.000,0.499,2.492,0.133
184300,5.000,0.500,2.500,0.133
184500,5.000,0.496,2.480,0.133
184700,5.000,0.496,2.480,0.133
184900,5.000,0.501,2.503,0.133
185100,5.000,0.497,2.484,0.134
185300,5.000,0.500,2.500,0.134
185500,5.000,0.498,2.492,0.134
185700,5.000,0.498,2.492,0.134
185900,5.000,0.500,2.500,0.134
186100,5.000,0.497,2.488,0.134
186300,5.000,0.500,2.503,0.134
186500,5.000,0.500,2.503,0.135
186700,5.000,0.497,2.488,0.135
186900,5.000,0.500,2.500,0.135
187100,5.000,0.500,2.500,0.135
187300,5.000,0.499,2.492,0.135
187500,5.000,0.500,2.500,0.135
187700,5.000,0.497,2.488,0.135
187900,5.000,0.502,2.507,0.136
188100,5.000,0.502,2.507,0.136
188300,5.000,0.499,2.492,0.136
188500,5.000,0.498,2.488,0.136
188700,5.000,0.499,2.496,0.136
188900,5.000,0.499,2.496,0.136
189100,5.000,0.498,2.492,0.136
189300,5.000,0.498,2.488,0.137
189500,5.000,0.502,2.507,0.137
189700,5.000,0.499,2.492,0.137
189900,5.000,0.499,2.492,0.137
190100,5.000,0.497,2.484,0.137
190300,5.000,0.497,2.488,0.137
190500,5.000,0.499,2.496,0.137
190700,5.000,0.499,2.496,0.138
190900,5.000,0.499,2.492,0.138
191100,5.000,0.501,2.507,0.138
191300,5.000,0.501,2.507,0.138
191500,5.000,0.499,2.496,0.138
191700,5.000,0.495,2.477,0.138
191900,5.000,0.502,2.507,0.138
192100,5.000,0.500,2.500,0.139
192300,5.000,0.500,2.500,0.139
192500,5.000,0.500,2.503,0.139
192700,5.000,0.497,2.488,0.139
192900,5.000,0.503,2.515,0.139
193100,5.000,0.503,2.515,0.139
193300,5.000,0.500,2.500,0.139
193500,5.000,0.498,2.492,0.140
193700,5.000,0.501,2.507,0.140
193900,5.000,0.500,2.500,0.140
194100,5.000,0.500,2.500,0.140
194300,5.000,0.500,2.500,0.140
194500,5.000,0.499,2.496,0.140
194700,5.000,0.502,2.507,0.140
194900,5.000,0.502,2.507,0.141
195100,5.000,0.499,2.492,0.141
195300,5.000,0.502,2.507,0.141
195500,5.000,0.502,2.507,0.141
195700,5.000,0.498,2.492,0.141
195900,5.000,0.501,2.503,0.141
196100,5.000,0.499,2.496,0.142
196300,5.000,0.500,2.503,0.142
196500,5.000,0.500,2.503,0.142
196700,5.000,0.497,2.488,0.142
196900,5.000,0.499,2.492,0.142
197100,5.000,0.500,2.503,0.142
197300,5.000,0.500,2.503,0.142
197500,5.000,0.497,2.484,0.143
197700,5.000,0.501,2.503,0.143
197900,5.000,0.498,2.492,0.143
198100,5.000,0.498,2.492,0.143
198300,5.000,0.501,2.507,0.143
198500,5.000,0.498,2.492,0.143
198700,5.000,0.501,2.507,0.143
198900,5.000,0.500,2.503,0.144
199100,5.000,0.500,2.503,0.144
199300,5.000,0.499,2.496,0.144
199500,5.000,0.502,2.507,0.144
199700,5.000,0.502,2.507,0.144
199900,5.000,0.500,2.503,0.144
200100,5.000,0.497,2.484,0.144
200300,5.000,0.500,2.503,0.145
200500,5.000,0.500,2.503,0.145
200700,5.000,0.500,2.500,0.145
200900,5.000,0.500,2.500,0.145
201100,5.000,0.496,2.480,0.145
201300,5.000,0.498,2.492,0.145
201500,5.000,0.498,2.492,0.145
201700,5.000,0.502,2.511,0.146
201900,5.000,0.499,2.496,0.146
202100,5.000,0.499,2.496,0.146
202300,5.000,0.503,2.515,0.146
202500,5.000,0.498,2.492,0.146
202700,5.000,0.500,2.496,0.146
202900,5.000,0.500,2.500,0.146
203100,5.000,0.500,2.500,0.147
203300,5.000,0.500,2.500,0.147
203500,5.000,0.497,2.484,0.147
203700,5.000,0.502,2.511,0.147
203900,5.000,0.502,2.511,0.147
204100,5.000,0.499,2.496,0.147
204300,5.000,0.498,2.492,0.147
204500,5.000,0.501,2.507,0.148
204700,5.000,0.501,2.507,0.148
204900,5.000,0.499,2.496,0.148
205100,5.000,0.497,2.484,0.148
205300,5.000,0.502,2.511,0.148
205500,5.000,0.502,2.511,0.148
205700,5.000,0.502,2.511,0.148
205900,5.000,0.500,2.503,0.149
206100,5.000,0.501,2.503,0.149
206300,5.000,0.501,2.503,0.149
206500,5.000,0.500,2.500,0.149
206700,5.000,0.500,2.500,0.149
206900,5.000,0.498,2.492,0.149
207100,5.000,0.498,2.492,0.149
207300,5.000,0.500,2.500,0.150
207500,5.000,0.499,2.496,0.150
207700,5.000,0.501,2.507,0.150
207900,5.000,0.499,2.496,0.150
208100,5.000,0.499,2.496,0.150
208300,5.000,0.500,2.503,0.150
208500,5.000,0.500,2.500,0.150
208700,5.000,0.502,2.511,0.151
208900,5.000,0.502,2.511,0.151
209100,5.000,0.496,2.480,0.151
209300,5.000,0.500,2.500,0.151
209500,5.000,0.500,2.500,0.151
209700,5.000,0.498,2.492,0.151
209900,5.000,0.498,2.492,0.152
210100,5.000,0.500,2.503,0.152
210300,5.000,0.501,2.503,0.152
210500,5.000,0.501,2.503,0.152
210700,5.000,0.500,2.503,0.152
210900,5.000,0.500,2.503,0.152
211100,5.000,0.500,2.500,0.152
211300,5.000,0.500,2.500,0.153
211500,5.000,0.496,2.480,0.153
211700,5.000,0.499,2.496,0.153
211900,5.000,0.500,2.500,0.153
212100,5.000,0.500,2.503,0.153
212300,5.000,0.500,2.503,0.153
212500,5.000,0.498,2.492,0.153
212700,5.000,0.503,2.519,0.154
212900,5.000,0.503,2.519,0.154
213100,5.000,0.498,2.492,0.154
213300,5.000,0.499,2.496,0.154
213500,5.000,0.500,2.500,0.154
213700,5.000,0.500,2.500,0.154
213900,5.000,0.498,2.492,0.154
214100,5.000,0.500,2.500,0.155
214300,5.000,0.502,2.507,0.155
214500,5.000,0.501,2.503,0.155
214700,5.000,0.501,2.503,0.155
214900,5.000,0.498,2.488,0.155
215100,5.000,0.499,2.496,0.155
215300,5.000,0.500,2.500,0.155
215500,5.000,0.500,2.500,0.156
215700,5.000,0.500,2.500,0.156
215900,5.000,0.499,2.496,0.156
216100,5.000,0.499,2.496,0.156
216300,5.000,0.500,2.503,0.156
216500,5.000,0.498,2.492,0.156
216700,5.000,0.500,2.503,0.156
216900,5.000,0.499,2.496,0.157
217100,5.000,0.499,2.496,0.157
217300,5.000,0.500,2.500,0.157
217500,5.000,0.499,2.496,0.157
217700,5.000,0.500,2.500,0.157
217900,5.000,0.500,2.500,0.157
218100,5.000,0.499,2.492,0.157
218300,5.000,0.499,2.492,0.158
218500,5.000,0.498,2.492,0.158
218700,5.000,0.500,2.500,0.158
218900,5.000,0.500,2.500,0.158
219100,5.000,0.497,2.488,0.158
219300,5.000,0.499,2.496,0.158
219500,5.000,0.499,2.496,0.158
219700,5.000,0.499,2.496,0.159
219900,5.000,0.499,2.496,0.159
220100,5.000,0.500,2.500,0.159
220300,5.000,0.500,2.500,0.159
220500,5.000,0.498,2.492,0.159
220700,5.000,0.500,2.500,0.159
220900,5.000,0.500,2.500,0.160
221100,5.000,0.502,2.511,0.160
221300,5.000,0.502,2.511,0.160
221500,5.000,0.498,2.488,0.160
221700,5.000,0.499,2.492,0.160
221900,5.000,0.500,2.500,0.160
222100,5.000,0.500,2.500,0.160
222300,5.000,0.501,2.507,0.160
222500,5.000,0.498,2.488,0.161
222700,5.000,0.502,2.511,0.161
222900,5.000,0.502,2.511,0.161
223100,5.000,0.498,2.492,0.161
223300,5.000,0.500,2.500,0.161
223500,5.000,0.500,2.500,0.161
223700,5.000,0.497,2.484,0.162
223900,5.000,0.497,2.484,0.162
224100,5.000,0.500,2.503,0.162
224300,5.000,0.501,2.507,0.162
224500,5.000,0.501,2.507,0.162
224700,5.000,0.499,2.496,0.162
224900,5.000,0.498,2.488,0.162
225100,5.000,0.501,2.503,0.162
225300,5.000,0.501,2.503,0.163
225500,5.000,0.498,2.492,0.163
225700,5.000,0.499,2.496,0.163
225900,5.000,0.500,2.500,0.163
226100,5.000,0.501,2.507,0.163
226300,5.000,0.501,2.507,0.163
226500,5.000,0.498,2.492,0.164
226700,5.000,0.502,2.511,0.164
226900,5.000,0.502,2.511,0.164
227100,5.000,0.498,2.488,0.164
227300,5.000,0.498,2.492,0.164
227500,5.000,0.499,2.492,0.164
227700,5.000,0.500,2.503,0.164
227900,5.000,0.500,2.503,0.165
228100,5.000,0.498,2.492,0.165
228300,5.000,0.498,2.492,0.165
228500,5.000,0.500,2.500,0.165
228700,5.000,0.500,2.500,0.165
228900,5.000,0.500,2.503,0.165
229100,5.000,0.501,2.503,0.165
229300,5.000,0.498,2.492,0.166
229500,5.000,0.498,2.492,0.166
229700,5.000,0.500,2.500,0.166
229900,5.000,0.498,2.488,0.166
230100,5.000,0.503,2.515,0.166
230300,5.000,0.498,2.488,0.166
230500,5.000,0.498,2.488,0.166
230700,5.000,0.499,2.492,0.167
230900,5.000,0.502,2.507,0.167
231100,5.000,0.502,2.507,0.167
231300,5.000,0.499,2.492,0.167
231500,5.000,0.498,2.488,0.167
231700,5.000,0.500,2.500,0.167
231900,5.000,0.500,2.500,0.167
232100,5.000,0.499,2.496,0.168
232300,5.000,0.497,2.488,0.168
232500,5.000,0.501,2.507,0.168
232700,5.000,0.499,2.500,0.168
232900,5.000,0.499,2.500,0.168
233100,5.000,0.499,2.496,0.168
233300,5.000,0.500,2.500,0.168
233500,5.000,0.501,2.507,0.169
233700,5.000,0.501,2.507,0.169
233900,5.000,0.497,2.484,0.169
234100,5.000,0.501,2.503,0.169
234300,5.000,0.501,2.503,0.169
234500,5.000,0.501,2.503,0.169
234700,5.000,0.501,2.503,0.170
234900,5.000,0.500,2.500,0.170
235100,5.000,0.502,2.507,0.170
235300,5.000,0.502,2.507,0.170
235500,5.000,0.498,2.488,0.170
235700,5.000,0.501,2.507,0.170
235900,5.000,0.499,2.492,0.170
236100,5.000,0.499,2.492,0.170
236300,5.000,0.500,2.503,0.171
236500,5.000,0.499,2.496,0.171
236700,5.000,0.499,2.496,0.171
236900,5.000,0.500,2.500,0.171
237100,5.000,0.500,2.500,0.171
237300,5.000,0.499,2.496,0.171
237500,5.000,0.500,2.500,0.172
237700,5.000,0.499,2.496,0.172
237900,5.000,0.499,2.496,0.172
238100,5.000,0.500,2.503,0.172
238300,5.000,0.500,2.503,0.172
238500,5.000,0.500,2.503,0.172
238700,5.000,0.499,2.492,0.172
238900,5.000,0.497,2.484,0.172
239100,5.000,0.500,2.500,0.173
239300,5.000,0.499,2.492,0.173
239500,5.000,0.499,2.492,0.173
239700,5.000,0.499,2.496,0.173
239900,5.000,0.498,2.488,0.173
240100,5.000,0.502,2.507,0.173
240300,5.000,0.502,2.507,0.174
240500,5.000,0.498,2.488,0.174
240700,5.000,0.499,2.496,0.174
240900,5.000,0.499,2.496,0.174
241100,5.000,0.498,2.492,0.174
241300,5.000,0.497,2.488,0.174
241500,5.000,0.498,2.492,0.174
241700,5.000,0.501,2.503,0.175
241900,5.000,0.501,2.503,0.175
242100,5.000,0.499,2.496,0.175
242300,5.000,0.497,2.484,0.175
242500,5.000,0.500,2.500,0.175
242700,5.000,0.500,2.500,0.175
242900,5.000,0.499,2.496,0.175
243100,5.000,0.498,2.492,0.176
243300,5.000,0.500,2.500,0.176
243500,5.000,0.499,2.500,0.176
243700,5.000,0.499,2.500,0.176
243900,5.000,0.498,2.492,0.176
244100,5.000,0.501,2.507,0.176
244300,5.000,0.498,2.492,0.176
244500,5.000,0.498,2.492,0.177
244700,5.000,0.498,2.492,0.177
244900,5.000,0.498,2.488,0.177
245100,5.000,0.498,2.488,0.177
245300,5.000,0.498,2.492,0.177
245500,5.000,0.497,2.484,0.177
245700,5.000,0.501,2.503,0.177
245900,5.000,0.500,2.503,0.178
246100,5.000,0.500,2.503,0.178
246300,5.000,0.497,2.488,0.178
246500,5.000,0.500,2.500,0.178
246700,5.000,0.499,2.492,0.178
246900,5.000,0.499,2.492,0.178
247100,5.000,0.500,2.503,0.178
247300,5.000,0.499,2.496,0.179
247500,5.000,0.500,2.500,0.179
247700,5.000,0.500,2.500,0.179
247900,5.000,0.496,2.480,0.179
248100,5.000,0.499,2.492,0.179
248300,5.000,0.500,2.500,0.179
248500,5.000,0.500,2.500,0.179
248700,5.000,0.500,2.500,0.180
248900,5.000,0.497,2.480,0.180
249100,5.000,0.502,2.511,0.180
249300,5.000,0.502,2.511,0.180
249500,5.000,0.496,2.484,0.180
249700,5.000,0.497,2.484,0.180
249900,5.000,0.499,2.496,0.180
250100,5.000,0.500,2.500,0.181
250300,5.000,0.500,2.500,0.181
250500,5.000,0.499,2.496,0.181
250700,5.000,0.500,2.503,0.181
250900,5.000,0.501,2.503,0.181
251100,5.000,0.501,2.503,0.181
251300,5.000,0.498,2.488,0.181
