300,5.000,0.504,2.522,0.000
500,5.000,0.504,2.522,0.000
700,5.000,0.496,2.480,0.000
900,5.000,0.506,2.530,0.000
1100,5.000,0.504,2.522,0.000
1300,5.000,0.506,2.530,0.000
1500,5.000,0.506,2.530,0.000
1700,5.000,0.504,2.519,0.001
1900,5.000,0.505,2.522,0.001
2100,5.000,0.505,2.522,0.001
2300,5.000,0.507,2.534,0.001
2500,5.000,0.504,2.522,0.001
2700,5.000,0.505,2.522,0.001
2900,5.000,0.505,2.522,0.001
3100,5.000,0.503,2.515,0.002
3300,5.000,0.503,2.519,0.002
3500,5.000,0.505,2.522,0.002
3700,5.000,0.506,2.530,0.002
3900,5.000,0.506,2.530,0.002
4100,5.000,0.501,2.507,0.002
4300,5.000,0.506,2.526,0.003
4500,5.000,0.505,2.526,0.003
4700,5.000,0.505,2.526,0.003
4900,5.000,0.507,2.538,0.003
5100,5.000,0.505,2.526,0.003
5300,5.000,0.505,2.526,0.003
5500,5.000,0.506,2.534,0.003
5700,5.000,0.506,2.534,0.004
5900,5.000,0.503,2.515,0.004
6100,5.000,0.503,2.519,0.004
6300,5.000,0.503,2.519,0.004
6500,5.000,0.499,2.496,0.004
6700,5.000,0.502,2.507,0.004
6900,5.000,0.499,2.496,0.004
7100,5.000,0.499,2.496,0.005
7300,5.000,0.500,2.503,0.005
7500,5.000,0.500,2.500,0.005
7700,5.000,0.500,2.503,0.005
7900,5.000,0.500,2.500,0.005
8100,5.000,0.500,2.500,0.005
8300,5.000,0.503,2.519,0.005
8500,5.000,0.499,2.496,0.006
8700,5.000,0.499,2.496,0.006
8900,5.000,0.499,2.496,0.006
9100,5.000,0.500,2.503,0.006
9300,5.000,0.501,2.507,0.006
9500,5.000,0.501,2.507,0.006
9700,5.000,0.497,2.484,0.006
9900,5.000,0.503,2.515,0.007
10100,5.000,0.502,2.511,0.007
10300,5.000,0.497,2.488,0.007
10500,5.000,0.497,2.488,0.007
10700,5.000,0.500,2.500,0.007
10900,5.000,0.502,2.511,0.007
11100,5.000,0.498,2.488,0.007
11300,5.000,0.498,2.488,0.008
11500,5.000,0.499,2.496,0.008
11700,5.000,0.501,2.503,0.008
11900,5.000,0.496,2.480,0.008
12100,5.000,0.496,2.480,0.008
12300,5.000,0.500,2.500,0.008
12500,5.000,0.502,2.511,0.009
12700,5.000,0.498,2.492,0.009
12900,5.000,0.501,2.503,0.009
13100,5.000,0.501,2.503,0.009
13300,5.000,0.502,2.507,0.009
13500,5.000,0.497,2.488,0.009
13700,5.000,0.497,2.488,0.009
13900,5.000,0.500,2.500,0.009
14100,5.000,0.502,2.511,0.010
14300,5.000,0.499,2.492,0.010
14500,5.000,0.499,2.492,0.010
14700,5.000,0.499,2.496,0.010
14900,5.000,0.500,2.503,0.010
15100,5.000,0.501,2.503,0.010
15300,5.000,0.500,2.503,0.011
15500,5.000,0.500,2.503,0.011
15700,5.000,0.502,2.511,0.011
15900,5.000,0.500,2.500,0.011
16100,5.000,0.500,2.500,0.011
16300,5.000,0.501,2.503,0.011
16500,5.000,0.499,2.496,0.011
16700,5.000,0.501,2.507,0.011
16900,5.000,0.501,2.507,0.012
17100,5.000,0.498,2.488,0.012
17300,5.000,0.500,2.503,0.012
17500,5.000,0.499,2.500,0.012
17700,5.000,0.498,2.488,0.012
17900,5.000,0.498,2.488,0.012
18100,5.000,0.499,2.496,0.013
18300,5.000,0.502,2.511,0.013
18500,5.000,0.497,2.484,0.013
18700,5.000,0.497,2.484,0.013
18900,5.000,0.497,2.488,0.013
19100,5.000,0.502,2.511,0.013
19300,5.000,0.498,2.488,0.013
19500,5.000,0.502,2.507,0.014
19700,5.000,0.502,2.507,0.014
19900,5.000,0.501,2.503,0.014
20100,5.000,0.500,2.503,0.014
20300,5.000,0.500,2.503,0.014
20500,5.000,0.500,2.500,0.014
20700,5.000,0.504,2.519,0.014
20900,5.000,0.497,2.488,0.015
21100,5.000,0.497,2.488,0.015
21300,5.000,0.499,2.496,0.015
21500,5.000,0.501,2.503,0.015
21700,5.000,0.500,2.500,0.015
21900,5.000,0.497,2.484,0.015
22100,5.000,0.497,2.484,0.015
22300,5.000,0.500,2.500,0.016
22500,5.000,0.500,2.503,0.016
22700,5.000,0.500,2.500,0.016
22900,5.000,0.500,2.500,0.016
23100,5.000,0.502,2.507,0.016
23300,5.000,0.501,2.503,0.016
23500,5.000,0.501,2.503,0.016
23700,5.000,0.497,2.488,0.017
23900,5.000,0.499,2.496,0.017
24100,5.000,0.500,2.500,0.017
24300,5.000,0.498,2.492,0.017
24500,5.000,0.498,2.492,0.017
24700,5.000,0.501,2.503,0.017
24900,5.000,0.500,2.500,0.017
25100,5.000,0.498,2.488,0.018
25300,5.000,0.498,2.488,0.018
25500,5.000,0.500,2.500,0.018
25700,5.000,0.503,2.515,0.018
25900,5.000,0.498,2.488,0.018
26100,5.000,0.498,2.488,0.018
26300,5.000,0.501,2.507,0.018
26500,5.000,0.503,2.515,0.019
26700,5.000,0.497,2.484,0.019
26900,5.000,0.500,2.503,0.019
27100,5.000,0.500,2.503,0.019
27300,5.000,0.503,2.515,0.019
27500,5.000,0.498,2.492,0.019
27700,5.000,0.498,2.492,0.019
27900,5.000,0.499,2.492,0.020
28100,5.000,0.499,2.496,0.020
28300,5.000,0.499,2.496,0.020
28500,5.000,0.499,2.496,0.020
28700,5.000,0.499,2.496,0.020
28900,5.000,0.499,2.496,0.020
29100,5.000,0.501,2.503,0.021
29300,5.000,0.500,2.503,0.021
29500,5.000,0.500,2.503,0.021
29700,5.000,0.500,2.503,0.021
29900,5.000,0.500,2.500,0.021
30100,5.000,0.500,2.500,0.021
30300,5.000,0.498,2.492,0.021
30500,5.000,0.499,2.496,0.021
30700,5.000,0.501,2.507,0.022
30900,5.000,0.497,2.484,0.022
31100,5.000,0.497,2.484,0.022
31300,5.000,0.502,2.511,0.022
31500,5.000,0.502,2.507,0.022
31700,5.000,0.499,2.496,0.022
31900,5.000,0.499,2.496,0.023
32100,5.000,0.500,2.503,0.023
32300,5.000,0.501,2.503,0.023
32500,5.000,0.496,2.484,0.023
32700,5.000,0.496,2.484,0.023
32900,5.000,0.502,2.511,0.023
33100,5.000,0.505,2.530,0.023
33300,5.000,0.497,2.484,0.024
33500,5.000,0.499,2.496,0.024
33700,5.000,0.499,2.496,0.024
33900,5.000,0.503,2.515,0.024
34100,5.000,0.499,2.500,0.024
34300,5.000,0.499,2.500,0.024
34500,5.000,0.499,2.496,0.024
34700,5.000,0.501,2.507,0.025
34900,5.000,0.497,2.488,0.025
35100,5.000,0.497,2.488,0.025
35300,5.000,0.498,2.492,0.025
35500,5.000,0.500,2.503,0.025
35700,5.000,0.501,2.503,0.025
35900,5.000,0.498,2.492,0.025
36100,5.000,0.498,2.492,0.026
36300,5.000,0.500,2.503,0.026
36500,5.000,0.499,2.496,0.026
36700,5.000,0.500,2.500,0.026
36900,5.000,0.500,2.500,0.026
37100,5.000,0.501,2.507,0.026
37300,5.000,0.499,2.496,0.026
37500,5.000,0.499,2.496,0.027
37700,5.000,0.499,2.496,0.027
37900,5.000,0.499,2.496,0.027
38100,5.000,0.503,2.519,0.027
38300,5.000,0.497,2.484,0.027
38500,5.000,0.497,2.484,0.027
38700,5.000,0.502,2.511,0.027
38900,5.000,0.503,2.515,0.028
39100,5.000,0.498,2.492,0.028
39300,5.000,0.498,2.492,0.028
39500,5.000,0.499,2.496,0.028
39700,5.000,0.502,2.507,0.028
39900,5.000,0.502,2.488,0.028
40100,5.000,0.499,2.496,0.029
40300,5.000,0.499,2.496,0.029
40500,5.000,0.500,2.500,0.029
40700,5.000,0.498,2.492,0.029
40900,5.000,0.498,2.492,0.029
41100,5.000,0.501,2.503,0.029
41300,5.000,0.501,2.507,0.029
41500,5.000,0.498,2.492,0.029
41700,5.000,0.498,2.492,0.030
41900,5.000,0.498,2.492,0.030
42100,5.000,0.502,2.511,0.030
42300,5.000,0.500,2.500,0.030
42500,5.000,0.500,2.500,0.030
42700,5.000,0.500,2.500,0.030
42900,5.000,0.498,2.488,0.031
43100,5.000,0.502,2.511,0.031
43300,5.000,0.497,2.484,0.031
43500,5.000,0.497,2.484,0.031
43700,5.000,0.500,2.500,0.031
43900,5.000,0.498,2.492,0.031
44100,5.000,0.498,2.492,0.031
44300,5.000,0.499,2.496,0.031
44500,5.000,0.501,2.507,0.032
44700,5.000,0.503,2.515,0.032
44900,5.000,0.497,2.484,0.032
45100,5.000,0.497,2.484,0.032
45300,5.000,0.501,2.507,0.032
45500,5.000,0.503,2.515,0.032
45700,5.000,0.496,2.480,0.033
45900,5.000,0.496,2.480,0.033
46100,5.000,0.502,2.511,0.033
46300,5.000,0.502,2.511,0.033
46500,5.000,0.497,2.484,0.033
46700,5.000,0.497,2.484,0.033
46900,5.000,0.497,2.488,0.033
47100,5.000,0.501,2.507,0.034
47300,5.000,0.498,2.492,0.034
47500,5.000,0.499,2.496,0.034
47700,5.000,0.499,2.496,0.034
47900,5.000,0.501,2.507,0.034
48100,5.000,0.498,2.492,0.034
48300,5.000,0.498,2.492,0.034
48500,5.000,0.500,2.500,0.035
48700,5.000,0.501,2.503,0.035
48900,5.000,0.499,2.500,0.035
49100,5.000,0.499,2.500,0.035
49300,5.000,0.499,2.500,0.035
49500,5.000,0.501,2.503,0.035
49700,5.000,0.499,2.496,0.035
49900,5.000,0.499,2.496,0.036
50100,5.000,0.499,2.496,0.036
50300,5.000,0.501,2.507,0.036
50500,5.000,0.501,2.507,0.036
50700,5.000,0.497,2.488,0.036
50900,5.000,0.497,2.488,0.036
51100,5.000,0.498,2.492,0.036
51300,5.000,0.502,2.507,0.037
51500,5.000,0.498,2.492,0.037
51700,5.000,0.500,2.500,0.037
51900,5.000,0.500,2.500,0.037
52100,5.000,0.503,2.515,0.037
52300,5.000,0.496,2.480,0.037
52500,5.000,0.496,2.480,0.037
52700,5.000,0.500,2.500,0.038
52900,5.000,0.503,2.519,0.038
53100,5.000,0.498,2.492,0.038
53300,5.000,0.498,2.492,0.038
53500,5.000,0.498,2.492,0.038
53700,5.000,0.499,2.500,0.038
53900,5.000,0.497,2.488,0.038
54100,5.000,0.509,2.545,0.039
54300,5.000,0.509,2.545,0.039
54500,5.000,0.500,2.500,0.039
54700,5.000,0.499,2.496,0.039
54900,5.000,0.499,2.496,0.039
55100,5.000,0.501,2.507,0.039
55300,5.000,0.500,2.500,0.039
55500,5.000,0.500,2.503,0.040
55700,5.000,0.500,2.503,0.040
55900,5.000,0.498,2.492,0.040
56100,5.000,0.503,2.515,0.040
56300,5.000,0.500,2.500,0.040
56500,5.000,0.499,2.496,0.040
56700,5.000,0.499,2.496,0.041
56900,5.000,0.499,2.492,0.041
57100,5.000,0.503,2.515,0.041
57300,5.000,0.498,2.492,0.041
57500,5.000,0.498,2.492,0.041
57700,5.000,0.500,2.500,0.041
57900,5.000,0.500,2.503,0.041
58100,5.000,0.500,2.503,0.041
58300,5.000,0.496,2.480,0.042
58500,5.000,0.500,2.500,0.042
58700,5.000,0.499,2.496,0.042
58900,5.000,0.502,2.511,0.042
59100,5.000,0.502,2.511,0.042
59300,5.000,0.499,2.496,0.042
59500,5.000,0.502,2.511,0.043
59700,5.000,0.496,2.477,0.043
59900,5.000,0.496,2.477,0.043
60100,5.000,0.502,2.507,0.043
60300,5.000,0.499,2.496,0.043
60500,5.000,0.499,2.492,0.043
60700,5.000,0.499,2.496,0.043
60900,5.000,0.499,2.496,0.044
61100,5.000,0.502,2.507,0.044
61300,5.000,0.501,2.503,0.044
61500,5.000,0.501,2.503,0.044
61700,5.000,0.501,2.503,0.044
61900,5.000,0.501,2.507,0.044
62100,5.000,0.498,2.488,0.044
62300,5.000,0.498,2.488,0.045
62500,5.000,0.498,2.492,0.045
62700,5.000,0.503,2.515,0.045
62900,5.000,0.502,2.511,0.045
63100,5.000,0.498,2.488,0.045
63300,5.000,0.498,2.488,0.045
63500,5.000,0.502,2.511,0.045
63700,5.000,0.499,2.500,0.046
63900,5.000,0.501,2.507,0.046
64100,5.000,0.501,2.507,0.046
64300,5.000,0.501,2.507,0.046
64500,5.000,0.502,2.511,0.046
64700,5.000,0.497,2.484,0.046
64900,5.000,0.497,2.484,0.046
65100,5.000,0.501,2.507,0.047
65300,5.000,0.502,2.511,0.047
65500,5.000,0.498,2.488,0.047
65700,5.000,0.497,2.484,0.047
65900,5.000,0.497,2.484,0.047
66100,5.000,0.504,2.519,0.047
66300,5.000,0.496,2.480,0.047
66500,5.000,0.496,2.480,0.048
66700,5.000,0.499,2.496,0.048
66900,5.000,0.502,2.507,0.048
67100,5.000,0.498,2.492,0.048
67300,5.000,0.498,2.492,0.048
67500,5.000,0.499,2.496,0.048
67700,5.000,0.502,2.511,0.049
67900,5.000,0.501,2.507,0.049
68100,5.000,0.500,2.500,0.049
68300,5.000,0.500,2.500,0.049
68500,5.000,0.503,2.515,0.049
68700,5.000,0.499,2.496,0.049
68900,5.000,0.499,2.496,0.049
69100,5.000,0.500,2.503,0.049
69300,5.000,0.500,2.503,0.050
69500,5.000,0.501,2.507,0.050
69700,5.000,0.501,2.507,0.050
69900,5.000,0.495,2.477,0.050
70100,5.000,0.501,2.507,0.050
70300,5.000,0.500,2.503,0.050
70500,5.000,0.499,2.492,0.051
70700,5.000,0.499,2.492,0.051
70900,5.000,0.500,2.503,0.051
71100,5.000,0.502,2.507,0.051
71300,5.000,0.499,2.496,0.051
71500,5.000,0.499,2.496,0.051
71700,5.000,0.499,2.500,0.051
71900,5.000,0.503,2.515,0.051
72100,5.000,0.503,2.515,0.052
72300,5.000,0.502,2.507,0.052
72500,5.000,0.502,2.507,0.052
72700,5.000,0.500,2.500,0.052
72900,5.000,0.505,2.526,0.052
73100,5.000,0.505,2.526,0.052
73300,5.000,0.501,2.507,0.053
73500,5.000,0.503,2.515,0.053
73700,5.000,0.496,2.480,0.053
73900,5.000,0.496,2.480,0.053
74100,5.000,0.499,2.496,0.053
74300,5.000,0.500,2.500,0.053
74500,5.000,0.502,2.511,0.053
74700,5.000,0.499,2.496,0.054
74900,5.000,0.499,2.496,0.054
75100,5.000,0.501,2.503,0.054
75300,5.000,0.501,2.507,0.054
75500,5.000,0.498,2.488,0.054
75700,5.000,0.498,2.488,0.054
75900,5.000,0.504,2.519,0.054
76100,5.000,0.499,2.496,0.055
76300,5.000,0.499,2.496,0.055
76500,5.000,0.498,2.492,0.055
76700,5.000,0.500,2.503,0.055
76900,5.000,0.502,2.511,0.055
77100,5.000,0.496,2.480,0.055
77300,5.000,0.496,2.480,0.055
77500,5.000,0.502,2.511,0.056
77700,5.000,0.501,2.503,0.056
77900,5.000,0.499,2.500,0.056
78100,5.000,0.499,2.500,0.056
78300,5.000,0.499,2.492,0.056
78500,5.000,0.503,2.511,0.056
78700,5.000,0.496,2.480,0.056
78900,5.000,0.496,2.480,0.057
79100,5.000,0.502,2.507,0.057
79300,5.000,0.503,2.515,0.057
79500,5.000,0.497,2.484,0.057
79700,5.000,0.497,2.484,0.057
79900,5.000,0.500,2.500,0.057
80100,5.000,0.501,2.503,0.057
80300,5.000,0.499,2.496,0.058
80500,5.000,0.499,2.496,0.058
80700,5.000,0.499,2.496,0.058
80900,5.000,0.499,2.496,0.058
81100,5.000,0.500,2.503,0.058
81300,5.000,0.500,2.503,0.058
81500,5.000,0.501,2.507,0.059
81700,5.000,0.500,2.500,0.059
81900,5.000,0.502,2.511,0.059
82100,5.000,0.499,2.496,0.059
82300,5.000,0.499,2.496,0.059
82500,5.000,0.502,2.511,0.059
82700,5.000,0.498,2.492,0.059
82900,5.000,0.498,2.492,0.059
83100,5.000,0.501,2.507,0.060
83300,5.000,0.500,2.500,0.060
83500,5.000,0.500,2.503,0.060
83700,5.000,0.500,2.500,0.060
83900,5.000,0.500,2.500,0.060
84100,5.000,0.500,2.500,0.060
84300,5.000,0.500,2.500,0.061
84500,5.000,0.496,2.480,0.061
84700,5.000,0.496,2.480,0.061
84900,5.000,0.502,2.511,0.061
85100,5.000,0.500,2.503,0.061
85300,5.000,0.498,2.488,0.061
85500,5.000,0.498,2.488,0.061
85700,5.000,0.500,2.503,0.061
85900,5.000,0.505,2.526,0.062
86100,5.000,0.498,2.488,0.062
86300,5.000,0.502,2.511,0.062
86500,5.000,0.502,2.511,0.062
86700,5.000,0.500,2.500,0.062
86900,5.000,0.500,2.500,0.062
87100,5.000,0.500,2.500,0.063
87300,5.000,0.500,2.500,0.063
87500,5.000,0.503,2.519,0.063
87700,5.000,0.499,2.500,0.063
87900,5.000,0.499,2.500,0.063
88100,5.000,0.500,2.500,0.063
88300,5.000,0.501,2.507,0.063
88500,5.000,0.499,2.496,0.064
88700,5.000,0.500,2.500,0.064
88900,5.000,0.500,2.500,0.064
89100,5.000,0.500,2.503,0.064
89300,5.000,0.501,2.503,0.064
89500,5.000,0.500,2.500,0.064
89700,5.000,0.500,2.500,0.064
89900,5.000,0.500,2.503,0.065
90100,5.000,0.500,2.503,0.065
90300,5.000,0.500,2.503,0.065
90500,5.000,0.498,2.492,0.065
90700,5.000,0.498,2.492,0.065
90900,5.000,0.503,2.519,0.065
91100,5.000,0.499,2.496,0.065
91300,5.000,0.499,2.496,0.066
91500,5.000,0.504,2.522,0.066
91700,5.000,0.503,2.519,0.066
91900,5.000,0.498,2.492,0.066
92100,5.000,0.498,2.492,0.066
92300,5.000,0.500,2.500,0.066
92500,5.000,0.502,2.511,0.066
92700,5.000,0.502,2.511,0.067
92900,5.000,0.501,2.507,0.067
93100,5.000,0.501,2.507,0.067
93300,5.000,0.502,2.511,0.067
93500,5.000,0.499,2.492,0.067
93700,5.000,0.499,2.492,0.067
93900,5.000,0.501,2.507,0.067
94100,5.000,0.504,2.522,0.068
94300,5.000,0.499,2.496,0.068
94500,5.000,0.499,2.496,0.068
94700,5.000,0.498,2.492,0.068
94900,5.000,0.503,2.519,0.068
95100,5.000,0.499,2.492,0.068
95300,5.000,0.500,2.500,0.069
95500,5.000,0.500,2.500,0.069
95700,5.000,0.499,2.492,0.069
95900,5.000,0.502,2.511,0.069
96100,5.000,0.497,2.484,0.069
96300,5.000,0.497,2.484,0.069
96500,5.000,0.501,2.503,0.069
96700,5.000,0.499,2.496,0.069
96900,5.000,0.499,2.496,0.070
97100,5.000,0.497,2.488,0.070
97300,5.000,0.500,2.500,0.070
97500,5.000,0.500,2.503,0.070
97700,5.000,0.497,2.484,0.070
97900,5.000,0.497,2.484,0.070
98100,5.000,0.501,2.507,0.071
98300,5.000,0.504,2.522,0.071
98500,5.000,0.498,2.488,0.071
98700,5.000,0.498,2.488,0.071
98900,5.000,0.502,2.507,0.071
99100,5.000,0.503,2.515,0.071
99300,5.000,0.497,2.488,0.071
99500,5.000,0.497,2.488,0.072
99700,5.000,0.498,2.492,0.072
99900,5.000,0.504,2.519,0.072
100100,5.000,0.500,2.500,0.072
100300,5.000,0.500,2.500,0.072
100500,5.000,0.500,2.500,0.072
100700,5.000,0.500,2.503,0.072
100900,5.000,0.498,2.492,0.073
101100,5.000,0.498,2.492,0.073
101300,5.000,0.500,2.500,0.073
101500,5.000,0.499,2.496,0.073
101700,5.000,0.499,2.496,0.073
101900,5.000,0.499,2.496,0.073
102100,5.000,0.499,2.496,0.073
102300,5.000,0.502,2.515,0.074
102500,5.000,0.499,2.492,0.074
102700,5.000,0.498,2.492,0.074
102900,5.000,0.498,2.492,0.074
103100,5.000,0.501,2.503,0.074
103300,5.000,0.499,2.492,0.074
103500,5.000,0.497,2.480,0.074
103700,5.000,0.497,2.480,0.075
103900,5.000,0.499,2.492,0.075
104100,5.000,0.501,2.507,0.075
104300,5.000,0.499,2.496,0.075
104500,5.000,0.499,2.492,0.075
104700,5.000,0.498,2.492,0.075
104900,5.000,0.505,2.522,0.075
105100,5.000,0.497,2.484,0.076
105300,5.000,0.497,2.484,0.076
105500,5.000,0.502,2.507,0.076
105700,5.000,0.502,2.511,0.076
105900,5.000,0.498,2.492,0.076
106100,5.000,0.498,2.492,0.076
106300,5.000,0.499,2.496,0.076
106500,5.000,0.501,2.507,0.077
106700,5.000,0.498,2.488,0.077
106900,5.000,0.498,2.492,0.077
107100,5.000,0.498,2.492,0.077
107300,5.000,0.502,2.511,0.077
107500,5.000,0.498,2.488,0.077
107700,5.000,0.498,2.488,0.077
107900,5.000,0.499,2.496,0.078
108100,5.000,0.499,2.496,0.078
108300,5.000,0.498,2.492,0.078
108500,5.000,0.498,2.492,0.078
108700,5.000,0.499,2.492,0.078
108900,5.000,0.503,2.515,0.078
109100,5.000,0.498,2.488,0.079
109300,5.000,0.500,2.500,0.079
109500,5.000,0.500,2.500,0.079
109700,5.000,0.502,2.507,0.079
109900,5.000,0.501,2.507,0.079
110100,5.000,0.498,2.492,0.079
110300,5.000,0.498,2.492,0.079
110500,5.000,0.502,2.511,0.079
110700,5.000,0.500,2.500,0.080
110900,5.000,0.500,2.500,0.080
111100,5.000,0.496,2.480,0.080
111300,5.000,0.499,2.496,0.080
111500,5.000,0.501,2.507,0.080
111700,5.000,0.497,2.484,0.080
111900,5.000,0.497,2.484,0.081
112100,5.000,0.499,2.496,0.081
112300,5.000,0.503,2.519,0.081
112500,5.000,0.496,2.480,0.081
112700,5.000,0.496,2.480,0.081
112900,5.000,0.501,2.507,0.081
113100,5.000,0.498,2.488,0.081
113300,5.000,0.498,2.492,0.081
113500,5.000,0.500,2.503,0.082
113700,5.000,0.500,2.503,0.082
113900,5.000,0.502,2.511,0.082
114100,5.000,0.498,2.492,0.082
114300,5.000,0.500,2.500,0.082
114500,5.000,0.500,2.500,0.082
114700,5.000,0.500,2.500,0.083
114900,5.000,0.498,2.492,0.083
115100,5.000,0.498,2.492,0.083
115300,5.000,0.497,2.484,0.083
115500,5.000,0.502,2.507,0.083
115700,5.000,0.500,2.503,0.083
115900,5.000,0.498,2.488,0.083
116100,5.000,0.498,2.488,0.084
116300,5.000,0.500,2.503,0.084
116500,5.000,0.500,2.503,0.084
116700,5.000,0.500,2.500,0.084
116900,5.000,0.500,2.500,0.084
117100,5.000,0.500,2.503,0.084
117300,5.000,0.501,2.507,0.084
117500,5.000,0.496,2.480,0.085
117700,5.000,0.496,2.480,0.085
117900,5.000,0.500,2.500,0.085
118100,5.000,0.502,2.511,0.085
118300,5.000,0.497,2.488,0.085
118500,5.000,0.497,2.488,0.085
118700,5.000,0.499,2.492,0.085
118900,5.000,0.501,2.503,0.086
119100,5.000,0.496,2.477,0.086
119300,5.000,0.496,2.477,0.086
119500,5.000,0.500,2.503,0.086
119700,5.000,0.502,2.507,0.086
119900,5.000,0.496,2.480,0.086
120100,5.000,0.496,2.480,0.086
120300,5.000,0.501,2.503,0.087
120500,5.000,0.501,2.507,0.087
120700,5.000,0.501,2.507,0.087
120900,5.000,0.499,2.496,0.087
121100,5.000,0.499,2.496,0.087
121300,5.000,0.502,2.511,0.087
121500,5.000,0.499,2.496,0.087
121700,5.000,0.499,2.496,0.088
121900,5.000,0.499,2.496,0.088
122100,5.000,0.500,2.503,0.088
122300,5.000,0.500,2.503,0.088
122500,5.000,0.500,2.503,0.088
122700,5.000,0.498,2.492,0.088
122900,5.000,0.501,2.507,0.089
123100,5.000,0.501,2.507,0.089
123300,5.000,0.497,2.484,0.089
123500,5.000,0.497,2.484,0.089
123700,5.000,0.501,2.503,0.089
123900,5.000,0.502,2.507,0.089
124100,5.000,0.499,2.496,0.089
124300,5.000,0.499,2.496,0.089
124500,5.000,0.498,2.488,0.090
124700,5.000,0.500,2.503,0.090
124900,5.000,0.500,2.503,0.090
125100,5.000,0.500,2.500,0.090
125300,5.000,0.500,2.500,0.090
125500,5.000,0.502,2.511,0.090
125700,5.000,0.496,2.480,0.091
125900,5.000,0.496,2.480,0.091
126100,5.000,0.499,2.492,0.091
126300,5.000,0.502,2.507,0.091
126500,5.000,0.494,2.473,0.091
126700,5.000,0.494,2.473,0.091
126900,5.000,0.500,2.503,0.091
127100,5.000,0.499,2.496,0.091
127300,5.000,0.501,2.507,0.092
127500,5.000,0.498,2.492,0.092
127700,5.000,0.498,2.492,0.092
127900,5.000,0.502,2.511,0.092
128100,5.000,0.500,2.500,0.092
128300,5.000,0.500,2.500,0.092
128500,5.000,0.500,2.500,0.093
128700,5.000,0.503,2.515,0.093
128900,5.000,0.499,2.496,0.093
129100,5.000,0.499,2.496,0.093
129300,5.000,0.498,2.492,0.093
129500,5.000,0.500,2.500,0.093
129700,5.000,0.499,2.496,0.093
129900,5.000,0.497,2.484,0.094
130100,5.000,0.497,2.484,0.094
130300,5.000,0.503,2.515,0.094
130500,5.000,0.500,2.500,0.094
130700,5.000,0.499,2.496,0.094
130900,5.000,0.499,2.496,0.094
131100,5.000,0.499,2.496,0.094
131300,5.000,0.500,2.503,0.095
131500,5.000,0.500,2.503,0.095
131700,5.000,0.495,2.477,0.095
131900,5.000,0.499,2.496,0.095
132100,5.000,0.504,2.519,0.095
132300,5.000,0.498,2.488,0.095
132500,5.000,0.498,2.488,0.095
132700,5.000,0.500,2.503,0.096
132900,5.000,0.503,2.515,0.096
133100,5.000,0.498,2.492,0.096
133300,5.000,0.498,2.492,0.096
133500,5.000,0.498,2.488,0.096
133700,5.000,0.501,2.507,0.096
133900,5.000,0.498,2.492,0.096
134100,5.000,0.498,2.492,0.097
134300,5.000,0.501,2.503,0.097
134500,5.000,0.499,2.496,0.097
134700,5.000,0.500,2.503,0.097
134900,5.000,0.497,2.488,0.097
135100,5.000,0.497,2.488,0.097
135300,5.000,0.503,2.515,0.097
135500,5.000,0.499,2.496,0.098
135700,5.000,0.499,2.496,0.098
135900,5.000,0.501,2.503,0.098
136100,5.000,0.497,2.488,0.098
136300,5.000,0.501,2.507,0.098
136500,5.000,0.497,2.488,0.098
136700,5.000,0.497,2.488,0.099
136900,5.000,0.499,2.496,0.099
137100,5.000,0.501,2.507,0.099
137300,5.000,0.497,2.484,0.099
137500,5.000,0.497,2.484,0.099
137700,5.000,0.499,2.500,0.099
137900,5.000,0.503,2.515,0.099
138100,5.000,0.497,2.488,0.099
138300,5.000,0.497,2.488,0.100
138500,5.000,0.499,2.496,0.100
138700,5.000,0.504,2.522,0.100
138900,5.000,0.496,2.480,0.100
139100,5.000,0.499,2.496,0.100
139300,5.000,0.499,2.496,0.100
139500,5.000,0.502,2.511,0.101
139700,5.000,0.497,2.484,0.101
139900,5.000,0.497,2.484,0.101
140100,5.000,0.499,2.496,0.101
140300,5.000,0.504,2.519,0.101
140500,5.000,0.495,2.477,0.101
140700,5.000,0.495,2.477,0.101
140900,5.000,0.500,2.503,0.101
141100,5.000,0.504,2.522,0.102
141300,5.000,0.501,2.507,0.102
141500,5.000,0.498,2.488,0.102
141700,5.000,0.498,2.488,0.102
141900,5.000,0.500,2.500,0.102
142100,5.000,0.499,2.500,0.102
142300,5.000,0.498,2.492,0.103
142500,5.000,0.498,2.492,0.103
142700,5.000,0.502,2.511,0.103
142900,5.000,0.498,2.492,0.103
143100,5.000,0.498,2.492,0.103
143300,5.000,0.498,2.488,0.103
143500,5.000,0.500,2.503,0.103
143700,5.000,0.502,2.511,0.104
143900,5.000,0.497,2.484,0.104
144100,5.000,0.497,2.484,0.104
144300,5.000,0.501,2.507,0.104
144500,5.000,0.498,2.492,0.104
144700,5.000,0.497,2.484,0.104
144900,5.000,0.497,2.484,0.104
145100,5.000,0.498,2.492,0.105
145300,5.000,0.503,2.515,0.105
145500,5.000,0.503,2.515,0.105
145700,5.000,0.500,2.500,0.105
145900,5.000,0.500,2.500,0.105
146100,5.000,0.500,2.503,0.105
146300,5.000,0.499,2.492,0.105
146500,5.000,0.499,2.492,0.106
146700,5.000,0.500,2.503,0.106
146900,5.000,0.500,2.503,0.106
147100,5.000,0.499,2.500,0.106
147300,5.000,0.499,2.500,0.106
147500,5.000,0.498,2.488,0.106
147700,5.000,0.503,2.515,0.106
147900,5.000,0.498,2.492,0.107
148100,5.000,0.499,2.496,0.107
148300,5.000,0.499,2.496,0.107
148500,5.000,0.499,2.496,0.107
148700,5.000,0.499,2.496,0.107
148900,5.000,0.498,2.492,0.107
149100,5.000,0.498,2.492,0.107
149300,5.000,0.500,2.500,0.108
149500,5.000,0.499,2.496,0.108
149700,5.000,0.499,2.496,0.108
149900,5.000,0.498,2.496,0.108
150100,5.000,0.501,2.503,0.108
150300,5.000,0.502,2.507,0.108
150500,5.000,0.498,2.488,0.109
150700,5.000,0.498,2.488,0.109
150900,5.000,0.500,2.500,0.109
151100,5.000,0.503,2.515,0.109
151300,5.000,0.497,2.484,0.109
151500,5.000,0.497,2.484,0.109
151700,5.000,0.500,2.503,0.109
151900,5.000,0.500,2.500,0.109
152100,5.000,0.497,2.484,0.110
152300,5.000,0.497,2.484,0.110
152500,5.000,0.497,2.484,0.110
152700,5.000,0.506,2.530,0.110
152900,5.000,0.496,2.480,0.110
153100,5.000,0.499,2.500,0.110
153300,5.000,0.499,2.500,0.111
153500,5.000,0.502,2.515,0.111
153700,5.000,0.498,2.488,0.111
153900,5.000,0.498,2.488,0.111
154100,5.000,0.498,2.488,0.111
154300,5.000,0.500,2.500,0.111
154500,5.000,0.496,2.484,0.111
154700,5.000,0.496,2.484,0.111
154900,5.000,0.498,2.488,0.112
155100,5.000,0.499,2.500,0.112
155300,5.000,0.498,2.488,0.112
155500,5.000,0.498,2.488,0.112
155700,5.000,0.498,2.488,0.112
155900,5.000,0.499,2.496,0.112
156100,5.000,0.500,2.500,0.113
156300,5.000,0.497,2.484,0.113
156500,5.000,0.497,2.484,0.113
156700,5.000,0.500,2.500,0.113
156900,5.000,0.500,2.503,0.113
157100,5.000,0.500,2.503,0.113
157300,5.000,0.498,2.500,0.113
157500,5.000,0.500,2.500,0.114
157700,5.000,0.502,2.511,0.114
157900,5.000,0.497,2.484,0.114
158100,5.000,0.497,2.484,0.114
158300,5.000,0.501,2.503,0.114
158500,5.000,0.502,2.511,0.114
158700,5.000,0.497,2.484,0.114
158900,5.000,0.497,2.484,0.115
159100,5.000,0.498,2.488,0.115
159300,5.000,0.502,2.507,0.115
159500,5.000,0.499,2.496,0.115
159700,5.000,0.499,2.496,0.115
159900,5.000,0.499,2.496,0.115
160100,5.000,0.500,2.500,0.115
160300,5.000,0.497,2.484,0.116
160500,5.000,0.497,2.484,0.116
160700,5.000,0.500,2.500,0.116
160900,5.000,0.501,2.507,0.116
161100,5.000,0.499,2.496,0.116
161300,5.000,0.499,2.496,0.116
161500,5.000,0.498,2.492,0.116
161700,5.000,0.499,2.492,0.117
161900,5.000,0.499,2.500,0.117
162100,5.000,0.500,2.500,0.117
162300,5.000,0.500,2.500,0.117
162500,5.000,0.500,2.500,0.117
162700,5.000,0.499,2.496,0.117
162900,5.000,0.498,2.488,0.117
163100,5.000,0.498,2.488,0.118
163300,5.000,0.500,2.503,0.118
163500,5.000,0.502,2.507,0.118
163700,5.000,0.502,2.507,0.118
163900,5.000,0.496,2.480,0.118
164100,5.000,0.501,2.507,0.118
164300,5.000,0.502,2.511,0.118
164500,5.000,0.498,2.492,0.119
164700,5.000,0.498,2.492,0.119
164900,5.000,0.500,2.503,0.119
165100,5.000,0.504,2.519,0.119
165300,5.000,0.496,2.477,0.119
165500,5.000,0.496,2.477,0.119
165700,5.000,0.501,2.507,0.119
165900,5.000,0.499,2.496,0.120
166100,5.000,0.499,2.492,0.120
166300,5.000,0.499,2.492,0.120
166500,5.000,0.499,2.492,0.120
166700,5.000,0.501,2.507,0.120
166900,5.000,0.498,2.492,0.120
167100,5.000,0.499,2.496,0.121
167300,5.000,0.499,2.496,0.121
167500,5.000,0.502,2.511,0.121
