300,5.000,0.514,2.568,0.000
500,5.000,0.516,2.580,0.000
700,5.000,0.522,2.610,0.000
900,5.000,0.532,2.656,0.000
1100,5.000,0.532,2.656,0.000
1300,5.000,0.530,2.652,0.000
1500,5.000,0.533,2.667,0.001
1700,5.000,0.525,2.626,0.001
1900,5.000,0.525,2.626,0.001
2100,5.000,0.527,2.637,0.001
2300,5.000,0.525,2.622,0.001
2500,5.000,0.525,2.622,0.001
2700,5.000,0.529,2.645,0.001
2900,5.000,0.527,2.637,0.002
3100,5.000,0.520,2.603,0.002
3300,5.000,0.520,2.603,0.002
3500,5.000,0.520,2.603,0.002
3700,5.000,0.525,2.626,0.002
3900,5.000,0.515,2.576,0.002
4100,5.000,0.515,2.576,0.002
4300,5.000,0.520,2.603,0.003
4500,5.000,0.523,2.618,0.003
4700,5.000,0.515,2.576,0.003
4900,5.000,0.524,2.618,0.003
5100,5.000,0.524,2.618,0.003
5300,5.000,0.516,2.580,0.003
5500,5.000,0.510,2.549,0.003
5700,5.000,0.510,2.549,0.004
5900,5.000,0.517,2.584,0.004
6100,5.000,0.515,2.576,0.004
6300,5.000,0.512,2.561,0.004
6500,5.000,0.512,2.561,0.004
6700,5.000,0.520,2.599,0.004
6900,5.000,0.515,2.572,0.004
7100,5.000,0.512,2.561,0.005
7300,5.000,0.512,2.561,0.005
7500,5.000,0.515,2.576,0.005
7700,5.000,0.515,2.572,0.005
7900,5.000,0.508,2.542,0.005
8100,5.000,0.519,2.595,0.005
8300,5.000,0.519,2.595,0.006
8500,5.000,0.514,2.568,0.006
8700,5.000,0.513,2.564,0.006
8900,5.000,0.513,2.564,0.006
9100,5.000,0.519,2.595,0.006
9300,5.000,0.510,2.549,0.006
9500,5.000,0.512,2.557,0.006
9700,5.000,0.512,2.557,0.007
9900,5.000,0.522,2.610,0.007
10100,5.000,0.512,2.561,0.007
10300,5.000,0.512,2.561,0.007
10500,5.000,0.512,2.561,0.007
10700,5.000,0.523,2.618,0.007
10900,5.000,0.510,2.549,0.007
11100,5.000,0.511,2.553,0.008
11300,5.000,0.517,2.584,0.008
11500,5.000,0.517,2.584,0.008
11700,5.000,0.512,2.561,0.008
11900,5.000,0.512,2.561,0.008
12100,5.000,0.512,2.561,0.008
12300,5.000,0.522,2.606,0.008
12500,5.000,0.511,2.557,0.009
12700,5.000,0.512,2.561,0.009
12900,5.000,0.512,2.561,0.009
13100,5.000,0.517,2.584,0.009
13300,5.000,0.513,2.564,0.009
13500,5.000,0.513,2.564,0.009
13700,5.000,0.513,2.564,0.009
13900,5.000,0.519,2.595,0.010
14100,5.000,0.514,2.568,0.010
14300,5.000,0.514,2.568,0.010
14500,5.000,0.513,2.564,0.010
14700,5.000,0.518,2.591,0.010
14900,5.000,0.511,2.553,0.010
15100,5.000,0.514,2.572,0.011
15300,5.000,0.514,2.572,0.011
15500,5.000,0.517,2.584,0.011
15700,5.000,0.515,2.572,0.011
15900,5.000,0.515,2.576,0.011
16100,5.000,0.515,2.576,0.011
16300,5.000,0.516,2.580,0.011
16500,5.000,0.509,2.545,0.012
16700,5.000,0.509,2.545,0.012
16900,5.000,0.517,2.584,0.012
17100,5.000,0.516,2.584,0.012
17300,5.000,0.511,2.553,0.012
17500,5.000,0.511,2.553,0.012
17700,5.000,0.516,2.584,0.012
17900,5.000,0.517,2.584,0.013
18100,5.000,0.511,2.557,0.013
18300,5.000,0.515,2.576,0.013
18500,5.000,0.515,2.576,0.013
18700,5.000,0.514,2.568,0.013
18900,5.000,0.509,2.549,0.013
19100,5.000,0.521,2.603,0.013
19300,5.000,0.521,2.603,0.014
19500,5.000,0.514,2.568,0.014
19700,5.000,0.512,2.561,0.014
19900,5.000,0.512,2.561,0.014
20100,5.000,0.515,2.576,0.014
20300,5.000,0.514,2.568,0.014
20500,5.000,0.511,2.557,0.014
20700,5.000,0.511,2.557,0.015
20900,5.000,0.516,2.580,0.015
21100,5.000,0.516,2.580,0.015
21300,5.000,0.513,2.564,0.015
21500,5.000,0.513,2.564,0.015
21700,5.000,0.518,2.587,0.015
21900,5.000,0.515,2.576,0.016
22100,5.000,0.510,2.549,0.016
22300,5.000,0.515,2.576,0.016
22500,5.000,0.515,2.576,0.016
22700,5.000,0.514,2.572,0.016
22900,5.000,0.513,2.564,0.016
23100,5.000,0.513,2.564,0.016
23300,5.000,0.522,2.614,0.017
23500,5.000,0.509,2.542,0.017
23700,5.000,0.512,2.561,0.017
23900,5.000,0.512,2.561,0.017
24100,5.000,0.520,2.599,0.017
24300,5.000,0.511,2.553,0.017
24500,5.000,0.510,2.549,0.017
24700,5.000,0.510,2.549,0.018
24900,5.000,0.524,2.622,0.018
25100,5.000,0.511,2.557,0.018
25300,5.000,0.511,2.553,0.018
25500,5.000,0.518,2.591,0.018
25700,5.000,0.518,2.591,0.018
25900,5.000,0.510,2.553,0.019
26100,5.000,0.511,2.557,0.019
26300,5.000,0.511,2.557,0.019
26500,5.000,0.521,2.603,0.019
26700,5.000,0.512,2.561,0.019
26900,5.000,0.513,2.568,0.019
27100,5.000,0.513,2.568,0.019
27300,5.000,0.517,2.587,0.020
27500,5.000,0.510,2.549,0.020
27700,5.000,0.510,2.553,0.020
27900,5.000,0.511,2.553,0.020
28100,5.000,0.519,2.595,0.020
28300,5.000,0.513,2.564,0.020
28500,5.000,0.513,2.564,0.020
28700,5.000,0.514,2.568,0.021
28900,5.000,0.520,2.603,0.021
29100,5.000,0.510,2.553,0.021
29300,5.000,0.512,2.561,0.021
29500,5.000,0.512,2.561,0.021
29700,5.000,0.517,2.584,0.021
29900,5.000,0.513,2.564,0.021
30100,5.000,0.516,2.580,0.022
30300,5.000,0.516,2.580,0.022
30500,5.000,0.518,2.587,0.022
30700,5.000,0.511,2.553,0.022
30900,5.000,0.511,2.553,0.022
31100,5.000,0.515,2.576,0.022
31300,5.000,0.513,2.564,0.022
31500,5.000,0.510,2.549,0.023
31700,5.000,0.510,2.549,0.023
31900,5.000,0.516,2.580,0.023
32100,5.000,0.519,2.591,0.023
32300,5.000,0.513,2.564,0.023
32500,5.000,0.515,2.576,0.023
32700,5.000,0.515,2.576,0.024
32900,5.000,0.518,2.591,0.024
33100,5.000,0.509,2.545,0.024
33300,5.000,0.520,2.599,0.024
33500,5.000,0.520,2.599,0.024
33700,5.000,0.515,2.572,0.024
33900,5.000,0.512,2.557,0.024
34100,5.000,0.512,2.557,0.025
34300,5.000,0.515,2.572,0.025
34500,5.000,0.514,2.568,0.025
34700,5.000,0.512,2.561,0.025
34900,5.000,0.512,2.561,0.025
35100,5.000,0.512,2.561,0.025
35300,5.000,0.517,2.587,0.025
35500,5.000,0.513,2.564,0.026
35700,5.000,0.521,2.603,0.026
35900,5.000,0.521,2.603,0.026
36100,5.000,0.515,2.576,0.026
36300,5.000,0.512,2.561,0.026
36500,5.000,0.516,2.576,0.026
36700,5.000,0.516,2.576,0.026
36900,5.000,0.515,2.572,0.027
37100,5.000,0.511,2.557,0.027
37300,5.000,0.511,2.557,0.027
37500,5.000,0.525,2.622,0.027
37700,5.000,0.510,2.549,0.027
37900,5.000,0.512,2.557,0.027
38100,5.000,0.512,2.557,0.027
38300,5.000,0.516,2.580,0.028
38500,5.000,0.514,2.572,0.028
38700,5.000,0.511,2.553,0.028
38900,5.000,0.511,2.553,0.028
39100,5.000,0.526,2.626,0.028
39300,5.000,0.513,2.564,0.028
39500,5.000,0.514,2.568,0.029
39700,5.000,0.522,2.610,0.029
39900,5.000,0.522,2.610,0.029
40100,5.000,0.510,2.549,0.029
40300,5.000,0.511,2.553,0.029
40500,5.000,0.511,2.553,0.029
40700,5.000,0.519,2.591,0.029
40900,5.000,0.514,2.572,0.030
41100,5.000,0.513,2.564,0.030
41300,5.000,0.513,2.564,0.030
41500,5.000,0.519,2.595,0.030
41700,5.000,0.511,2.557,0.030
41900,5.000,0.511,2.557,0.030
42100,5.000,0.512,2.557,0.030
42300,5.000,0.519,2.595,0.031
42500,5.000,0.512,2.561,0.031
42700,5.000,0.513,2.568,0.031
42900,5.000,0.513,2.568,0.031
43100,5.000,0.522,2.610,0.031
43300,5.000,0.513,2.564,0.031
43500,5.000,0.514,2.568,0.031
43700,5.000,0.514,2.568,0.032
43900,5.000,0.517,2.587,0.032
44100,5.000,0.511,2.553,0.032
44300,5.000,0.519,2.595,0.032
44500,5.000,0.519,2.595,0.032
44700,5.000,0.518,2.591,0.032
44900,5.000,0.511,2.553,0.032
45100,5.000,0.511,2.553,0.033
45300,5.000,0.512,2.557,0.033
45500,5.000,0.520,2.599,0.033
45700,5.000,0.509,2.545,0.033
45900,5.000,0.509,2.545,0.033
46100,5.000,0.514,2.572,0.033
46300,5.000,0.518,2.591,0.034
46500,5.000,0.514,2.568,0.034
46700,5.000,0.516,2.580,0.034
46900,5.000,0.516,2.580,0.034
47100,5.000,0.518,2.591,0.034
47300,5.000,0.509,2.545,0.034
47500,5.000,0.515,2.576,0.034
47700,5.000,0.515,2.576,0.035
47900,5.000,0.517,2.584,0.035
48100,5.000,0.513,2.564,0.035
48300,5.000,0.513,2.564,0.035
48500,5.000,0.518,2.591,0.035
48700,5.000,0.515,2.572,0.035
48900,5.000,0.512,2.561,0.035
49100,5.000,0.512,2.561,0.036
49300,5.000,0.513,2.564,0.036
49500,5.000,0.516,2.580,0.036
49700,5.000,0.510,2.553,0.036
49900,5.000,0.518,2.591,0.036
50100,5.000,0.518,2.591,0.036
50300,5.000,0.515,2.576,0.036
50500,5.000,0.513,2.564,0.037
50700,5.000,0.516,2.576,0.037
50900,5.000,0.516,2.576,0.037
51100,5.000,0.514,2.568,0.037
51300,5.000,0.510,2.549,0.037
51500,5.000,0.510,2.549,0.037
51700,5.000,0.520,2.599,0.037
51900,5.000,0.514,2.572,0.038
52100,5.000,0.511,2.557,0.038
52300,5.000,0.511,2.557,0.038
52500,5.000,0.519,2.595,0.038
52700,5.000,0.513,2.564,0.038
52900,5.000,0.509,2.549,0.038
53100,5.000,0.520,2.599,0.039
53300,5.000,0.520,2.599,0.039
53500,5.000,0.512,2.561,0.039
53700,5.000,0.511,2.557,0.039
53900,5.000,0.511,2.557,0.039
54100,5.000,0.523,2.614,0.039
54300,5.000,0.511,2.557,0.039
54500,5.000,0.512,2.561,0.040
54700,5.000,0.512,2.561,0.040
54900,5.000,0.518,2.587,0.040
55100,5.000,0.514,2.568,0.040
55300,5.000,0.514,2.568,0.040
55500,5.000,0.514,2.568,0.040
55700,5.000,0.521,2.603,0.040
55900,5.000,0.513,2.564,0.041
56100,5.000,0.513,2.564,0.041
56300,5.000,0.512,2.561,0.041
56500,5.000,0.518,2.591,0.041
56700,5.000,0.511,2.553,0.041
56900,5.000,0.511,2.553,0.041
57100,5.000,0.511,2.553,0.041
57300,5.000,0.518,2.591,0.042
57500,5.000,0.513,2.564,0.042
57700,5.000,0.515,2.572,0.042
57900,5.000,0.515,2.572,0.042
58100,5.000,0.517,2.587,0.042
58300,5.000,0.509,2.545,0.042
58500,5.000,0.515,2.576,0.042
58700,5.000,0.515,2.576,0.043
58900,5.000,0.518,2.591,0.043
59100,5.000,0.513,2.564,0.043
59300,5.000,0.513,2.564,0.043
59500,5.000,0.514,2.568,0.043
59700,5.000,0.521,2.606,0.043
59900,5.000,0.509,2.545,0.043
60100,5.000,0.513,2.564,0.044
60300,5.000,0.513,2.564,0.044
60500,5.000,0.516,2.580,0.044
60700,5.000,0.512,2.557,0.044
60900,5.000,0.517,2.587,0.044
61100,5.000,0.517,2.587,0.044
61300,5.000,0.519,2.599,0.045
61500,5.000,0.511,2.557,0.045
61700,5.000,0.514,2.572,0.045
61900,5.000,0.514,2.572,0.045
62100,5.000,0.516,2.580,0.045
62300,5.000,0.512,2.561,0.045
62500,5.000,0.512,2.561,0.045
62700,5.000,0.517,2.584,0.046
62900,5.000,0.519,2.595,0.046
63100,5.000,0.514,2.568,0.046
63300,5.000,0.514,2.568,0.046
63500,5.000,0.515,2.572,0.046
63700,5.000,0.517,2.584,0.046
63900,5.000,0.509,2.545,0.046
64100,5.000,0.518,2.587,0.047
64300,5.000,0.518,2.587,0.047
64500,5.000,0.515,2.572,0.047
64700,5.000,0.514,2.568,0.047
64900,5.000,0.516,2.584,0.047
65100,5.000,0.516,2.584,0.047
65300,5.000,0.513,2.564,0.047
65500,5.000,0.511,2.553,0.048
65700,5.000,0.511,2.553,0.048
65900,5.000,0.522,2.610,0.048
66100,5.000,0.513,2.564,0.048
66300,5.000,0.510,2.553,0.048
66500,5.000,0.510,2.553,0.048
66700,5.000,0.521,2.606,0.048
66900,5.000,0.513,2.564,0.049
67100,5.000,0.511,2.553,0.049
67300,5.000,0.514,2.572,0.049
67500,5.000,0.514,2.572,0.049
67700,5.000,0.514,2.568,0.049
67900,5.000,0.510,2.549,0.049
68100,5.000,0.510,2.549,0.050
68300,5.000,0.524,2.622,0.050
68500,5.000,0.511,2.557,0.050
68700,5.000,0.512,2.561,0.050
68900,5.000,0.512,2.561,0.050
69100,5.000,0.518,2.587,0.050
69300,5.000,0.511,2.557,0.050
69500,5.000,0.512,2.561,0.051
69700,5.000,0.512,2.561,0.051
69900,5.000,0.520,2.599,0.051
70100,5.000,0.514,2.572,0.051
70300,5.000,0.514,2.572,0.051
70500,5.000,0.512,2.557,0.051
70700,5.000,0.520,2.599,0.051
70900,5.000,0.511,2.557,0.052
71100,5.000,0.510,2.549,0.052
71300,5.000,0.510,2.549,0.052
71500,5.000,0.518,2.591,0.052
71700,5.000,0.512,2.561,0.052
71900,5.000,0.513,2.564,0.052
72100,5.000,0.513,2.564,0.052
72300,5.000,0.520,2.599,0.053
72500,5.000,0.510,2.553,0.053
72700,5.000,0.514,2.572,0.053
72900,5.000,0.514,2.572,0.053
73100,5.000,0.518,2.591,0.053
73300,5.000,0.510,2.549,0.053
73500,5.000,0.510,2.549,0.053
73700,5.000,0.513,2.564,0.054
73900,5.000,0.521,2.606,0.054
74100,5.000,0.511,2.553,0.054
74300,5.000,0.512,2.561,0.054
74500,5.000,0.512,2.561,0.054
74700,5.000,0.516,2.580,0.054
74900,5.000,0.509,2.545,0.055
75100,5.000,0.514,2.568,0.055
75300,5.000,0.514,2.568,0.055
75500,5.000,0.518,2.591,0.055
