300,5.000,0.365,1.828,0.000
500,5.000,0.365,1.828,0.000
700,5.000,0.354,1.771,0.000
900,5.000,0.353,1.767,0.000
1100,5.000,0.353,1.767,0.000
1300,5.000,0.353,1.767,0.000
1500,5.000,0.354,1.771,0.000
1700,5.000,0.353,1.771,0.000
1900,5.000,0.353,1.771,0.000
2100,5.000,0.354,1.771,0.000
2300,5.000,0.354,1.774,0.001
2500,5.000,0.354,1.774,0.001
2700,5.000,0.354,1.771,0.001
2900,5.000,0.354,1.771,0.001
3100,5.000,0.354,1.771,0.001
3300,5.000,0.353,1.767,0.001
3500,5.000,0.353,1.771,0.001
3700,5.000,0.353,1.771,0.001
3900,5.000,0.354,1.771,0.001
4100,5.000,0.354,1.771,0.001
4300,5.000,0.354,1.771,0.002
4500,5.000,0.354,1.774,0.002
4700,5.000,0.354,1.771,0.002
4900,5.000,0.353,1.771,0.002
5100,5.000,0.353,1.771,0.002
5300,5.000,0.353,1.771,0.002
5500,5.000,0.353,1.771,0.002
5700,5.000,0.353,1.771,0.002
5900,5.000,0.354,1.771,0.002
6100,5.000,0.354,1.771,0.003
6300,5.000,0.354,1.771,0.003
6500,5.000,0.354,1.774,0.003
6700,5.000,0.354,1.774,0.003
6900,5.000,0.354,1.771,0.003
7100,5.000,0.353,1.771,0.003
7300,5.000,0.354,1.774,0.003
7500,5.000,0.354,1.774,0.003
7700,5.000,0.354,1.771,0.003
7900,5.000,0.353,1.767,0.003
8100,5.000,0.354,1.771,0.003
8300,5.000,0.354,1.771,0.004
8500,5.000,0.354,1.771,0.004
8700,5.000,0.353,1.771,0.004
8900,5.000,0.353,1.771,0.004
9100,5.000,0.353,1.771,0.004
9300,5.000,0.354,1.771,0.004
9500,5.000,0.354,1.771,0.004
9700,5.000,0.354,1.771,0.004
9900,5.000,0.354,1.771,0.004
10100,5.000,0.354,1.771,0.005
10300,5.000,0.354,1.771,0.005
10500,5.000,0.354,1.771,0.005
10700,5.000,0.354,1.771,0.005
10900,5.000,0.354,1.771,0.005
11100,5.000,0.354,1.771,0.005
11300,5.000,0.354,1.771,0.005
11500,5.000,0.354,1.771,0.005
11700,5.000,0.354,1.771,0.005
11900,5.000,0.353,1.771,0.005
12100,5.000,0.353,1.771,0.006
12300,5.000,0.364,1.820,0.006
12500,5.000,0.367,1.835,0.006
12700,5.000,0.354,1.771,0.006
12900,5.000,0.354,1.771,0.006
13100,5.000,0.354,1.771,0.006
13300,5.000,0.354,1.774,0.006
13500,5.000,0.354,1.771,0.006
13700,5.000,0.354,1.771,0.006
13900,5.000,0.354,1.771,0.006
14100,5.000,0.354,1.771,0.007
14300,5.000,0.354,1.771,0.007
14500,5.000,0.354,1.774,0.007
14700,5.000,0.354,1.774,0.007
14900,5.000,0.354,1.771,0.007
15100,5.000,0.353,1.771,0.007
15300,5.000,0.353,1.771,0.007
15500,5.000,0.354,1.774,0.007
15700,5.000,0.354,1.771,0.007
15900,5.000,0.353,1.767,0.007
16100,5.000,0.353,1.767,0.008
16300,5.000,0.354,1.771,0.008
16500,5.000,0.354,1.771,0.008
16700,5.000,0.354,1.771,0.008
16900,5.000,0.354,1.771,0.008
17100,5.000,0.354,1.771,0.008
17300,5.000,0.354,1.771,0.008
17500,5.000,0.353,1.771,0.008
17700,5.000,0.353,1.771,0.008
17900,5.000,0.354,1.771,0.008
18100,5.000,0.354,1.771,0.009
18300,5.000,0.354,1.774,0.009
18500,5.000,0.354,1.774,0.009
18700,5.000,0.354,1.771,0.009
18900,5.000,0.354,1.771,0.009
19100,5.000,0.354,1.771,0.009
19300,5.000,0.354,1.771,0.009
19500,5.000,0.354,1.771,0.009
19700,5.000,0.354,1.771,0.009
19900,5.000,0.354,1.771,0.009
20100,5.000,0.354,1.771,0.010
20300,5.000,0.354,1.771,0.010
20500,5.000,0.354,1.771,0.010
20700,5.000,0.354,1.771,0.010
20900,5.000,0.354,1.771,0.010
21100,5.000,0.354,1.771,0.010
21300,5.000,0.353,1.771,0.010
21500,5.000,0.354,1.771,0.010
21700,5.000,0.354,1.771,0.010
21900,5.000,0.354,1.771,0.010
22100,5.000,0.354,1.771,0.011
22300,5.000,0.354,1.771,0.011
22500,5.000,0.354,1.771,0.011
22700,5.000,0.354,1.771,0.011
22900,5.000,0.354,1.771,0.011
23100,5.000,0.354,1.771,0.011
23300,5.000,0.354,1.771,0.011
23500,5.000,0.354,1.774,0.011
23700,5.000,0.354,1.771,0.011
23900,5.000,0.355,1.778,0.012
24100,5.000,0.355,1.778,0.012
24300,5.000,0.354,1.774,0.012
24500,5.000,0.354,1.771,0.012
24700,5.000,0.353,1.771,0.012
24900,5.000,0.353,1.771,0.012
25100,5.000,0.354,1.771,0.012
25300,5.000,0.354,1.771,0.012
25500,5.000,0.354,1.771,0.012
25700,5.000,0.354,1.771,0.012
25900,5.000,0.354,1.771,0.013
26100,5.000,0.354,1.771,0.013
26300,5.000,0.354,1.771,0.013
26500,5.000,0.354,1.774,0.013
26700,5.000,0.354,1.771,0.013
26900,5.000,0.354,1.771,0.013
27100,5.000,0.354,1.771,0.013
27300,5.000,0.354,1.771,0.013
27500,5.000,0.354,1.771,0.013
27700,5.000,0.354,1.771,0.013
27900,5.000,0.354,1.771,0.014
28100,5.000,0.354,1.771,0.014
28300,5.000,0.354,1.771,0.014
28500,5.000,0.353,1.771,0.014
28700,5.000,0.354,1.771,0.014
28900,5.000,0.354,1.771,0.014
29100,5.000,0.354,1.771,0.014
29300,5.000,0.354,1.771,0.014
29500,5.000,0.354,1.771,0.014
29700,5.000,0.354,1.771,0.014
29900,5.000,0.354,1.774,0.015
30100,5.000,0.354,1.771,0.015
30300,5.000,0.354,1.771,0.015
30500,5.000,0.354,1.771,0.015
30700,5.000,0.354,1.771,0.015
30900,5.000,0.354,1.771,0.015
31100,5.000,0.354,1.774,0.015
31300,5.000,0.354,1.774,0.015
31500,5.000,0.354,1.771,0.015
31700,5.000,0.354,1.771,0.015
31900,5.000,0.354,1.771,0.016
32100,5.000,0.354,1.771,0.016
32300,5.000,0.354,1.771,0.016
32500,5.000,0.354,1.771,0.016
32700,5.000,0.354,1.771,0.016
32900,5.000,0.354,1.771,0.016
33100,5.000,0.354,1.771,0.016
33300,5.000,0.354,1.771,0.016
33500,5.000,0.354,1.771,0.016
33700,5.000,0.354,1.771,0.016
33900,5.000,0.354,1.771,0.017
34100,5.000,0.354,1.771,0.017
34300,5.000,0.353,1.771,0.017
34500,5.000,0.353,1.771,0.017
34700,5.000,0.354,1.774,0.017
34900,5.000,0.354,1.774,0.017
35100,5.000,0.354,1.774,0.017
35300,5.000,0.354,1.771,0.017
35500,5.000,0.354,1.771,0.017
35700,5.000,0.353,1.771,0.017
35900,5.000,0.353,1.771,0.018
36100,5.000,0.354,1.774,0.018
36300,5.000,0.354,1.774,0.018
36500,5.000,0.354,1.771,0.018
36700,5.000,0.354,1.771,0.018
36900,5.000,0.354,1.771,0.018
37100,5.000,0.354,1.771,0.018
37300,5.000,0.354,1.771,0.018
37500,5.000,0.354,1.771,0.018
37700,5.000,0.354,1.771,0.019
37900,5.000,0.354,1.771,0.019
38100,5.000,0.354,1.771,0.019
38300,5.000,0.354,1.771,0.019
38500,5.000,0.354,1.771,0.019
38700,5.000,0.354,1.771,0.019
38900,5.000,0.354,1.771,0.019
39100,5.000,0.354,1.771,0.019
39300,5.000,0.353,1.767,0.019
39500,5.000,0.354,1.774,0.019
39700,5.000,0.354,1.774,0.019
39900,5.000,0.354,1.774,0.020
40100,5.000,0.354,1.771,0.020
40300,5.000,0.354,1.771,0.020
40500,5.000,0.354,1.771,0.020
40700,5.000,0.354,1.771,0.020
40900,5.000,0.354,1.771,0.020
41100,5.000,0.353,1.767,0.020
41300,5.000,0.354,1.771,0.020
41500,5.000,0.354,1.771,0.020
41700,5.000,0.354,1.771,0.021
41900,5.000,0.354,1.771,0.021
42100,5.000,0.354,1.771,0.021
42300,5.000,0.354,1.771,0.021
42500,5.000,0.354,1.771,0.021
42700,5.000,0.354,1.771,0.021
42900,5.000,0.354,1.771,0.021
43100,5.000,0.353,1.771,0.021
43300,5.000,0.354,1.774,0.021
43500,5.000,0.354,1.771,0.021
43700,5.000,0.354,1.771,0.022
43900,5.000,0.354,1.771,0.022
44100,5.000,0.354,1.771,0.022
44300,5.000,0.354,1.771,0.022
44500,5.000,0.353,1.771,0.022
44700,5.000,0.353,1.771,0.022
44900,5.000,0.353,1.767,0.022
45100,5.000,0.353,1.767,0.022
45300,5.000,0.354,1.771,0.022
45500,5.000,0.354,1.771,0.022
45700,5.000,0.354,1.771,0.023
45900,5.000,0.354,1.771,0.023
46100,5.000,0.354,1.771,0.023
46300,5.000,0.354,1.771,0.023
46500,5.000,0.354,1.771,0.023
46700,5.000,0.354,1.771,0.023
46900,5.000,0.354,1.771,0.023
47100,5.000,0.354,1.771,0.023
47300,5.000,0.354,1.771,0.023
47500,5.000,0.354,1.771,0.023
47700,5.000,0.354,1.771,0.024
47900,5.000,0.354,1.771,0.024
48100,5.000,0.354,1.771,0.024
48300,5.000,0.354,1.771,0.024
48500,5.000,0.354,1.771,0.024
48700,5.000,0.354,1.771,0.024
48900,5.000,0.353,1.771,0.024
49100,5.000,0.354,1.771,0.024
49300,5.000,0.354,1.771,0.024
49500,5.000,0.355,1.778,0.024
49700,5.000,0.354,1.774,0.025
49900,5.000,0.354,1.771,0.025
50100,5.000,0.354,1.771,0.025
50300,5.000,0.354,1.771,0.025
50500,5.000,0.354,1.771,0.025
50700,5.000,0.354,1.771,0.025
50900,5.000,0.354,1.771,0.025
51100,5.000,0.354,1.771,0.025
51300,5.000,0.354,1.771,0.025
51500,5.000,0.354,1.771,0.025
51700,5.000,0.354,1.771,0.026
51900,5.000,0.354,1.771,0.026
52100,5.000,0.354,1.771,0.026
52300,5.000,0.354,1.771,0.026
52500,5.000,0.354,1.771,0.026
52700,5.000,0.354,1.771,0.026
52900,5.000,0.354,1.771,0.026
53100,5.000,0.354,1.774,0.026
53300,5.000,0.354,1.774,0.026
53500,5.000,0.354,1.771,0.026
53700,5.000,0.354,1.771,0.027
53900,5.000,0.354,1.771,0.027
54100,5.000,0.354,1.771,0.027
54300,5.000,0.354,1.771,0.027
54500,5.000,0.354,1.771,0.027
54700,5.000,0.354,1.771,0.027
54900,5.000,0.354,1.771,0.027
55100,5.000,0.354,1.771,0.027
55300,5.000,0.354,1.771,0.027
55500,5.000,0.354,1.771,0.028
55700,5.000,0.354,1.771,0.028
55900,5.000,0.353,1.767,0.028
56100,5.000,0.354,1.771,0.028
56300,5.000,0.354,1.771,0.028
56500,5.000,0.354,1.771,0.028
56700,5.000,0.354,1.771,0.028
56900,5.000,0.354,1.771,0.028
57100,5.000,0.354,1.771,0.028
57300,5.000,0.354,1.771,0.028
57500,5.000,0.354,1.771,0.028
57700,5.000,0.354,1.771,0.029
57900,5.000,0.354,1.771,0.029
58100,5.000,0.354,1.771,0.029
58300,5.000,0.354,1.771,0.029
58500,5.000,0.354,1.771,0.029
58700,5.000,0.354,1.771,0.029
58900,5.000,0.354,1.771,0.029
59100,5.000,0.354,1.774,0.029
59300,5.000,0.353,1.771,0.029
59500,5.000,0.353,1.767,0.030
59700,5.000,0.353,1.767,0.030
59900,5.000,0.354,1.771,0.030
60100,5.000,0.354,1.771,0.030
60300,5.000,0.354,1.771,0.030
60500,5.000,0.353,1.771,0.030
60700,5.000,0.353,1.767,0.030
60900,5.000,0.354,1.771,0.030
61100,5.000,0.354,1.771,0.030
61300,5.000,0.354,1.771,0.030
61500,5.000,0.353,1.767,0.031
61700,5.000,0.354,1.771,0.031
61900,5.000,0.354,1.771,0.031
62100,5.000,0.354,1.771,0.031
62300,5.000,0.354,1.771,0.031
62500,5.000,0.354,1.771,0.031
62700,5.000,0.354,1.771,0.031
62900,5.000,0.354,1.771,0.031
63100,5.000,0.354,1.771,0.031
63300,5.000,0.354,1.774,0.031
63500,5.000,0.354,1.774,0.032
63700,5.000,0.354,1.771,0.032
63900,5.000,0.354,1.771,0.032
64100,5.000,0.355,1.778,0.032
64300,5.000,0.355,1.778,0.032
64500,5.000,0.353,1.767,0.032
64700,5.000,0.354,1.771,0.032
64900,5.000,0.353,1.767,0.032
65100,5.000,0.353,1.767,0.032
65300,5.000,0.354,1.771,0.032
65500,5.000,0.354,1.771,0.033
65700,5.000,0.355,1.774,0.033
65900,5.000,0.354,1.771,0.033
66100,5.000,0.354,1.771,0.033
66300,5.000,0.354,1.771,0.033
66500,5.000,0.354,1.771,0.033
66700,5.000,0.354,1.771,0.033
66900,5.000,0.354,1.771,0.033
67100,5.000,0.354,1.771,0.033
67300,5.000,0.354,1.771,0.033
67500,5.000,0.354,1.771,0.034
67700,5.000,0.354,1.771,0.034
67900,5.000,0.353,1.771,0.034
68100,5.000,0.354,1.771,0.034
68300,5.000,0.354,1.771,0.034
68500,5.000,0.353,1.767,0.034
68700,5.000,0.354,1.771,0.034
68900,5.000,0.354,1.771,0.034
69100,5.000,0.354,1.767,0.034
69300,5.000,0.353,1.767,0.034
69500,5.000,0.354,1.771,0.035
69700,5.000,0.354,1.774,0.035
69900,5.000,0.354,1.774,0.035
70100,5.000,0.353,1.767,0.035
70300,5.000,0.354,1.771,0.035
70500,5.000,0.363,1.820,0.035
70700,5.000,0.363,1.820,0.035
70900,5.000,0.367,1.839,0.035
71100,5.000,0.354,1.771,0.035
71300,5.000,0.354,1.771,0.035
71500,5.000,0.354,1.771,0.036
71700,5.000,0.354,1.771,0.036
71900,5.000,0.354,1.771,0.036
72100,5.000,0.354,1.771,0.036
72300,5.000,0.353,1.771,0.036
72500,5.000,0.354,1.771,0.036
72700,5.000,0.354,1.771,0.036
72900,5.000,0.354,1.771,0.036
73100,5.000,0.354,1.771,0.036
73300,5.000,0.354,1.771,0.037
73500,5.000,0.354,1.771,0.037
73700,5.000,0.354,1.771,0.037
73900,5.000,0.354,1.771,0.037
74100,5.000,0.354,1.771,0.037
74300,5.000,0.355,1.778,0.037
74500,5.000,0.355,1.778,0.037
74700,5.000,0.354,1.771,0.037
74900,5.000,0.354,1.771,0.037
75100,5.000,0.354,1.771,0.037
75300,5.000,0.354,1.771,0.038
75500,5.000,0.354,1.771,0.038
75700,5.000,0.353,1.767,0.038
75900,5.000,0.354,1.771,0.038
76100,5.000,0.354,1.771,0.038
76300,5.000,0.354,1.771,0.038
76500,5.000,0.354,1.771,0.038
76700,5.000,0.354,1.771,0.038
76900,5.000,0.354,1.771,0.038
77100,5.000,0.354,1.771,0.038
77300,5.000,0.353,1.767,0.039
77500,5.000,0.354,1.771,0.039
77700,5.000,0.354,1.771,0.039
77900,5.000,0.354,1.771,0.039
78100,5.000,0.354,1.771,0.039
78300,5.000,0.353,1.771,0.039
78500,5.000,0.353,1.771,0.039
78700,5.000,0.354,1.771,0.039
78900,5.000,0.354,1.771,0.039
79100,5.000,0.353,1.771,0.039
79300,5.000,0.353,1.771,0.040
79500,5.000,0.353,1.767,0.040
79700,5.000,0.353,1.771,0.040
79900,5.000,0.354,1.771,0.040
80100,5.000,0.353,1.771,0.040
80300,5.000,0.353,1.771,0.040
80500,5.000,0.354,1.771,0.040
80700,5.000,0.353,1.771,0.040
80900,5.000,0.353,1.771,0.040
81100,5.000,0.353,1.771,0.040
81300,5.000,0.354,1.771,0.041
81500,5.000,0.354,1.774,0.041
81700,5.000,0.354,1.774,0.041
81900,5.000,0.354,1.771,0.041
82100,5.000,0.354,1.771,0.041
82300,5.000,0.354,1.774,0.041
82500,5.000,0.355,1.774,0.041
82700,5.000,0.353,1.771,0.041
82900,5.000,0.354,1.771,0.041
83100,5.000,0.353,1.767,0.041
83300,5.000,0.353,1.767,0.042
83500,5.000,0.354,1.771,0.042
83700,5.000,0.356,1.782,0.042
83900,5.000,0.354,1.774,0.042
84100,5.000,0.354,1.774,0.042
84300,5.000,0.353,1.767,0.042
84500,5.000,0.353,1.771,0.042
84700,5.000,0.353,1.771,0.042
84900,5.000,0.353,1.771,0.042
85100,5.000,0.354,1.771,0.042
85300,5.000,0.354,1.771,0.043
85500,5.000,0.354,1.771,0.043
85700,5.000,0.354,1.771,0.043
85900,5.000,0.354,1.771,0.043
86100,5.000,0.354,1.771,0.043
86300,5.000,0.354,1.771,0.043
